LabVIEW Measurement	
Writer_Version	2
Reader_Version	2
Separator	Tab
Decimal_Separator	.
Multi_Headings	No
X_Columns	One
Time_Pref	Absolute
Operator	AlunosGDS-JT
Date	2019/10/09
Time	15:05:07.5680753937497769649
***End_of_Header***	
	
Channels	2		
Samples	2048	2048	
Date	2019/10/09	2019/10/09	
Time	15:05:37.3123332062497767523	15:05:37.3123332062497767523	
Y_Unit_Label	g	Newtons	
X_Dimension	Time	Time	
X0	0.0000000000000000E+0	0.0000000000000000E+0	
Delta_X	0.000605	0.000605	
***End_of_Header***			
X_Value	Acceleration (Trigger)	Force (Trigger)	Comment
0.000000	0.111633	-3.797522
0.000605	-0.186039	-10.716621
0.001211	-0.613716	-17.326095
0.001816	-0.910174	-24.209405
0.002422	-1.175650	-31.016530
0.003027	-1.503090	-37.552258
0.003633	-1.849362	-44.081208
0.004238	-2.179232	-50.417660
0.004844	-2.486018	-56.613670
0.005449	-2.717473	-62.607963
0.006055	-3.046736	-68.445545
0.006660	-3.300669	-74.069211
0.007266	-3.612922	-79.398706
0.007871	-3.778160	-84.419933
0.008477	-4.063076	-89.264929
0.009082	-4.259297	-94.047837
0.009687	-4.492575	-98.032826
0.010293	-4.739826	-101.983382
0.010898	-4.809080	-105.627567
0.011504	-5.002264	-108.790235
0.012109	-5.115866	-111.680694
0.012715	-5.262272	-114.166364
0.013320	-5.350359	-116.294420
0.013926	-5.399566	-118.032600
0.014531	-5.475503	-119.409913
0.015137	-5.482793	-120.403313
0.015742	-5.498588	-121.003854
0.016348	-5.527140	-121.088174
0.016953	-5.440876	-120.903267
0.017559	-5.427511	-120.399788
0.018164	-5.406856	-119.156682
0.018770	-5.355826	-117.788046
0.019375	-5.160820	-116.035225
0.019980	-5.090351	-113.800888
0.020586	-4.977964	-111.278345
0.021191	-4.822445	-108.377312
0.021797	-4.677254	-105.113244
0.022402	-4.509585	-101.517590
0.023008	-4.268409	-97.544259
0.023613	-4.080693	-93.303871
0.024219	-3.878397	-88.777447
0.024824	-3.570397	-83.890427
0.025430	-3.343801	-78.733096
0.026035	-3.062531	-73.586338
0.026641	-2.777008	-67.789153
0.027246	-2.448353	-61.809230
0.027852	-2.205355	-55.868620
0.028457	-1.868802	-49.599678
0.029062	-1.563839	-43.244518
0.029668	-1.283784	-36.674357
0.030273	-0.884659	-30.036685
0.030879	-0.541424	-23.220885
0.031484	-0.196974	-16.400476
0.032090	0.109203	-9.550243
0.032695	0.429961	-2.690520
0.033301	0.836983	4.251624
0.033906	1.153488	11.232810
0.034512	1.448731	17.913319
0.035117	1.825986	24.776837
0.035723	2.135201	31.713288
0.036328	2.439556	38.237629
0.036934	2.762744	44.712626
0.037539	3.129064	51.062905
0.038145	3.470476	57.252407
0.038750	3.648472	63.181901
0.039355	4.012969	68.966886
0.039961	4.262650	74.557746
0.040566	4.525088	79.909202
0.041172	4.743787	84.901690
0.041777	5.006832	89.621155
0.042383	5.202446	94.263892
0.042988	5.443621	98.351908
0.043594	5.591850	102.077159
0.044199	5.783211	105.767978
0.044805	5.901066	108.969687
0.045410	6.052332	111.782605
0.046016	6.140419	114.276679
0.046621	6.240656	116.395247
0.047227	6.292900	118.058867
0.047832	6.432017	119.408525
0.048438	6.427157	120.378338
0.049043	6.460569	120.940108
0.049648	6.435054	121.060487
0.050254	6.445382	120.709381
0.050859	6.403464	120.263923
0.051465	6.356687	119.282723
0.052070	6.255843	117.710743
0.052676	6.156821	116.103788
0.053281	6.066912	114.041343
0.053887	5.924758	111.417129
0.054492	5.792324	108.565983
0.055098	5.634375	105.406840
0.055703	5.422359	101.882763
0.056309	5.220671	97.938714
0.056914	5.068797	93.750653
0.057520	4.811219	89.255679
0.058125	4.559715	84.487411
0.058730	4.308212	79.344178
0.059336	4.023297	74.020377
0.059941	3.740204	68.598699
0.060547	3.404259	62.627723
0.061152	3.122381	56.630448
0.061758	2.872700	50.595486
0.062363	2.503343	44.265541
0.062969	2.149781	37.727915
0.063574	1.870940	31.127930
0.064180	1.528313	24.444981
0.064785	1.216668	17.699402
0.065391	0.852778	10.799282
0.065996	0.482206	3.939559
0.066602	0.208833	-2.937244
0.067207	-0.173282	-9.906501
0.067812	-0.534742	-16.810416
0.068418	-0.850640	-23.378409
0.069023	-1.216352	-30.244638
0.069629	-1.481220	-36.878785
0.070234	-1.792258	-43.356493
0.070840	-2.105118	-49.725751
0.071445	-2.414941	-55.946432
0.072051	-2.729016	-62.018267
0.072656	-2.973836	-67.857747
0.073262	-3.260574	-73.501205
0.073867	-3.454365	-78.880316
0.074473	-3.780590	-84.067742
0.075078	-3.972559	-88.766602
0.075684	-4.193080	-93.473053
0.076289	-4.419676	-97.876116
0.076895	-4.598887	-101.533315
0.077500	-4.775668	-105.179669
0.078105	-4.993151	-108.530226
0.078711	-5.050864	-111.418245
0.079316	-5.222785	-113.912320
0.079922	-5.305404	-116.128221
0.080527	-5.388631	-117.910323
0.081133	-5.495550	-119.334540
0.081738	-5.498588	-120.362102
0.082344	-5.532608	-120.986773
0.082949	-5.480970	-121.276876
0.083555	-5.488260	-121.018223
0.084160	-5.456063	-120.423647
0.084766	-5.388024	-119.689984
0.085371	-5.341246	-118.151081
0.085977	-5.259235	-116.325329
0.086582	-5.158390	-114.179649
0.087188	-5.027779	-111.708620
0.087793	-4.874690	-108.843375
0.088398	-4.691226	-105.622958
0.089004	-4.523557	-102.080444
0.089609	-4.317009	-98.136667
0.090215	-4.092843	-93.870251
0.090820	-3.851060	-89.366330
0.091426	-3.594697	-84.648491
0.092031	-3.360811	-79.476790
0.092637	-3.125710	-73.979198
0.093242	-2.860235	-68.594393
0.093848	-2.595367	-62.791243
0.094453	-2.268534	-56.580593
0.095059	-2.020068	-50.406815
0.095664	-1.693236	-44.029153
0.096270	-1.400423	-37.554698
0.096875	-1.019523	-30.888288
0.097480	-0.735823	-24.155452
0.098086	-0.393803	-17.327180
0.098691	-0.062718	-10.474506
0.099297	0.260470	-3.526397
0.099902	0.666884	3.300790
0.100508	0.977314	10.188709
0.101113	1.296250	17.188061
0.101719	1.640700	23.852031
0.102324	1.952952	30.582698
0.102930	2.273102	37.378978
0.103535	2.576850	43.888136
0.104141	2.923123	50.228112
0.104746	3.189813	56.422766
0.105352	3.464401	62.462337
0.105957	3.766326	68.220209
0.106563	3.998390	73.800495
0.107168	4.309427	79.168490
0.107773	4.505041	84.273223
0.108379	4.743179	89.036068
0.108984	4.975850	93.500405
0.109590	5.211558	97.920277
0.110195	5.368899	101.666676
0.110801	5.508623	105.122701
0.111406	5.703630	108.492779
0.112012	5.854288	111.415773
0.112617	5.962423	113.848574
0.113223	6.041397	115.997507
0.113828	6.157429	117.817024
0.114434	6.230936	119.185932
0.115039	6.278928	120.142459
0.115645	6.334210	120.722124
0.116250	6.337855	121.051540
0.116855	6.346967	120.766859
0.117461	6.275283	120.105586
0.118066	6.200561	119.320952
0.118672	6.178084	118.018741
0.119277	6.099717	116.199224
0.119883	5.970320	114.151962
0.120488	5.896813	111.703436
0.121094	5.794146	108.840632
0.121699	5.584560	105.697214
0.122305	5.402919	102.205401
0.122910	5.229176	98.341334
0.123516	5.042674	94.147308
0.124121	4.829443	89.649623
0.124727	4.648410	85.012037
0.125332	4.370784	79.987015
0.125938	4.133861	74.492133
0.126543	3.875676	69.104075
0.127148	3.597443	63.438656
0.127754	3.270610	57.348114
0.128359	2.980835	51.291463
0.128965	2.636385	45.028215
0.129570	2.381844	38.520141
0.130176	2.051974	31.893043
0.130781	1.709347	25.228802
0.131387	1.404384	18.528229
0.131992	1.063579	11.633261
0.132598	0.690577	4.696810
0.133203	0.378931	-2.225000
0.133809	0.077006	-8.991726
0.134414	-0.322118	-16.013852
0.135020	-0.549322	-22.685414
0.135625	-0.945409	-29.300311
0.136230	-1.258269	-36.076527
0.136836	-1.538325	-42.613611
0.137441	-1.877914	-48.979616
0.138047	-2.162222	-55.228223
0.138652	-2.465970	-61.328797
0.139258	-2.743596	-67.168820
0.139863	-3.049773	-72.805771
0.140469	-3.300669	-78.178104
0.141074	-3.578294	-83.436293
0.141680	-3.812180	-88.343377
0.142285	-4.026019	-92.794428
0.142891	-4.242895	-97.286691
0.143496	-4.423928	-101.273035
0.144102	-4.653561	-104.662364
0.144707	-4.813333	-107.970625
0.145313	-4.939692	-111.052498
0.145918	-5.094603	-113.620861
0.146523	-5.176008	-115.816157
0.147129	-5.301152	-117.679596
0.147734	-5.368584	-119.148006
0.148340	-5.389846	-120.237927
0.148945	-5.445736	-120.871545
0.149551	-5.405033	-121.186050
0.150156	-5.424473	-121.114202
0.150762	-5.395314	-120.391383
0.151367	-5.316339	-119.585601
0.151973	-5.276244	-118.368252
0.152578	-5.206382	-116.480683
0.153184	-5.144418	-114.388957
0.153789	-4.963384	-111.948023
0.154395	-4.850998	-109.136190
0.155000	-4.750153	-105.967286
0.155605	-4.542997	-102.431822
0.156211	-4.329159	-98.560163
0.156816	-4.152378	-94.428496
0.157422	-3.951904	-89.873061
0.158027	-3.739888	-85.186402
0.158633	-3.489600	-80.224010
0.159238	-3.210152	-74.677886
0.159844	-2.945284	-69.201441
0.160449	-2.648219	-63.571810
0.161055	-2.384566	-57.356009
0.161660	-2.069883	-51.157288
0.162266	-1.743050	-44.791555
0.162871	-1.379768	-38.313576
0.163477	-1.087563	-31.664246
0.164082	-0.783815	-24.924090
0.164687	-0.439365	-18.114796
0.165293	-0.131365	-11.245042
0.165898	0.262292	-4.373662
0.166504	0.574545	2.561433
0.167109	0.950585	9.324093
0.167715	1.221528	16.371705
0.168320	1.548968	23.186963
0.168926	1.868510	29.790743
0.169531	2.186838	36.521139
0.170137	2.517923	43.063917
0.170742	2.813773	49.474115
0.171348	3.144251	55.639487
0.171953	3.440709	61.699392
0.172559	3.722587	67.524232
0.173164	3.986240	73.098824
0.173770	4.277838	78.474953
0.174375	4.507471	83.609510
0.174980	4.714627	88.477822
0.175586	4.938185	92.883868
0.176191	5.188473	97.287201
0.176797	5.341562	101.296591
0.177402	5.560261	104.740144
0.178008	5.693910	108.091515
0.178613	5.836671	111.027252
0.179219	5.953310	113.595886
0.179824	6.059014	115.757291
0.180430	6.101539	117.600667
0.181035	6.231543	118.977437
0.181641	6.260095	120.022080
0.182246	6.315377	120.631568
0.182852	6.337855	120.909742
0.183457	6.267993	120.810781
0.184062	6.301405	120.139206
0.184668	6.226683	119.305769
0.185273	6.114904	118.168401
0.185879	6.062052	116.408261
0.186484	5.973358	114.298369
0.187090	5.860363	111.890783
0.187695	5.676900	109.086542
0.188301	5.574840	105.958307
0.188906	5.341562	102.516381
0.189512	5.240110	98.719553
0.190117	5.044497	94.560773
0.190723	4.841593	90.101045
0.191328	4.566398	85.386731
0.191934	4.296670	80.494831
0.192539	4.035447	75.095114
0.193145	3.797309	69.508864
0.193750	3.488701	63.974941
0.194355	3.167943	57.968990
0.194961	2.907935	51.839135
0.195566	2.678909	45.623875
0.196172	2.307122	39.156741
0.196777	1.977252	32.525848
0.197383	1.642522	25.835307
0.197988	1.325409	19.076443
0.198594	0.970632	12.278266
0.199199	0.699689	5.372453
0.199805	0.322434	-1.611445
0.200410	0.010789	-8.350517
0.201016	-0.291744	-15.310555
0.201621	-0.636194	-22.183292
0.202227	-0.967279	-28.671031
0.202832	-1.277709	-35.388684
0.203437	-1.614261	-41.998430
0.204043	-1.947169	-48.381786
0.204648	-2.254562	-54.618464
0.205254	-2.524290	-60.698161
0.205859	-2.789158	-66.592680
0.206465	-3.147580	-72.342690
0.207070	-3.408196	-77.713667
0.207676	-3.624464	-82.852833
0.208281	-3.839518	-87.898190
0.208887	-4.094058	-92.430850
0.209492	-4.245932	-96.795142
0.210098	-4.488323	-100.991608
0.210703	-4.655384	-104.493453
0.211309	-4.812725	-107.715226
0.211914	-4.993759	-110.781103
0.212520	-5.112828	-113.437852
0.213125	-5.159605	-115.640197
0.213730	-5.289002	-117.540780
0.214336	-5.315124	-119.018680
0.214941	-5.367369	-120.155776
0.215547	-5.415361	-120.859887
0.216152	-5.414753	-121.157039
0.216758	-5.405033	-121.125860
0.217363	-5.380734	-120.524506
0.217969	-5.369191	-119.648773
0.218574	-5.318769	-118.587592
0.219180	-5.239795	-116.730389
0.219785	-5.100678	-114.640561
0.220391	-4.920860	-112.271474
0.220996	-4.841885	-109.477265
0.221602	-4.702769	-106.335202
0.222207	-4.553325	-102.859385
0.222812	-4.347384	-99.048187
0.223418	-4.098311	-94.826778
0.224023	-3.926997	-90.417208
0.224629	-3.694326	-85.629420
0.225234	-3.424598	-80.748907
0.225840	-3.192535	-75.369795
0.226445	-2.884535	-69.671842
0.227051	-2.600227	-64.153644
0.227656	-2.289796	-58.080996
0.228262	-1.987871	-51.813681
0.228867	-1.656179	-45.441711
0.229473	-1.349393	-38.993014
0.230078	-1.031673	-32.379744
0.230684	-0.730355	-25.624947
0.231289	-0.358568	-18.819178
0.231895	-0.039026	-11.996600
0.232500	0.281125	-5.130913
0.233105	0.628612	1.836175
0.233711	0.988249	8.627032
0.234316	1.309614	15.569176
0.234922	1.630372	22.566359
0.235527	1.977252	29.142214
0.236133	2.311982	35.820825
0.236738	2.591430	42.366043
0.237344	2.920085	48.810131
0.237949	3.200748	55.019697
0.238555	3.491738	61.063605
0.239160	3.771186	66.967071
0.239766	4.125356	72.593448
0.240371	4.358027	77.943278
0.240977	4.638082	83.097085
0.241582	4.831266	88.006879
0.242187	5.018982	92.492635
0.242793	5.275345	96.766913
0.243398	5.425397	100.961753
0.244004	5.574840	104.437298
0.244609	5.729144	107.722243
0.245215	5.853073	110.698378
0.245820	5.942983	113.260505
0.246426	6.091819	115.510296
0.247031	6.119156	117.335778
0.247637	6.221823	118.793615
0.248242	6.260095	119.873233
0.248848	6.304443	120.581952
0.249453	6.325705	120.843858
0.250059	6.294115	120.796412
0.250664	6.244301	120.214307
0.251270	6.220001	119.248019
0.251875	6.105184	118.257059
0.252480	6.054154	116.615671
0.253086	5.924758	114.487886
0.253691	5.833026	112.146996
0.254297	5.673862	109.396980
0.254902	5.511053	106.301280
0.255508	5.357357	102.863149
0.256113	5.127116	99.121359
0.256719	4.932718	94.981558
0.257324	4.742572	90.571175
0.257930	4.442469	85.824869
0.258535	4.286342	80.966588
0.259141	3.958295	75.686708
0.259746	3.694642	69.971403
0.260352	3.442531	64.431786
0.260957	3.109624	58.610741
0.261562	2.834428	52.412021
0.262168	2.499698	46.179681
0.262773	2.164361	39.740201
0.263379	1.870333	33.133980
0.263984	1.558080	26.461063
0.264590	1.233678	19.736632
0.265195	0.871610	12.960144
0.265801	0.566040	6.033454
0.266406	0.293274	-0.963457
0.267012	-0.020801	-7.773564
0.267617	-0.443010	-14.530801
0.268223	-0.727925	-21.509818
0.268828	-1.017701	-28.240756
0.269434	-1.394348	-34.771062
0.270039	-1.678048	-41.371047
0.270645	-2.032218	-47.818389
0.271250	-2.322601	-54.059134
0.271855	-2.634246	-60.136391
0.272461	-2.902759	-66.112519
0.273066	-3.140898	-71.831620
0.273672	-3.420346	-77.256822
0.274277	-3.642081	-82.397886
0.274883	-3.892977	-87.415317
0.275488	-4.059431	-92.183585
0.276094	-4.248969	-96.331248
0.276699	-4.510193	-100.488943
0.277305	-4.645664	-104.311800
0.277910	-4.807258	-107.471214
0.278516	-4.993759	-110.520281
0.279121	-5.080631	-113.200618
0.279727	-5.189373	-115.492705
0.280332	-5.263487	-117.378105
0.280938	-5.321199	-118.926498
0.281543	-5.410501	-120.135171
0.282148	-5.425081	-120.878052
0.282754	-5.455456	-121.187405
0.283359	-5.418398	-121.173036
0.283965	-5.389846	-120.821658
0.284570	-5.337601	-119.762375
0.285176	-5.270169	-118.639105
0.285781	-5.215495	-117.075530
0.286387	-5.072126	-114.963199
0.286992	-4.961562	-112.543954
0.287598	-4.840063	-109.866599
0.288203	-4.690619	-106.729959
0.288809	-4.448836	-103.290202
0.289414	-4.323691	-99.448909
0.290020	-4.066113	-95.375263
0.290625	-3.892977	-90.941834
0.291230	-3.663344	-86.216133
0.291836	-3.448290	-81.189213
0.292441	-3.149403	-76.062248
0.293047	-2.928274	-70.393033
0.293652	-2.572282	-64.529965
0.294258	-2.330499	-58.716241
0.294863	-2.049836	-52.528365
0.295469	-1.655571	-46.127114
0.296074	-1.390096	-39.687093
0.296680	-1.109433	-33.139164
0.297285	-0.719421	-26.424764
0.297891	-0.382868	-19.591883
0.298496	-0.060895	-12.720231
0.299102	0.298742	-5.881928
0.299707	0.635902	1.036358
0.300312	0.946940	8.017815
0.300918	1.319942	14.717032
0.301523	1.655279	21.665412
0.302129	1.933512	28.620570
0.302734	2.268242	35.160636
0.303340	2.604795	41.666270
0.303945	2.938310	48.131235
0.304551	3.208038	54.395568
0.305156	3.480803	60.409111
0.305762	3.810673	66.296851
0.306367	4.043952	71.980707
0.306973	4.311250	77.379339
0.307578	4.563968	82.468889
0.308184	4.788741	87.395493
0.308789	5.029309	92.085677
0.309395	5.183613	96.253946
0.310000	5.395022	100.282314
0.310605	5.613720	104.131741
0.311211	5.758304	107.409094
0.311816	5.938730	110.354321
0.312422	6.003732	112.998598
0.313027	6.151354	115.300446
0.313633	6.231543	117.156022
0.314238	6.297153	118.634736
0.314844	6.367015	119.827684
0.315449	6.345145	120.531523
0.316055	6.332995	120.840334
0.316660	6.353042	120.710194
0.317266	6.326312	120.398943
0.317871	6.241871	119.455430
0.318477	6.214533	118.158912
0.319082	6.130699	116.832842
0.319688	5.975180	114.787478
0.320293	5.869476	112.375825
0.320898	5.756482	109.678678
0.321504	5.550541	106.594365
0.322109	5.428434	103.212086
0.322715	5.241933	99.489546
0.323320	4.999542	95.370622
0.323926	4.775376	90.971355
0.324531	4.560930	86.329160
0.325137	4.378074	81.368394
0.325742	4.034839	76.226788
0.326348	3.839833	70.785861
0.326953	3.540338	64.905440
0.327559	3.223833	59.121811
0.328164	2.910973	53.143786
0.328770	2.638207	46.891925
0.329375	2.325347	40.396323
0.329980	1.975430	33.857070
0.330586	1.614577	27.203131
0.331191	1.312044	20.478157
0.331797	0.985212	13.633347
0.332402	0.670529	6.759797
0.333008	0.326079	-0.116735
0.333613	-0.040241	-7.182783
0.334219	-0.331838	-13.867901
0.334824	-0.696943	-20.661198
0.335430	-1.026813	-27.634251
0.336035	-1.312944	-34.207394
0.336641	-1.690806	-40.736074
0.337246	-1.998806	-47.176366
0.337852	-2.285544	-53.438530
0.338457	-2.582002	-59.567572
0.339062	-2.826822	-65.519569
0.339668	-3.123280	-71.252227
0.340273	-3.380251	-76.699933
0.340879	-3.591659	-81.902813
0.341484	-3.880220	-86.850565
0.342090	-4.066113	-91.741381
0.342695	-4.247147	-96.001290
0.343301	-4.475565	-100.007697
0.343906	-4.640197	-103.946324
0.344512	-4.846138	-107.295254
0.345117	-4.970674	-110.294434
0.345723	-5.124371	-113.021676
0.346328	-5.244655	-115.388322
0.346934	-5.312694	-117.340419
0.347539	-5.414146	-118.891794
0.348145	-5.429941	-120.080675
0.348750	-5.440268	-120.898658
0.349355	-5.466390	-121.280130
0.349961	-5.449381	-121.273623
0.350566	-5.485223	-121.011988
0.351172	-5.443306	-120.081488
0.351777	-5.389846	-118.821301
0.352383	-5.333956	-117.344757
0.352988	-5.157175	-115.365005
0.353594	-5.099463	-112.953624
0.354199	-4.984039	-110.273828
0.354805	-4.829735	-107.185991
0.355410	-4.635337	-103.774160
0.356016	-4.439723	-100.023151
0.356621	-4.276914	-95.949505
0.357227	-4.092236	-91.531530
0.357832	-3.806105	-86.864663
0.358438	-3.575864	-81.835303
0.359043	-3.295809	-76.711862
0.359648	-3.061316	-71.205865
0.360254	-2.755138	-65.288300
0.360859	-2.434380	-59.466442
0.361465	-2.161615	-53.369665
0.362070	-1.882167	-46.984410
0.362676	-1.524960	-40.501009
0.363281	-1.182332	-33.936270
0.363887	-0.876154	-27.238951
0.364492	-0.553574	-20.419626
0.365098	-0.237677	-13.574545
0.365703	0.168738	-6.734885
0.366309	0.478561	0.181502
0.366914	0.830301	7.188987
0.367520	1.101851	13.889017
0.368125	1.463311	20.726236
0.368730	1.833883	27.732095
0.369336	2.151603	34.299816
0.369941	2.436519	40.807348
0.370547	2.786436	47.352837
0.371152	3.075604	53.604427
0.371758	3.348977	59.654300
0.372363	3.673380	65.529298
0.372969	3.952220	71.256262
0.373574	4.234098	76.707492
0.374180	4.484994	81.839880
0.374785	4.736497	86.781125
0.375391	4.962485	91.562406
0.375996	5.134406	95.782460
0.376602	5.372544	99.785885
0.377207	5.554186	103.691977
0.377812	5.716387	107.032231
0.378418	5.890738	110.040358
0.379023	6.023780	112.686263
0.379629	6.145886	115.021459
0.380234	6.257665	116.955932
0.380840	6.294115	118.481279
0.381445	6.394959	119.656062
0.382051	6.394352	120.420362
0.382656	6.461176	120.791531
0.383262	6.439914	120.704229
0.383867	6.414399	120.389454
0.384473	6.333602	119.633830
0.385078	6.303835	118.300981
0.385684	6.220001	116.968946
0.386289	6.096072	115.037726
0.386895	5.986115	112.681925
0.387500	5.910178	109.986676
0.388105	5.682367	106.981802
0.388711	5.546288	103.676252
0.389316	5.380442	99.919008
0.389922	5.189081	95.886030
0.390527	4.980102	91.599551
0.391133	4.749862	86.895540
0.391738	4.534808	81.933960
0.392344	4.229845	76.858237
0.392949	3.963762	71.457978
0.393555	3.666697	65.508421
0.394160	3.362949	59.729130
0.394766	3.068921	53.856843
0.395371	2.776716	47.564314
0.395977	2.496053	41.161707
0.396582	2.157071	34.605373
0.397187	1.799256	27.924864
0.397793	1.507051	21.195282
0.398398	1.141338	14.413914
0.399004	0.846095	7.531417
0.399609	0.522908	0.696910
0.400215	0.147476	-6.373748
0.400820	-0.174497	-13.114175
0.401426	-0.511050	-19.771910
0.402031	-0.853677	-26.747673
0.402637	-1.156210	-33.501657
0.403242	-1.478790	-39.917278
0.403848	-1.888242	-46.413964
0.404453	-2.074743	-52.705409
0.405059	-2.414941	-58.861292
0.405664	-2.725371	-64.840402
0.406270	-2.957434	-70.578211
0.406875	-3.315856	-76.121624
0.407480	-3.510255	-81.398521
0.408086	-3.769656	-86.338410
0.408691	-4.017514	-91.191811
0.409297	-4.204015	-95.730707
0.409902	-4.413601	-99.597215
0.410508	-4.642019	-103.523640
0.411113	-4.751976	-106.962042
0.411719	-4.956702	-110.071027
0.412324	-5.076986	-112.785526
0.412930	-5.186943	-115.195281
0.413535	-5.278067	-117.133280
0.414141	-5.338816	-118.724510
0.414746	-5.380126	-119.982799
0.415352	-5.445736	-120.828436
0.415957	-5.479755	-121.331643
0.416563	-5.459708	-121.276876
0.417168	-5.445128	-120.969692
0.417773	-5.416576	-120.368609
0.418379	-5.397136	-119.033049
0.418984	-5.319984	-117.467034
0.419590	-5.267739	-115.690084
0.420195	-5.152315	-113.382543
0.420801	-5.012591	-110.683769
0.421406	-4.836418	-107.660730
0.422012	-4.707021	-104.308817
0.422617	-4.501688	-100.595766
0.423223	-4.274484	-96.478198
0.423828	-4.092236	-92.165419
0.424434	-3.838303	-87.564436
0.425039	-3.637222	-82.529924
0.425645	-3.320716	-77.291797
0.426250	-3.085008	-71.962302
0.426855	-2.773363	-66.108723
0.427461	-2.529150	-60.059392
0.428066	-2.246664	-54.033920
0.428672	-1.933197	-47.746270
0.429277	-1.618514	-41.292964
0.429883	-1.319019	-34.692436
0.430488	-0.969101	-28.029550
0.431094	-0.662923	-21.239778
0.431699	-0.305716	-14.420724
0.432305	-0.007436	-7.523858
0.432910	0.290844	-0.666033
0.433516	0.621322	6.209143
0.434121	0.996754	13.201445
0.434727	1.327839	19.817969
0.435332	1.651027	26.705617
0.435937	1.944447	33.526298
0.436543	2.293757	40.023526
0.437148	2.588393	46.491203
0.437754	2.957750	52.774243
0.438359	3.271825	58.912503
0.438965	3.508748	64.802684
0.439570	3.766934	70.499553
0.440176	4.088906	76.001755
0.440781	4.353774	81.240695
0.441387	4.553033	86.151303
0.441992	4.794816	90.839317
0.442598	5.064544	95.411020
0.443203	5.268055	99.253668
0.443809	5.405957	103.021757
0.444414	5.573018	106.622833
0.445020	5.672040	109.639365
0.445625	5.832419	112.305062
0.446230	5.964853	114.704785
0.446836	6.052939	116.636005
0.447441	6.108222	118.206359
0.448047	6.213926	119.380057
0.448652	6.275283	120.204276
0.449258	6.257665	120.720226
0.449863	6.263133	120.644040
0.450469	6.286218	120.222983
0.451074	6.182943	119.686970
0.451680	6.183551	118.431392
0.452285	6.088174	116.893031
0.452891	6.030462	115.194707
0.453496	5.881018	112.910754
0.454102	5.816016	110.231230
0.454707	5.679937	107.266212
0.455313	5.506801	103.995907
0.455918	5.327590	100.313765
0.456523	5.108891	96.305188
0.457129	4.924820	91.957706
0.457734	4.667850	87.464901
0.458340	4.409057	82.557818
0.458945	4.199471	77.263840
0.459551	3.916378	72.068009
0.460156	3.633892	66.284922
0.460762	3.393932	60.354072
0.461367	3.078034	54.440032
0.461973	2.746341	48.225586
0.462578	2.462033	41.832469
0.463184	2.163753	35.269628
0.463789	1.813836	28.658798
0.464395	1.497938	21.949279
0.465000	1.188115	15.161405
0.465605	0.816328	8.254507
0.466211	0.548423	1.391802
0.466816	0.157195	-5.511029
0.467422	-0.114355	-12.484353
0.468027	-0.441795	-19.066986
0.468633	-0.794750	-25.909899
0.469238	-1.102143	-32.700484
0.469844	-1.456920	-39.247600
0.470449	-1.731508	-45.658340
0.471055	-1.998806	-51.965511
0.471660	-2.359051	-58.159622
0.472266	-2.670696	-64.151204
0.472871	-2.891217	-69.909618
0.473477	-3.170665	-75.423207
0.474082	-3.425813	-80.747551
0.474687	-3.671849	-85.712384
0.475293	-3.924567	-90.502884
0.475898	-4.113498	-95.154025
0.476504	-4.246540	-99.150672
0.477109	-4.507155	-102.926624
0.477715	-4.673609	-106.526616
0.478320	-4.822445	-109.637228
0.478926	-4.947589	-112.428998
0.479531	-5.058154	-114.844446
0.480137	-5.141380	-116.904722
0.480742	-5.251337	-118.538518
0.481348	-5.274422	-119.851575
0.481953	-5.315124	-120.727307
0.482559	-5.345499	-121.261964
0.483164	-5.285964	-121.309411
0.483770	-5.300544	-120.879408
0.484375	-5.241010	-120.350173
0.484980	-5.240402	-119.224192
0.485586	-5.132268	-117.512041
0.486191	-5.066658	-115.723161
0.486797	-4.928149	-113.485028
0.487402	-4.847353	-110.847799
0.488008	-4.696086	-107.867327
0.488613	-4.515053	-104.544424
0.489219	-4.366824	-100.833000
0.489824	-4.154200	-96.818188
0.490430	-3.971952	-92.518695
0.491035	-3.721663	-87.970309
0.491641	-3.484740	-83.086814
0.492246	-3.256929	-77.763283
0.492852	-2.985986	-72.441650
0.493457	-2.711398	-66.856484
0.494063	-2.421015	-60.777059
0.494668	-2.173157	-54.706580
0.495273	-1.846932	-48.431402
0.495879	-1.565662	-42.040725
0.496484	-1.240044	-35.435318
0.497090	-0.877977	-28.740168
0.497695	-0.572407	-21.947413
0.498301	-0.234639	-15.123479
0.498906	0.059996	-8.200856
0.499512	0.390474	-1.360926
0.500117	0.746466	5.496085
0.500723	1.068439	12.529328
0.501328	1.401346	19.330487
0.501934	1.699019	25.961380
0.502539	2.045292	32.846046
0.503145	2.332029	39.465823
0.503750	2.615122	45.857585
0.504355	2.898215	52.151199
0.504961	3.223225	58.287561
0.505566	3.483841	64.213259
0.506172	3.754176	69.920702
0.506777	4.054887	75.397961
0.507383	4.263865	80.704953
0.507988	4.524481	85.641588
0.508594	4.756544	90.243928
0.509199	4.947298	94.834338
0.509805	5.182398	98.927234
0.510410	5.325767	102.497944
0.511016	5.526848	106.076788
0.511621	5.656245	109.305882
0.512227	5.829381	112.046951
0.512832	5.929618	114.383774
0.513437	5.991582	116.468722
0.514043	6.084529	118.088420
0.514648	6.139811	119.337219
0.515254	6.117941	120.164420
0.515859	6.174439	120.643226
0.516465	6.187196	120.757641
0.517070	6.139204	120.241962
0.517676	6.100932	119.687241
0.518281	6.038360	118.683809
0.518887	5.978217	117.040252
0.519492	5.907141	115.216397
0.520098	5.825736	113.064753
0.520703	5.641665	110.444605
0.521309	5.487969	107.469284
0.521914	5.370722	104.198709
0.522520	5.186043	100.587601
0.523125	5.006225	96.615084
0.523730	4.753507	92.315862
0.524336	4.610138	87.787539
0.524941	4.376252	83.081088
0.525547	4.143581	77.799040
0.526152	3.903013	72.417488
0.526758	3.582863	66.968427
0.527363	3.354444	61.019412
0.527969	2.949245	54.996922
0.528574	2.724472	48.931866
0.529180	2.366657	42.575080
0.529785	2.053189	35.982957
0.530391	1.675934	29.340677
0.530996	1.395271	22.638749
0.531602	1.076336	15.891001
0.532207	0.729456	8.960244
0.532813	0.433606	2.075307
0.533418	0.080044	-4.773842
0.534023	-0.221274	-11.749605
0.534629	-0.563294	-18.685785
0.535234	-0.911389	-25.181116
0.535840	-1.218174	-31.981191
0.536445	-1.485472	-38.637027
0.537051	-1.798333	-45.091419
0.537656	-2.140960	-51.410790
0.538262	-2.427090	-57.545254
0.538867	-2.681024	-63.573166
0.539473	-2.974444	-69.343781
0.540078	-3.232022	-74.888549
0.540684	-3.384503	-80.153246
0.541289	-3.681569	-85.266113
0.541895	-3.938539	-89.944096
0.542500	-4.129900	-94.562974
0.543105	-4.369254	-98.840506
0.543711	-4.553325	-102.507466
0.544316	-4.742256	-105.964846
0.544922	-4.897775	-109.248707
0.545527	-4.984647	-112.057286
0.546133	-5.125586	-114.517741
0.546738	-5.257412	-116.644171
0.547344	-5.325452	-118.355509
0.547949	-5.383771	-119.682393
0.548555	-5.431763	-120.602861
0.549160	-5.400173	-121.120709
0.549766	-5.406248	-121.336795
0.550371	-5.388631	-120.946104
0.550977	-5.337601	-120.308419
0.551582	-5.277459	-119.408015
0.552187	-5.207597	-117.719993
0.552793	-5.055116	-115.793111
0.553398	-4.974319	-113.651769
0.554004	-4.829735	-111.065783
0.554609	-4.734966	-108.152008
0.555215	-4.503510	-104.795757
0.555820	-4.282989	-101.146963
0.556426	-4.122003	-97.158449
0.557031	-3.931249	-92.850280
0.557637	-3.701616	-88.278307
0.558242	-3.445253	-83.527933
0.558848	-3.218050	-78.249409
0.559453	-2.998744	-72.775676
0.560059	-2.699856	-67.315769
0.560664	-2.438633	-61.391156
0.561270	-2.137923	-55.189724
0.561875	-1.786790	-48.959281
0.562480	-1.540147	-42.597073
0.563086	-1.224249	-36.026369
0.563691	-0.816620	-29.337997
0.564297	-0.513480	-22.629563
0.564902	-0.198797	-15.752217
0.565508	0.147476	-8.870805
0.566113	0.499823	-1.926763
0.566719	0.866750	4.912354
0.567324	1.219098	11.846907
0.567930	1.531350	18.820502
0.568535	1.860005	25.392290
0.569141	2.138238	32.199685
0.569746	2.485726	38.930623
0.570352	2.765174	45.401282
0.570957	3.026397	51.689474
0.571562	3.342294	57.828005
0.572168	3.662445	63.809013
0.572773	3.945537	69.528656
0.573379	4.178816	75.065291
0.573984	4.455834	80.337850
0.574590	4.650232	85.401101
0.575195	4.892623	90.025401
0.575801	5.114359	94.426837
0.576406	5.327590	98.784351
0.577012	5.491006	102.433417
0.577617	5.715172	105.811629
0.578223	5.825129	109.050211
0.578828	5.951488	111.891326
0.579434	6.038967	114.261225
0.580039	6.144064	116.328008
0.580645	6.209673	118.017927
0.581250	6.293508	119.262931
0.581855	6.317200	120.175536
0.582461	6.367622	120.699349
0.583066	6.355472	120.889679
0.583672	6.360332	120.556466
0.584277	6.311733	119.744177
0.584883	6.261310	118.946800
0.585488	6.199953	117.476491
0.586094	6.076632	115.606817
0.586699	5.946020	113.476049
0.587305	5.841531	110.894401
0.587910	5.630123	107.944023
0.588516	5.503156	104.727944
0.589121	5.311795	101.142322
0.589727	5.169033	97.227554
0.590332	4.903558	92.909624
0.590938	4.681215	88.312165
0.591543	4.444291	83.618999
0.592148	4.159376	78.454348
0.592754	3.912125	72.971396
0.593359	3.644827	67.539415
0.593965	3.295517	61.775307
0.594570	3.012424	55.596108
0.595176	2.732369	49.483604
0.595781	2.426799	43.246384
0.596387	2.102396	36.695744
0.596992	1.749441	29.998696
0.597598	1.438404	23.346655
0.598203	1.056896	16.594569
0.598809	0.722166	9.756537
0.599414	0.413559	2.775893
0.600020	0.032051	-4.053464
0.600625	-0.234639	-10.878753
0.601230	-0.563902	-17.900066
0.601836	-0.936904	-24.465618
0.602441	-1.237007	-31.130673
0.603047	-1.569914	-37.926952
0.603652	-1.892494	-44.375107
0.604258	-2.236944	-50.698817
0.604863	-2.541300	-56.891301
0.605469	-2.852945	-63.014921
0.606074	-3.100803	-68.814546
0.606680	-3.362634	-74.394018
0.607285	-3.642081	-79.783703
0.607891	-3.889332	-84.905517
0.608496	-4.108638	-89.658602
0.609102	-4.286634	-94.189093
0.609707	-4.527810	-98.603814
0.610313	-4.687581	-102.361058
0.610918	-4.900205	-105.768281
0.611523	-5.044181	-109.054581
0.612129	-5.200307	-111.933382
0.612734	-5.281712	-114.411460
0.613340	-5.372229	-116.567443
0.613945	-5.449381	-118.291253
0.614551	-5.538682	-119.666396
0.615156	-5.607329	-120.627262
0.615762	-5.590320	-121.184423
0.616367	-5.592142	-121.463952
0.616973	-5.578170	-121.209637
0.617578	-5.581815	-120.391383
0.618184	-5.481578	-119.627626
0.618789	-5.406248	-118.111768
0.619395	-5.317554	-116.143404
0.620000	-5.190588	-113.974136
0.620605	-5.079416	-111.519104
0.621211	-4.889877	-108.594754
0.621816	-4.696694	-105.294355
0.622422	-4.596457	-101.693007
0.623027	-4.310934	-97.704765
0.623633	-4.117143	-93.474409
0.624238	-3.892977	-88.856615
0.624844	-3.652409	-84.046324
0.625449	-3.408196	-78.992020
0.626055	-3.122673	-73.423121
0.626660	-2.862057	-67.906550
0.627266	-2.550412	-62.172537
0.627871	-2.293441	-55.890581
0.628477	-1.950206	-49.647938
0.629082	-1.606971	-43.237740
0.629687	-1.286821	-36.736715
0.630293	-0.989149	-30.065967
0.630898	-0.639839	-23.309001
0.631504	-0.331838	-16.519228
0.632109	0.049669	-9.628056
0.632715	0.358884	-2.698112
0.633320	0.727634	4.145343
0.633926	1.076336	11.017537
0.634531	1.418964	18.087923
0.635137	1.758554	24.705531
0.635742	2.067161	31.377364
0.636348	2.397639	38.154123
0.636953	2.756669	44.612310
0.637559	3.112054	51.009222
0.638164	3.381174	57.159412
0.638770	3.636322	63.135810
0.639375	3.947967	68.927031
0.639980	4.203116	74.492405
0.640586	4.479526	79.750594
0.641191	4.752292	84.836891
0.641797	4.981925	89.655045
0.642402	5.177538	93.996292
0.643008	5.420537	98.381731
0.643613	5.555401	102.237122
0.644219	5.707274	105.571955
0.644824	5.882233	108.837108
0.645430	5.963638	111.707232
0.646035	6.117941	114.154402
0.646641	6.193878	116.242061
0.647246	6.346360	117.969938
0.647852	6.368230	119.309565
0.648457	6.476971	120.237082
0.649062	6.417437	120.778246
0.649668	6.461784	120.982945
0.650273	6.467859	120.725648
0.650879	6.452671	119.939658
0.651484	6.419259	119.162344
0.652090	6.315985	117.812957
0.652695	6.221823	115.908849
0.653301	6.142241	113.776997
0.653906	5.959385	111.255810
0.654512	5.809941	108.357217
0.655117	5.700592	105.213799
0.655723	5.468529	101.622212
0.656328	5.313617	97.770617
0.656934	5.039029	93.504201
0.657539	4.837948	88.983199
0.658145	4.637475	84.247195
0.658750	4.351952	79.265823
0.659355	4.112599	73.727291
0.659961	3.812496	68.228072
0.660566	3.523328	62.556146
0.661172	3.222010	56.502477
0.661777	2.927375	50.336833
0.662383	2.638207	44.063282
0.662988	2.320487	37.557649
0.663594	1.936550	30.871175
0.664199	1.584810	24.156233
0.664805	1.260407	17.400894
0.665410	0.959697	10.579400
0.666016	0.564825	3.635358
0.666621	0.292667	-3.364265
0.667227	-0.087018	-10.111471
0.667832	-0.453338	-17.076118
0.668438	-0.758300	-23.852334
0.669043	-1.113078	-30.413006
0.669648	-1.445985	-37.134184
0.670254	-1.759453	-43.653916
0.670859	-2.085070	-50.038357
0.671465	-2.377883	-56.175533
0.672070	-2.686491	-62.266617
0.672676	-2.945892	-68.142428
0.673281	-3.247209	-73.714851
0.673887	-3.524227	-79.073899
0.674492	-3.776945	-84.214150
0.675098	-4.029664	-89.130180
0.675703	-4.243502	-93.563067
0.676309	-4.454910	-97.935221
0.676914	-4.648094	-102.006156
0.677520	-4.785388	-105.383555
0.678125	-4.945767	-108.645454
0.678730	-5.132875	-111.587156
0.679336	-5.214887	-114.122984
0.679941	-5.343676	-116.300114
0.680547	-5.417791	-118.055374
0.681152	-5.458493	-119.511855
0.681758	-5.561160	-120.522337
0.682363	-5.520458	-121.117726
0.682969	-5.564805	-121.368245
0.683574	-5.570272	-121.297211
0.684180	-5.534430	-120.525319
0.684785	-5.522280	-119.618407
0.685391	-5.432978	-118.441998
0.685996	-5.303582	-116.486648
0.686602	-5.220355	-114.262071
0.687207	-5.056331	-111.817612
0.687813	-4.952449	-108.993036
0.688418	-4.785388	-105.715140
0.689023	-4.597064	-102.123553
0.689629	-4.391123	-98.224782
0.690234	-4.183360	-94.031027
0.690840	-4.002934	-89.488607
0.691445	-3.711336	-84.624361
0.692051	-3.495068	-79.647599
0.692656	-3.241742	-74.158953
0.693262	-2.980519	-68.523629
0.693867	-2.639714	-62.871225
0.694473	-2.363911	-56.733236
0.695078	-2.073528	-50.481917
0.695684	-1.740013	-44.074701
0.696289	-1.418648	-37.555512
0.696895	-1.091208	-30.889643
0.697500	-0.757693	-24.150300
0.698105	-0.433290	-17.345345
0.698711	-0.054820	-10.489418
0.699316	0.261685	-3.528838
0.699922	0.604920	3.373994
0.700527	0.959697	10.129604
0.701133	1.291390	17.232254
0.701738	1.582380	24.036667
0.702344	1.929867	30.639363
0.702949	2.287682	37.306045
0.703555	2.621197	43.911724
0.704160	2.861765	50.193137
0.704766	3.167336	56.441203
0.705371	3.462579	62.415432
0.705977	3.706184	68.196892
0.706582	4.023297	73.788023
0.707187	4.305175	79.121585
0.707793	4.528126	84.210593
0.708398	4.787526	89.058300
0.709004	5.006225	93.431539
0.709609	5.229176	97.773599
0.710215	5.413854	101.742862
0.710820	5.553578	105.128937
0.711426	5.746154	108.392463
0.712031	5.862793	111.352059
0.712637	5.994620	113.842880
0.713242	6.103969	115.943011
0.713848	6.186588	117.745989
0.714453	6.258273	119.126827
0.715059	6.302620	120.063833
0.715664	6.331780	120.649191
0.716270	6.363370	120.886154
0.716875	6.328135	120.765775
0.717480	6.330565	119.961348
0.718086	6.249160	119.107306
0.718691	6.208458	117.961533
0.719297	6.074809	116.135781
0.719902	5.983685	113.978714
0.720508	5.877373	111.535339
0.721113	5.730359	108.699105
0.721719	5.594280	105.516103
0.722324	5.373759	101.983350
0.722930	5.189688	98.123350
0.723535	5.009870	93.941524
0.724141	4.769301	89.410762
0.724746	4.542098	84.687772
0.725352	4.299100	79.788552
0.725957	4.062784	74.312107
0.726562	3.802776	68.684103
0.727168	3.570105	63.156958
0.727773	3.237805	57.175408
0.728379	2.952890	51.025219
0.728984	2.596290	44.713710
0.729590	2.332637	38.255523
0.730195	1.986972	31.670450
0.730801	1.669252	24.941139
0.731406	1.384944	18.253038
0.732012	1.010727	11.357798
0.732617	0.652912	4.489400
0.733223	0.359491	-2.470367
0.733828	-0.005613	-9.255259
0.734434	-0.348241	-16.175985
0.735039	-0.693298	-23.111080
0.735645	-1.003121	-29.619967
0.736250	-1.326916	-36.317286
0.736855	-1.649496	-42.898834
0.737461	-1.927729	-49.272159
0.738066	-2.275824	-55.503957
0.738672	-2.558917	-61.583654
0.739277	-2.849907	-67.482511
0.739883	-3.122065	-73.145490
0.740488	-3.353521	-78.474714
0.741094	-3.575257	-83.633401
0.741699	-3.837695	-88.594980
0.742305	-4.027841	-93.069349
0.742910	-4.239250	-97.378874
0.743516	-4.431826	-101.519759
0.744121	-4.622579	-104.942435
0.744727	-4.808473	-108.203521
0.745332	-4.976749	-111.215173
0.745938	-5.023526	-113.756966
0.746543	-5.151708	-115.959310
0.747148	-5.271384	-117.779098
0.747754	-5.335171	-119.284382
0.748359	-5.398351	-120.350715
0.748965	-5.423866	-121.019579
0.749570	-5.434801	-121.256000
0.750176	-5.450596	-121.235394
0.750781	-5.400781	-120.597709
0.751387	-5.376481	-119.586957
0.751992	-5.304189	-118.494325
0.752598	-5.226430	-116.662879
0.753203	-5.078808	-114.480868
0.753809	-4.960954	-112.068944
0.754414	-4.829735	-109.272837
0.755020	-4.610429	-106.004972
0.755625	-4.502903	-102.481980
0.756230	-4.300607	-98.580498
0.756836	-4.093451	-94.411144
0.757441	-3.917884	-89.922135
0.758047	-3.622642	-85.085815
0.758652	-3.393616	-80.166802
0.759258	-3.103233	-74.713945
0.759863	-2.857805	-69.041477
0.760469	-2.564992	-63.447364
0.761074	-2.243019	-57.373361
0.761680	-1.987871	-51.115806
0.762285	-1.711461	-44.733805
0.762891	-1.334814	-38.247964
0.763496	-1.023168	-31.609479
0.764102	-0.720028	-24.889657
0.764707	-0.390765	-18.100427
0.765312	-0.066970	-11.256972
0.765918	0.309069	-4.319166
0.766523	0.615247	2.646838
0.767129	0.926285	9.402177
0.767734	1.301717	16.308262
0.768340	1.598175	23.283483
0.768945	1.926222	29.900820
0.769551	2.239083	36.534425
0.770156	2.552550	43.097537
0.770762	2.862373	49.502041
0.771367	3.148503	55.681512
0.771973	3.453466	61.709153
0.772578	3.743241	67.518810
0.773184	3.978950	73.125666
0.773789	4.236528	78.479562
0.774395	4.452796	83.564774
0.775000	4.727992	88.461826
0.775605	4.949728	92.898779
0.776211	5.162351	97.127780
0.776816	5.352497	101.246162
0.777422	5.500726	104.729571
0.778027	5.646525	107.916640
0.778633	5.823914	110.915006
0.779238	5.890738	113.476591
0.779844	6.052939	115.652365
0.780449	6.126446	117.403288
0.781055	6.216356	118.852720
0.781660	6.219393	119.870521
0.782266	6.237011	120.495463
0.782871	6.249160	120.725648
0.783477	6.212103	120.676032
0.784082	6.224861	120.021809
0.784687	6.141026	118.993704
0.785293	6.088174	117.958009
0.785898	5.986115	116.253991
0.786504	5.862793	114.103160
0.787109	5.735827	111.672257
0.787715	5.693302	108.867202
0.788320	5.493436	105.740323
0.788926	5.334880	102.308970
0.789531	5.139874	98.460086
0.790137	4.899913	94.337095
0.790742	4.746824	89.874656
0.791348	4.477704	85.105033
0.791953	4.251108	80.212319
0.792559	3.950397	74.916172
0.793164	3.731699	69.182430
0.793770	3.438886	63.684837
0.794375	3.138176	57.752903
0.794980	2.860551	51.625217
0.795586	2.520961	45.353835
0.796191	2.262167	38.924930
0.796797	1.928652	32.244692
0.797402	1.576305	25.554422
0.798008	1.242790	18.811555
0.798613	0.932967	12.042930
0.799219	0.616462	5.096448
0.799824	0.296312	-1.904259
0.800430	-0.035988	-8.679391
0.801035	-0.375578	-15.499258
0.801641	-0.661708	-22.488036
0.802246	-1.003728	-29.046810
0.802852	-1.343318	-35.667671
0.803457	-1.678656	-42.255727
0.804063	-1.979974	-48.663213
0.804668	-2.238767	-54.871423
0.805273	-2.577749	-60.934311
0.805879	-2.834720	-66.839946
0.806484	-3.113560	-72.532748
0.807090	-3.367493	-77.934634
0.807695	-3.605632	-83.071631
0.808301	-3.880827	-88.068456
0.808906	-4.020551	-92.617655
0.809512	-4.291494	-96.966493
0.810117	-4.458555	-101.139100
0.810723	-4.614682	-104.597836
0.811328	-4.775668	-107.891999
0.811934	-4.939084	-110.923985
0.812539	-5.002871	-113.541150
0.813145	-5.120726	-115.760847
0.813750	-5.233112	-117.657363
0.814355	-5.279282	-119.116014
0.814961	-5.324237	-120.201054
0.815566	-5.333349	-120.943122
0.816172	-5.310264	-121.256542
0.816777	-5.356434	-121.241088
0.817383	-5.298722	-120.573037
0.817988	-5.253767	-119.641453
0.818594	-5.213672	-118.605757
0.819199	-5.079416	-116.804135
0.819805	-5.003479	-114.626462
0.820410	-4.916000	-112.232975
0.821016	-4.772631	-109.474282
0.821621	-4.629869	-106.338184
0.822227	-4.397806	-102.809498
0.822832	-4.220417	-98.981220
0.823438	-4.106208	-94.843046
0.824043	-3.832228	-90.338040
0.824648	-3.594089	-85.559199
0.825254	-3.320109	-80.702002
0.825859	-3.021221	-75.341327
0.826465	-2.798878	-69.617617
0.827070	-2.496952	-64.073933
0.827676	-2.239982	-58.016468
0.828281	-1.885204	-51.718516
0.828887	-1.639776	-45.382877
0.829492	-1.232147	-38.855825
0.830098	-0.924147	-32.250146
0.830703	-0.616754	-25.536560
0.831309	-0.289314	-18.754922
0.831914	0.030229	-11.890319
0.832520	0.348557	-4.987488
0.833125	0.729456	1.977160
0.833730	1.026522	8.791062
0.834336	1.341812	15.636144
0.834941	1.678364	22.628175
0.835547	1.963887	29.302719
0.836152	2.277355	35.854986
0.836758	2.624842	42.490760
0.837363	2.957750	48.913701
0.837969	3.246918	55.132485
0.838574	3.539123	61.130031
0.839180	3.820393	66.973578
0.839785	4.084654	72.645233
0.840391	4.347700	77.980151
0.840996	4.586445	83.128806
0.841602	4.814256	88.048361
0.842207	5.003795	92.594035
0.842812	5.233428	96.736548
0.843418	5.425397	100.923253
0.844023	5.594280	104.520533
0.844629	5.711527	107.718719
0.845234	5.885271	110.737420
0.845840	5.957563	113.303071
0.846445	6.073594	115.504603
0.847051	6.147709	117.347978
0.847656	6.184766	118.754573
0.848262	6.264348	119.872148
0.848867	6.267993	120.487059
0.849473	6.294115	120.805901
0.850078	6.297153	120.790447
0.850684	6.235188	120.148424
0.851289	6.147709	119.205724
0.851895	6.131306	118.166503
0.852500	6.060229	116.533791
0.853105	5.954525	114.410344
0.853711	5.773491	112.006825
0.854316	5.614328	109.257893
0.854922	5.484931	106.167344
0.855527	5.314832	102.727858
0.856133	5.164173	98.976036
0.856738	4.944868	94.844640
0.857344	4.738319	90.443204
0.857949	4.496536	85.663278
0.858555	4.226200	80.778970
0.859160	3.962547	75.583139
0.859766	3.697679	69.839365
0.860371	3.421876	64.274262
0.860977	3.153363	58.473010
0.861582	2.830783	52.269409
0.862187	2.548298	46.046016
0.862793	2.229363	39.636903
0.863398	1.937157	33.041527
0.864004	1.564155	26.330923
0.864609	1.267090	19.592122
0.865215	0.952407	12.826751
0.865820	0.580012	5.955370
0.866426	0.261685	-1.084650
0.867031	-0.077905	-7.900179
0.867637	-0.404130	-14.627864
0.868242	-0.709701	-21.682524
0.868848	-1.031066	-28.303928
0.869453	-1.404675	-34.825287
0.870059	-1.680478	-41.478142
0.870664	-2.073528	-47.926568
0.871270	-2.332929	-54.143183
0.871875	-2.586254	-60.274394
0.872480	-2.865095	-66.220426
0.873086	-3.140290	-71.904010
0.873691	-3.400298	-77.318097
0.874297	-3.627502	-82.493593
0.874902	-3.883865	-87.496112
0.875508	-4.095273	-92.210426
0.876113	-4.307897	-96.393878
0.876719	-4.510800	-100.558080
0.877324	-4.662674	-104.343250
0.877930	-4.784173	-107.530048
0.878535	-4.914785	-110.524890
0.879141	-5.048434	-113.211192
0.879746	-5.138343	-115.510057
0.880352	-5.265309	-117.358313
0.880957	-5.332134	-118.916466
0.881563	-5.375874	-120.085555
0.882168	-5.388024	-120.798613
0.882773	-5.414753	-121.086818
0.883379	-5.440268	-121.161377
0.883984	-5.371014	-120.715920
0.884590	-5.351574	-119.695407
0.885195	-5.290217	-118.658355
0.885801	-5.197877	-117.068752
0.886406	-5.103716	-114.800795
0.887012	-5.007731	-112.492983
0.887617	-4.829128	-109.755709
0.888223	-4.679076	-106.627745
0.888828	-4.471313	-103.158165
0.889434	-4.308504	-99.282981
0.890039	-4.097096	-95.180324
0.890645	-3.895407	-90.799494
0.891250	-3.640259	-86.009536
0.891855	-3.370531	-81.032774
0.892461	-3.127533	-75.813898
0.893066	-2.835935	-70.022948
0.893672	-2.609339	-64.446729
0.894277	-2.298301	-58.560344
0.894883	-2.007919	-52.256698
0.895488	-1.697488	-45.948986
0.896094	-1.376123	-39.436845
0.896699	-1.035318	-32.868581
0.897305	-0.729748	-26.134661
0.897910	-0.364036	-19.382575
0.898516	-0.062110	-12.491673
0.899121	0.289629	-5.641440
0.899727	0.612817	1.334866
0.900332	0.956660	8.184014
0.900937	1.288352	14.974329
0.901543	1.646167	21.999979
0.902148	1.963280	28.691605
0.902754	2.302870	35.260952
0.903359	2.630310	41.885068
0.903965	2.941347	48.353557
0.904570	3.194066	54.568274
0.905176	3.529403	60.633059
0.905781	3.875676	66.549540
0.906387	4.062177	72.208994
0.906992	4.365317	77.590003
0.907598	4.621073	82.725373
0.908203	4.846453	87.670685
0.908809	5.070012	92.331587
0.909414	5.285673	96.441564
0.910020	5.454556	100.598175
0.910625	5.616758	104.369517
0.911230	5.778959	107.530829
0.911836	5.975180	110.614871
0.912441	6.097287	113.206822
0.913047	6.160466	115.439533
0.913652	6.273460	117.343369
0.914258	6.332387	118.807171
0.914863	6.402249	119.958908
0.915469	6.430802	120.662476
0.916074	6.441129	120.957189
0.916680	6.428372	120.936312
0.917285	6.447204	120.549959
0.917891	6.369445	119.502605
0.918496	6.293508	118.356291
0.919102	6.198131	116.999583
0.919707	6.078454	114.899181
0.920312	5.980040	112.484546
0.920918	5.831204	109.782519
0.921523	5.648347	106.721523
0.922129	5.487361	103.322705
0.922734	5.303290	99.556514
0.923340	5.104639	95.497779
0.923945	4.887763	91.103393
0.924551	4.639297	86.368745
0.925156	4.398729	81.411774
0.925762	4.117459	76.344727
0.926367	3.906050	70.777998
0.926973	3.580433	64.905711
0.927578	3.345332	59.210469
0.928184	3.007564	53.174694
0.928789	2.722649	46.930424
0.929395	2.373947	40.513449
0.930000	2.016739	33.864119
0.930605	1.748226	27.266574
0.931211	1.373401	20.457281
0.931816	1.007082	13.660730
0.932422	0.679034	6.819444
0.933027	0.349772	-0.119175
0.933633	0.012612	-7.138319
0.934238	-0.323941	-13.784395
0.934844	-0.686616	-20.702138
0.935449	-0.994616	-27.645096
0.936055	-1.327524	-34.103825
0.936660	-1.623981	-40.657448
0.937266	-2.041938	-47.176909
0.937871	-2.327461	-53.466727
0.938477	-2.623311	-59.570012
0.939082	-2.871170	-65.462904
0.939688	-3.155478	-71.215896
0.940293	-3.443430	-76.717827
0.940898	-3.659091	-81.880581
0.941504	-3.920922	-86.869001
0.942109	-4.142050	-91.717793
0.942715	-4.355889	-95.918597
0.943320	-4.556970	-100.035894
0.943926	-4.727676	-103.953644
0.944531	-4.897775	-107.180297
0.945137	-5.058761	-110.185713
0.945742	-5.171755	-112.935458
0.946348	-5.282927	-115.263876
0.946953	-5.375874	-117.214346
0.947559	-5.466390	-118.773312
0.948164	-5.530178	-119.976021
0.948770	-5.514383	-120.773398
0.949375	-5.575132	-121.144296
0.949980	-5.553870	-121.104983
0.950586	-5.559945	-120.808644
0.951191	-5.511345	-119.814430
0.951797	-5.439661	-118.656729
0.952402	-5.349144	-117.215159
0.953008	-5.242832	-115.105810
0.953613	-5.127408	-112.704189
0.954219	-5.004086	-110.028732
0.954824	-4.867400	-106.984816
0.955430	-4.681506	-103.504662
0.956035	-4.527202	-99.756365
0.956641	-4.246540	-95.647472
0.957246	-4.053963	-91.284807
0.957852	-3.834050	-86.598690
0.958457	-3.608062	-81.578277
0.959063	-3.329829	-76.475441
0.959668	-3.072858	-70.852860
0.960273	-2.786120	-65.036968
0.960879	-2.464755	-59.299159
0.961484	-2.143390	-53.051907
0.962090	-1.808053	-46.682920
0.962695	-1.500660	-40.150445
0.963301	-1.137377	-33.598991
0.963906	-0.811152	-26.863172
0.964512	-0.511657	-20.104580
0.965117	-0.138047	-13.248111
0.965723	0.210655	-6.321149
0.966328	0.610995	0.638618
0.966934	0.931752	7.577780
0.967539	1.264052	14.292451
0.968145	1.641307	21.309425
0.968750	1.948092	28.170774
0.969355	2.250018	34.711112
0.969961	2.599327	41.289678
0.970566	2.946815	47.767115
0.971172	3.182523	54.030092
0.971777	3.522113	60.104909
0.972383	3.772401	65.999157
0.972988	4.102271	71.675692
0.973594	4.346485	77.121228
0.974199	4.598595	82.262292
0.974805	4.840986	87.191065
0.975410	5.066367	91.920833
0.976016	5.283850	96.057380
0.976621	5.460024	100.182812
0.977227	5.672647	104.057724
0.977832	5.851858	107.304169
0.978437	5.981862	110.331546
0.979043	6.170794	113.032760
0.979648	6.261918	115.360635
0.980254	6.360332	117.308394
0.980859	6.407717	118.799850
0.981465	6.472719	120.009608
0.982070	6.545618	120.781771
0.982676	6.526786	121.090853
0.983281	6.501879	121.103596
0.983887	6.512206	120.738391
0.984492	6.444774	119.785930
0.985098	6.436877	118.668355
0.985703	6.357295	117.309750
0.986309	6.165934	115.268453
0.986914	6.078454	112.914821
0.987520	5.920505	110.181885
0.988125	5.749799	107.181350
0.988730	5.586383	103.791480
0.989336	5.360395	100.072193
0.989941	5.203053	96.053043
0.990547	4.951550	91.673839
0.991152	4.794816	87.044658
0.991758	4.497143	82.112631
0.992363	4.235920	77.081915
0.992969	3.940070	71.409447
0.993574	3.690389	65.742944
0.994180	3.398792	60.046346
0.994785	3.059202	53.933572
0.995391	2.793119	47.715601
0.995996	2.472361	41.293203
0.996602	2.115154	34.774555
0.997207	1.768274	28.046328
0.997812	1.466956	21.342502
0.998418	1.139516	14.503385
0.999023	0.830301	7.690025
0.999629	0.456083	0.748423
1.000234	0.104343	-6.235745
1.000840	-0.185432	-12.927099
1.001445	-0.563294	-19.890391
1.002051	-0.896809	-26.759332
1.002656	-1.188407	-33.280148
1.003262	-1.561409	-39.890436
1.003867	-1.873662	-46.390376
1.004473	-2.169512	-52.723304
1.005078	-2.496345	-58.794596
1.005684	-2.815888	-64.786177
1.006289	-3.067391	-70.563842
1.006895	-3.312211	-76.027815
1.007500	-3.613529	-81.267297
1.008105	-3.815825	-86.270087
1.008711	-4.032701	-91.130537
1.009316	-4.281167	-95.402647
1.009922	-4.502295	-99.609686
1.010527	-4.663281	-103.516320
1.011133	-4.830343	-106.722097
1.011738	-4.977357	-109.812103
1.012344	-5.097033	-112.596281
1.012949	-5.252552	-114.955065
1.013555	-5.306619	-116.941324
1.014160	-5.401388	-118.554786
1.014766	-5.464568	-119.777829
1.015371	-5.486438	-120.620213
1.015977	-5.494335	-121.010090
1.016582	-5.517420	-121.098476
1.017187	-5.495550	-120.859344
1.017793	-5.414146	-119.882483
1.018398	-5.375874	-118.747555
1.019004	-5.328489	-117.413351
1.019609	-5.213672	-115.328132
1.020215	-5.115258	-112.978296
1.020820	-4.985254	-110.320733
1.021426	-4.818193	-107.281969
1.022031	-4.656599	-103.913789
1.022637	-4.481640	-100.171456
1.023242	-4.271447	-96.118687
1.023848	-4.062468	-91.763613
1.024453	-3.825545	-87.030863
1.025059	-3.607454	-82.124593
1.025664	-3.303099	-77.016877
1.026270	-3.050381	-71.375317
1.026875	-2.801308	-65.658656
1.027480	-2.539477	-59.887499
1.028086	-2.183485	-53.672511
1.028691	-1.900392	-47.321418
1.029297	-1.543184	-40.865129
1.029902	-1.288644	-34.338619
1.030508	-0.952699	-27.641842
1.031113	-0.635586	-20.855323
1.031719	-0.262584	-14.057146
1.032324	0.100091	-7.179530
1.032930	0.375894	-0.210002
1.033535	0.776841	6.707199
1.034141	1.086664	13.398011
1.034746	1.449946	20.440742
1.035352	1.756731	27.293686
1.035957	2.085386	33.788204
1.036563	2.412219	40.440516
1.037168	2.706854	46.990343
1.037773	3.042192	53.275824
1.038379	3.325285	59.356063
1.038984	3.602910	65.286912
1.039590	3.917593	71.016859
1.040195	4.138721	76.518247
1.040801	4.398122	81.699166
1.041406	4.650232	86.668879
1.042012	4.881688	91.438503
1.042617	5.086414	95.603247
1.043223	5.227353	99.763653
1.043828	5.430257	103.677065
1.044434	5.612505	106.988038
1.045039	5.757697	109.954141
1.045645	5.918075	112.714460
1.046250	6.006770	115.073786
1.046855	6.138596	116.982774
1.047461	6.184158	118.560447
1.048066	6.265563	119.743364
1.048672	6.340892	120.580597
1.049277	6.327527	120.960713
1.049883	6.336032	121.002466
1.050488	6.353042	120.690673
1.051094	6.336032	119.856423
1.051699	6.243693	118.686249
1.052305	6.200561	117.502791
1.052910	6.089997	115.504060
1.053516	6.005555	113.174016
1.054121	5.828774	110.533263
1.054727	5.710312	107.576378
1.055332	5.535353	104.214705
1.055937	5.296000	100.544221
1.056543	5.162959	96.568721
1.057148	4.957625	92.229915
1.057754	4.701262	87.524006
1.058359	4.505648	82.649729
1.058965	4.249285	77.636907
1.059570	3.969837	72.057706
1.060176	3.677024	66.284922
1.060781	3.411549	60.653123
1.061387	3.114484	54.591320
1.061992	2.828961	48.370638
1.062598	2.537363	41.958271
1.063203	2.186838	35.423085
1.063809	1.895848	28.759657
1.064414	1.607287	22.052578
1.065020	1.279847	15.290189
1.065625	0.943902	8.484963
1.066230	0.636509	1.533600
1.066836	0.320612	-5.461142
1.067441	-0.076690	-12.169035
1.068047	-0.407168	-18.958536
1.068652	-0.698158	-25.896613
1.069258	-1.076628	-32.428004
1.069863	-1.404068	-39.006299
1.070469	-1.746088	-45.543654
1.071074	-1.996984	-51.813139
1.071680	-2.369378	-57.993423
1.072285	-2.660369	-64.041669
1.072891	-2.874815	-69.827467
1.073496	-3.124495	-75.350275
1.074102	-3.453150	-80.608464
1.074707	-3.657876	-85.692592
1.075312	-3.915454	-90.544366
1.075918	-4.104386	-94.918147
1.076523	-4.326729	-99.017008
1.077129	-4.504118	-103.024229
1.077734	-4.645664	-106.348758
1.078340	-4.780528	-109.433613
1.078945	-4.948197	-112.260629
1.079551	-5.070911	-114.670655
1.080156	-5.086098	-116.660710
1.080762	-5.177830	-118.301013
1.081367	-5.284749	-119.604038
1.081973	-5.310872	-120.454284
1.082578	-5.372836	-120.932006
1.083184	-5.355826	-120.955323
1.083789	-5.363116	-120.801324
1.084395	-5.287787	-119.936165
1.085000	-5.272599	-118.776295
1.085605	-5.233112	-117.524784
1.086211	-5.148063	-115.519546
1.086816	-5.075163	-113.175403
1.087422	-4.871652	-110.603245
1.088027	-4.798145	-107.633889
1.088633	-4.634122	-104.296617
1.089238	-4.440331	-100.551844
1.089844	-4.206445	-96.551401
1.090449	-4.010831	-92.264109
1.091055	-3.807928	-87.656076
1.091660	-3.545490	-82.611803
1.092266	-3.303706	-77.614707
1.092871	-3.023651	-72.102473
1.093477	-2.741166	-66.202803
1.094082	-2.450175	-60.517863
1.094688	-2.174980	-54.395058
1.095293	-1.846932	-48.012514
1.095898	-1.548044	-41.553243
1.096504	-1.252194	-35.041645
1.097109	-0.955736	-28.379030
1.097715	-0.596099	-21.624775
1.098320	-0.286276	-14.761528
1.098926	0.049061	-7.871168
1.099531	0.388651	-1.033678
1.100137	0.694829	5.999564
1.100742	1.025914	12.737822
1.101348	1.326624	19.523528
1.101953	1.713599	26.622111
1.102559	1.997299	33.165702
1.103164	2.343572	39.688145
1.103770	2.664329	46.214656
1.104375	2.975367	52.562766
1.104980	3.290657	58.665237
1.105586	3.553703	64.554063
1.106191	3.855021	70.300819
1.106797	4.133254	75.787295
1.107402	4.412702	80.999394
1.108008	4.664812	85.982121
1.108613	4.888978	90.813560
1.109219	5.053609	95.165381
1.109824	5.308150	99.095060
1.110430	5.483716	103.074626
1.111035	5.572410	106.555594
1.111641	5.738257	109.549081
1.112246	5.879196	112.337054
1.112852	5.997657	114.756570
1.113457	6.104577	116.753131
1.114062	6.141634	118.339752
1.114668	6.226076	119.584485
1.115273	6.296545	120.444492
1.115879	6.267993	120.882629
1.116484	6.295938	120.856872
1.117090	6.289255	120.648378
1.117695	6.269815	119.935862
1.118301	6.210888	118.672964
1.118906	6.147709	117.336862
1.119512	6.046257	115.581873
1.120117	5.973965	113.250202
1.120723	5.799006	110.586132
1.121328	5.676900	107.677779
1.121934	5.515913	104.424827
1.122539	5.328805	100.774948
1.123145	5.142304	96.790230
1.123750	4.881081	92.563941
1.124355	4.680000	88.006879
1.124961	4.461301	83.031201
1.125566	4.183676	78.014855
1.126172	3.944930	72.689426
1.126777	3.619920	66.815784
1.127383	3.362342	61.058996
1.127988	3.065276	55.191590
1.128594	2.718397	48.971450
1.129199	2.424369	42.601650
1.129805	2.144921	36.104692
1.130410	1.831453	29.431775
1.131016	1.418964	22.690805
1.131621	1.102458	15.894526
1.132227	0.823011	9.053511
1.132832	0.400194	2.168032
1.133438	0.123783	-4.837285
1.134043	-0.217629	-11.690771
1.134648	-0.579697	-18.360435
1.135254	-0.885874	-25.360871
1.135859	-1.223034	-32.081778
1.136465	-1.529212	-38.514208
1.137070	-1.880952	-44.990018
1.137676	-2.131240	-51.356023
1.138281	-2.427698	-57.498078
1.138887	-2.736306	-63.501318
1.139492	-3.015754	-69.294165
1.140098	-3.278799	-74.818328
1.140703	-3.494460	-80.135623
1.141309	-3.769656	-85.114554
1.141914	-3.970129	-90.030856
1.142520	-4.209482	-94.635093
1.143125	-4.422713	-98.584836
1.143730	-4.583092	-102.465170
1.144336	-4.768986	-106.092546
1.144941	-4.974319	-109.224034
1.145547	-5.019881	-112.047254
1.146152	-5.180868	-114.498762
1.146758	-5.270777	-116.610009
1.147363	-5.345499	-118.271461
1.147969	-5.393491	-119.596175
1.148574	-5.388631	-120.511763
1.149180	-5.433586	-121.048589
1.149785	-5.398351	-121.100916
1.150391	-5.391061	-120.838739
1.150996	-5.332134	-120.309233
1.151602	-5.279282	-118.997532
1.152207	-5.203952	-117.523157
1.152813	-5.083061	-115.780097
1.153418	-4.954879	-113.480419
1.154023	-4.858287	-110.854035
1.154629	-4.659636	-107.878714
1.155234	-4.490145	-104.580484
1.155840	-4.376544	-100.904848
1.156445	-4.161490	-96.907930
1.157051	-3.912417	-92.611148
1.157656	-3.719841	-88.068185
1.158262	-3.456188	-83.141039
1.158867	-3.199217	-77.939785
1.159473	-2.916124	-72.725789
1.160078	-2.691958	-66.871667
1.160684	-2.370593	-60.957628
1.161289	-2.078388	-55.001563
1.161895	-1.729078	-48.678668
1.162500	-1.433228	-42.266030
1.163105	-1.068730	-35.681770
1.163711	-0.749795	-29.053317
1.164316	-0.422355	-22.236161
1.164922	-0.095523	-15.447473
1.165527	0.262292	-8.554945
1.166133	0.588517	-1.695764
1.166738	0.939042	5.258851
1.167344	1.255547	12.250069
1.167949	1.586632	18.898857
1.168555	1.922577	25.790843
1.169160	2.240905	32.677678
1.169766	2.562270	39.110921
1.170371	2.807091	45.575886
1.170977	3.153971	51.963852
1.171582	3.413979	58.097232
1.172187	3.744456	63.987955
1.172793	3.998997	69.733355
1.173398	4.272978	75.320148
1.174004	4.517191	80.525468
1.174609	4.755937	85.494097
1.175215	4.967952	90.228745
1.175820	5.230391	94.803429
1.176426	5.362825	98.749918
1.177031	5.558438	102.523972
1.177637	5.732789	106.184696
1.178242	5.870691	109.274431
1.178848	6.007985	112.063219
1.179453	6.107614	114.499815
1.180059	6.212103	116.531622
1.180664	6.269208	118.198225
1.181270	6.319022	119.443229
1.181875	6.373090	120.337127
1.182480	6.394352	120.884527
1.183086	6.356080	120.931161
1.183691	6.310518	120.530710
1.184297	6.307480	120.052175
1.184902	6.222431	118.857329
1.185508	6.125839	117.355028
1.186113	6.000087	115.752410
1.186719	5.870691	113.523767
1.187324	5.759519	110.894672
1.187930	5.631338	107.987132
1.188535	5.432687	104.749905
1.189141	5.265625	101.137984
1.189746	5.030524	97.204237
1.190352	4.811219	92.908540
1.190957	4.605278	88.393774
1.191563	4.361672	83.553116
1.192168	4.121104	78.372197
1.192773	3.825253	73.119972
1.193379	3.565853	67.500644
1.193984	3.287620	61.478968
1.194590	2.970507	55.651146
1.195195	2.669797	49.546505
1.195801	2.352684	43.185110
1.196406	1.986364	36.646399
1.197012	1.661354	29.983513
1.197617	1.322979	23.288092
1.198223	0.983997	16.476088
1.198828	0.680857	9.654052
1.199434	0.306639	2.769386
1.200039	-0.040241	-4.135072
1.200645	-0.323941	-11.153131
1.201250	-0.699981	-17.820355
1.201855	-1.006158	-24.540991
1.202461	-1.317196	-31.432977
1.203066	-1.673796	-38.048145
1.203672	-1.913149	-44.467290
1.204277	-2.229654	-50.794252
1.204883	-2.540692	-56.984568
1.205488	-2.854160	-62.995942
1.206094	-3.106270	-68.799363
1.206699	-3.389363	-74.398898
1.207305	-3.617174	-79.722700
1.207910	-3.855920	-84.773208
1.208516	-4.070973	-89.526564
1.209121	-4.298177	-94.266635
1.209727	-4.482248	-98.373358
1.210332	-4.669356	-102.085325
1.210937	-4.792678	-105.770450
1.211543	-4.957309	-108.958332
1.212148	-5.055116	-111.815985
1.212754	-5.168718	-114.274000
1.213359	-5.254375	-116.411004
1.213965	-5.356434	-118.112582
1.214570	-5.389239	-119.437025
1.215176	-5.443913	-120.452115
1.215781	-5.482185	-121.039913
1.216387	-5.457278	-121.158666
1.216992	-5.433586	-120.860971
1.217598	-5.386809	-120.374303
1.218203	-5.357649	-119.361924
1.218809	-5.267739	-117.713486
1.219414	-5.166895	-116.001606
1.220020	-5.042966	-113.810648
1.220625	-4.911747	-111.242014
1.221230	-4.729498	-108.329323
1.221836	-4.618934	-105.053054
1.222441	-4.419068	-101.463636
1.223047	-4.197940	-97.411680
1.223652	-3.987746	-93.167767
1.224258	-3.745356	-88.641614
1.224863	-3.513292	-83.816952
1.225469	-3.248424	-78.524872
1.226074	-2.946499	-73.183176
1.226680	-2.676771	-67.691006
1.227285	-2.471438	-61.671498
1.227891	-2.100865	-55.545710
1.228496	-1.843287	-49.364070
1.229102	-1.505520	-42.914831
1.229707	-1.167145	-36.406215
1.230312	-0.875547	-29.727332
1.230918	-0.551752	-23.043570
1.231523	-0.174497	-16.199844
1.232129	0.170560	-9.280474
1.232734	0.467018	-2.392012
1.233340	0.801748	4.412672
1.233945	1.159563	11.426935
1.234551	1.452983	18.248971
1.235156	1.803508	24.910501
1.235762	2.154033	31.748534
1.236367	2.422546	38.459680
1.236973	2.749379	44.914071
1.237578	3.088361	51.210939
1.238184	3.353837	57.421589
1.238789	3.595013	63.373858
1.239395	3.913340	69.178363
