LabVIEW Measurement	
Writer_Version	2
Reader_Version	2
Separator	Tab
Decimal_Separator	.
Multi_Headings	No
X_Columns	One
Time_Pref	Absolute
Operator	AlunosGDS-JT
Date	2019/10/09
Time	15:05:07.5680753937497769649
***End_of_Header***	
	
Channels	2		
Samples	2048	2048	
Date	2019/10/09	2019/10/09	
Time	15:06:05.2335246124997765537	15:06:05.2335246124997765537	
Y_Unit_Label	g	Newtons	
X_Dimension	Time	Time	
X0	0.0000000000000000E+0	0.0000000000000000E+0	
Delta_X	0.000605	0.000605	
***End_of_Header***			
X_Value	Acceleration (Trigger)	Force (Trigger)	Comment
0.000000	0.412951	-2.530286
0.000605	0.151121	-10.745902
0.001211	-0.129542	-18.806164
0.001816	-0.415065	-26.873746
0.002422	-0.723066	-34.759946
0.003027	-0.954521	-42.599242
0.003633	-1.227894	-49.986030
0.004238	-1.527997	-57.315069
0.004844	-1.757023	-64.577140
0.005449	-1.985441	-71.258734
0.006055	-2.243019	-77.568616
0.006660	-2.397931	-83.588936
0.007266	-2.647611	-89.316714
0.007871	-2.803738	-94.597949
0.008477	-2.941639	-99.401734
0.009082	-3.100195	-103.708005
0.009687	-3.233237	-107.554991
0.010293	-3.375391	-110.938626
0.010898	-3.493853	-113.717381
0.011504	-3.573434	-116.157502
0.012109	-3.631754	-117.996811
0.012715	-3.668811	-119.025187
0.013320	-3.702224	-119.551440
0.013926	-3.722271	-119.798976
0.014531	-3.634792	-119.293058
0.015137	-3.687036	-118.189310
0.015742	-3.587407	-116.552260
0.016348	-3.503572	-114.385703
0.016953	-3.413056	-111.696148
0.017559	-3.284267	-108.410118
0.018164	-3.156085	-104.688120
0.018770	-3.007249	-100.513616
0.019375	-2.860842	-95.885248
0.019980	-2.694996	-90.584221
0.020586	-2.464148	-85.089069
0.021191	-2.216897	-79.277785
0.021797	-1.966609	-72.698134
0.022402	-1.815342	-65.966383
0.023008	-1.526175	-58.996041
0.023613	-1.294719	-51.757287
0.024219	-1.042001	-44.234123
0.024824	-0.726103	-36.489450
0.025430	-0.393803	-28.560954
0.026035	-0.102813	-20.538921
0.026641	0.134718	-12.409794
0.027246	0.456083	-4.267652
0.027852	0.734924	3.915429
0.028457	1.008297	12.014191
0.029062	1.276202	20.336359
0.029668	1.534995	28.241538
0.030273	1.864258	36.079478
0.030879	2.125481	43.912537
0.031484	2.419509	51.457391
0.032090	2.637600	58.647343
0.032695	2.917048	65.631241
0.033301	3.141821	72.332084
0.033906	3.384212	78.660131
0.034512	3.579825	84.643850
0.035117	3.796094	90.204344
0.035723	3.951005	95.304739
0.036328	4.140544	100.080869
0.036934	4.260220	104.243715
0.037539	4.418776	107.874344
0.038145	4.513546	111.360735
0.038750	4.625325	114.050562
0.039355	4.692757	116.136052
0.039961	4.774161	117.838985
0.040566	4.813041	118.885255
0.041172	4.827621	119.452176
0.041777	4.805144	119.345895
0.042383	4.786919	118.821269
0.042988	4.754722	117.640522
0.043594	4.715234	116.024077
0.044199	4.625932	113.723043
0.044805	4.505648	110.921513
0.045410	4.384149	107.720617
0.046016	4.292417	103.738339
0.046621	4.118066	99.599352
0.047227	3.930958	95.010026
0.047832	3.760251	89.789523
0.048438	3.548843	84.193512
0.049043	3.369632	78.184036
0.049648	3.139998	71.859243
0.050254	2.862373	65.176023
0.050859	2.658862	58.169080
0.051465	2.408574	50.925716
0.052070	2.133378	43.470604
0.052676	1.860613	35.766600
0.053281	1.577520	27.793640
0.053887	1.317512	19.945398
0.054492	0.957875	11.818710
0.055098	0.725204	3.477834
0.055703	0.402624	-4.558298
0.056309	0.121961	-12.618831
0.056914	-0.158095	-20.739011
0.057520	-0.472170	-28.794393
0.058125	-0.741290	-36.667850
0.058730	-1.046861	-44.373210
0.059336	-1.287429	-51.842962
0.059941	-1.532857	-59.143533
0.060547	-1.798333	-66.146680
0.061152	-2.007311	-72.780556
0.061758	-2.262459	-79.218951
0.062363	-2.476905	-85.216497
0.062969	-2.716866	-90.568767
0.063574	-2.863272	-95.781950
0.064180	-3.013324	-100.530968
0.064785	-3.165805	-104.726349
0.065391	-3.318894	-108.481424
0.065996	-3.482310	-111.722176
0.066602	-3.588622	-114.454840
0.067207	-3.657876	-116.647967
0.067812	-3.705261	-118.234045
0.068418	-3.747786	-119.296583
0.069023	-3.773908	-119.794638
0.069629	-3.764796	-119.774846
0.070234	-3.783020	-119.050401
0.070840	-3.743533	-117.936080
0.071445	-3.682784	-116.334818
0.072051	-3.593482	-113.828000
0.072656	-3.465300	-111.019150
0.073262	-3.394223	-107.669406
0.073867	-3.250247	-103.773617
0.074473	-3.058278	-99.397938
0.075078	-2.923414	-94.658410
0.075684	-2.738736	-89.415945
0.076289	-2.547375	-83.746731
0.076895	-2.348724	-77.645344
0.077500	-2.070491	-71.158147
0.078105	-1.827492	-64.523458
0.078711	-1.564447	-57.417554
0.079316	-1.306261	-49.881376
0.079922	-1.117938	-42.485912
0.080527	-0.812975	-34.746390
0.081133	-0.508620	-26.689924
0.081738	-0.222489	-18.610954
0.082344	0.053921	-10.544999
0.082949	0.324864	-2.347006
0.083555	0.641369	5.900061
0.084160	0.958482	14.068502
0.084766	1.191760	22.121172
0.085371	1.493078	30.125582
0.085977	1.827201	37.988737
0.086582	2.106649	45.658579
0.087188	2.396424	53.036421
0.087793	2.607225	60.292256
0.088398	2.894570	67.325227
0.089004	3.136353	73.737865
0.089609	3.378137	79.985388
0.090215	3.532441	85.986730
0.090820	3.715297	91.502217
0.091426	3.983202	96.499314
0.092031	4.156338	101.066407
0.092637	4.289380	105.221662
0.093242	4.375037	108.847410
0.093848	4.544528	111.929825
0.094453	4.611960	114.427154
0.095059	4.708552	116.563886
0.095664	4.787526	118.018741
0.096270	4.774769	118.842417
0.096875	4.811826	119.517788
0.097480	4.812434	119.318241
0.098086	4.806359	118.567768
0.098691	4.738319	117.241969
0.099297	4.660560	115.458783
0.099902	4.635045	113.117080
0.100508	4.503826	110.234755
0.101113	4.476489	106.825906
0.101719	4.277838	102.943131
0.102324	4.180638	98.558505
0.102930	3.918200	93.685854
0.103535	3.801561	88.418175
0.104141	3.598050	82.924920
0.104746	3.362949	76.668992
0.105352	3.171588	70.248221
0.105957	2.886673	63.586690
0.106563	2.635777	56.496241
0.107168	2.420116	49.279176
0.107773	2.156463	41.698805
0.108379	1.890988	33.951150
0.108984	1.543500	26.008827
0.109590	1.346064	18.021769
0.110195	1.032597	9.895352
0.110801	0.714876	1.728810
0.111406	0.422064	-6.302984
0.112012	0.169345	-14.705676
0.112617	-0.089448	-22.654506
0.113223	-0.405345	-30.468045
0.113828	-0.710916	-38.427177
0.114434	-0.986719	-46.095393
0.115039	-1.221819	-53.499533
0.115645	-1.512202	-60.713344
0.116250	-1.744265	-67.629189
0.116855	-1.989086	-74.209111
0.117461	-2.191990	-80.487543
0.118066	-2.408258	-86.377724
0.118672	-2.643359	-91.891855
0.119277	-2.790373	-97.001739
0.119883	-2.977481	-101.534942
0.120488	-3.132393	-105.533216
0.121094	-3.247209	-109.401079
0.121699	-3.391186	-112.466413
0.122305	-3.428851	-114.873185
0.122910	-3.566752	-117.025914
0.123516	-3.599557	-118.472093
0.124121	-3.584369	-119.360026
0.124727	-3.646334	-119.717368
0.125332	-3.589837	-119.516465
0.125938	-3.596519	-118.738066
0.126543	-3.616567	-117.443446
0.127148	-3.522405	-115.548014
0.127754	-3.434318	-113.210379
0.128359	-3.285482	-110.286842
0.128965	-3.201040	-106.592228
0.129570	-3.071643	-102.774794
0.130176	-2.935564	-98.407520
0.130781	-2.747241	-93.328544
0.131387	-2.567422	-87.939401
0.131992	-2.398538	-82.211353
0.132598	-2.147643	-76.073906
0.133203	-1.918617	-69.533839
0.133809	-1.668936	-62.687131
0.134414	-1.409535	-55.569298
0.135020	-1.162285	-48.174376
0.135625	-0.864004	-40.549269
0.136230	-0.596099	-32.680963
0.136836	-0.282631	-24.806422
0.137441	-0.031736	-16.777881
0.138047	0.264115	-8.358108
0.138652	0.572722	-0.283477
0.139258	0.799926	7.822063
0.139863	1.138301	16.067774
0.140469	1.471816	24.189581
0.141074	1.727571	32.103165
0.141680	2.031319	39.883626
0.142285	2.229363	47.496261
0.142891	2.483296	54.962218
0.143496	2.824708	62.031520
0.144102	3.024574	68.826715
0.144707	3.243273	75.331535
0.145313	3.454074	81.502601
0.145918	3.677632	87.134671
0.146523	3.909088	92.686218
0.147129	4.029372	97.732659
0.147734	4.210406	102.089088
0.148340	4.326437	106.060250
0.148945	4.428496	109.529560
0.149551	4.558500	112.606281
0.150156	4.659952	115.043962
0.150762	4.742572	116.919602
0.151367	4.768694	118.261397
0.151973	4.808181	119.150143
0.152578	4.797854	119.345624
0.153184	4.782666	118.990451
0.153789	4.726777	118.221813
0.154395	4.724954	116.860496
0.155000	4.603455	114.694754
0.155605	4.522051	112.434930
0.156211	4.427281	109.443613
0.156816	4.264473	105.800241
0.157422	4.139329	101.785429
0.158027	3.982595	97.295064
0.158633	3.799739	92.405333
0.159238	3.639360	87.022155
0.159844	3.465616	81.266180
0.160449	3.210468	75.076949
0.161055	2.975367	68.625540
0.161660	2.712929	61.588774
0.162266	2.485118	54.583186
0.162871	2.236653	47.416822
0.163477	1.907998	39.700888
0.164082	1.627335	31.872709
0.164687	1.368542	24.034769
0.165293	1.107926	15.999451
0.165898	0.816936	7.899062
0.166504	0.507720	-0.295135
0.167109	0.190000	-8.467914
0.167715	-0.090663	-16.620087
0.168320	-0.352493	-24.667606
0.168926	-0.639231	-32.656020
0.169531	-0.939941	-40.426721
0.170137	-1.181117	-47.934702
0.170742	-1.505520	-55.572280
0.171348	-1.728471	-62.615283
0.171953	-1.946561	-69.323176
0.172559	-2.191990	-75.984435
0.173164	-2.377883	-82.081755
0.173770	-2.598404	-87.837187
0.174375	-2.771540	-93.182950
0.174980	-2.949537	-98.213395
0.175586	-3.084401	-102.660109
0.176191	-3.250854	-106.619341
0.176797	-3.397868	-110.081330
0.177402	-3.546097	-113.060176
0.178008	-3.596519	-115.664056
0.178613	-3.636007	-117.416876
0.179219	-3.688859	-118.801509
0.179824	-3.735636	-119.735804
0.180430	-3.683391	-119.734449
0.181035	-3.704046	-119.394187
0.181641	-3.678531	-118.486733
0.182246	-3.603202	-117.074988
0.182852	-3.543060	-115.060261
0.183457	-3.445860	-112.499219
0.184062	-3.339549	-109.429818
0.184668	-3.228377	-105.842840
0.185273	-3.018791	-101.732049
0.185879	-2.905797	-97.093922
0.186484	-2.709576	-92.177620
0.187090	-2.538262	-86.741302
0.187695	-2.265497	-80.668383
0.188301	-2.054088	-74.562929
0.188906	-1.859082	-68.006324
0.189512	-1.556549	-60.945427
0.190117	-1.319626	-53.718331
0.190723	-1.035318	-46.239631
0.191328	-0.777133	-38.605577
0.191934	-0.479460	-30.704736
0.192539	-0.192722	-22.765667
0.193145	0.100698	-14.641149
0.193750	0.415989	-6.497109
0.194355	0.703334	1.755922
0.194961	0.988857	9.936292
0.195566	1.268912	17.883224
0.196172	1.565978	26.103450
0.196777	1.856968	34.225799
0.197383	2.129126	41.836265
0.197988	2.406144	49.371359
0.198594	2.680732	56.746218
0.199199	2.923123	63.823382
0.199805	3.195888	70.589024
0.200410	3.481411	77.027148
0.201016	3.686744	83.110370
0.201621	3.889648	88.789887
0.202227	4.031194	94.072749
0.202832	4.232275	98.793027
0.203437	4.361064	103.281494
0.204043	4.543921	107.104079
0.204648	4.635045	110.289251
0.205254	4.715842	113.274603
0.205859	4.814864	115.776812
0.206465	4.825798	117.458326
0.207070	4.881081	118.655341
0.207676	4.915708	119.325019
0.208281	4.920568	119.424793
0.208887	4.940615	118.997771
0.209492	4.883511	118.042871
0.210098	4.860426	116.482820
0.210703	4.707944	114.483276
0.211309	4.702477	111.715366
0.211914	4.541491	108.528026
0.212520	4.429104	105.131648
0.213125	4.295455	100.894514
0.213730	4.117459	96.218971
0.214336	3.982595	91.277455
0.214941	3.746279	85.851439
0.215547	3.540945	79.960987
0.216152	3.307060	73.660594
0.216758	3.065276	67.109954
0.217363	2.796763	60.197362
0.217969	2.568953	53.018526
0.218574	2.296187	45.557721
0.219180	2.039824	37.901163
0.219785	1.726356	30.226983
0.220391	1.431721	22.051764
0.220996	1.157133	13.918028
0.221602	0.852778	6.014747
0.222207	0.579405	-2.238556
0.222812	0.269582	-10.340300
0.223418	-0.014118	-18.450178
0.224023	-0.335483	-26.555988
0.224629	-0.622221	-34.475808
0.225234	-0.881014	-42.194453
0.225840	-1.132518	-49.769402
0.226445	-1.418648	-57.041504
0.227051	-1.653141	-64.216274
0.227656	-1.887027	-71.029091
0.228262	-2.140960	-77.418413
0.228867	-2.431343	-83.440902
0.229473	-2.574104	-89.308309
0.230078	-2.772755	-94.441510
0.230684	-2.979911	-99.163686
0.231289	-3.124495	-103.644562
0.231895	-3.281837	-107.533301
0.232500	-3.418523	-110.868405
0.233105	-3.525442	-113.726871
0.233711	-3.594089	-116.067489
0.234316	-3.642081	-117.837119
0.234922	-3.666381	-119.095408
0.235527	-3.687644	-119.660161
0.236133	-3.719233	-119.797078
0.236738	-3.722271	-119.484743
0.237344	-3.655446	-118.215067
0.237949	-3.601987	-116.621939
0.238555	-3.550957	-114.643543
0.239160	-3.435533	-111.874006
0.239766	-3.328614	-108.607497
0.240371	-3.241134	-104.910985
0.240977	-3.032763	-100.719670
0.241582	-2.890610	-96.010237
0.242187	-2.677379	-90.884356
0.242793	-2.484195	-85.330098
0.243398	-2.315919	-79.345024
0.244004	-2.055303	-73.034600
0.244609	-1.816557	-66.306644
0.245215	-1.625804	-59.392968
0.245820	-1.324486	-52.195153
0.246426	-1.097890	-44.411167
0.247031	-0.808722	-36.765726
0.247637	-0.524414	-28.991771
0.248242	-0.246789	-20.939101
0.248848	0.053921	-12.767407
0.249453	0.395334	-4.556400
0.250059	0.700904	3.637798
0.250664	1.004652	11.833893
0.251270	1.288960	20.005587
0.251875	1.595745	27.923509
0.252480	1.814443	35.781783
0.253086	2.106041	43.543537
0.253691	2.398854	51.240763
0.254297	2.611477	58.300846
0.254902	2.845971	65.209100
0.255508	3.072566	72.078583
0.256113	3.327715	78.428049
0.256719	3.534871	84.365405
0.257324	3.780906	89.958434
0.257930	3.961332	95.155891
0.258535	4.088906	99.812456
0.259141	4.229238	104.057995
0.259746	4.332512	107.851570
0.260352	4.474059	111.061142
0.260957	4.598595	113.817666
0.261562	4.638690	115.876043
0.262168	4.727384	117.612054
0.262773	4.751077	118.883899
0.263379	4.800891	119.248833
0.263984	4.819724	119.281639
0.264590	4.765656	118.797681
0.265195	4.752292	117.666008
0.265801	4.683037	115.968497
0.266406	4.571865	113.734701
0.267012	4.441254	111.007731
0.267617	4.346485	107.755592
0.268223	4.246855	103.960390
0.268828	4.063392	99.684756
0.269434	3.895723	95.040935
0.270039	3.697072	89.878452
0.270645	3.555525	84.189445
0.271250	3.298555	78.431302
0.271855	3.064669	72.060959
0.272461	2.835036	65.286099
0.273066	2.644282	58.384895
0.273672	2.379414	51.201721
0.274277	2.077489	43.725732
0.274883	1.830238	36.011968
0.275488	1.578127	28.143120
0.276094	1.294427	20.136269
0.276699	0.990072	12.095799
0.277305	0.710624	3.880725
0.277910	0.473701	-4.287173
0.278516	0.143831	-12.327101
0.279121	-0.160525	-20.551122
0.279727	-0.405953	-28.628736
0.280332	-0.718813	-36.159762
0.280938	-0.981251	-43.976283
0.281543	-1.291681	-51.578887
0.282148	-1.533465	-58.865630
0.282754	-1.747303	-65.816993
0.283359	-1.955674	-72.515938
0.283965	-2.187130	-78.871911
0.284570	-2.430128	-84.863493
0.285176	-2.577142	-90.444321
0.285781	-2.752101	-95.578878
0.286387	-2.929489	-100.401099
0.286992	-3.094728	-104.600276
0.287598	-3.196787	-108.221416
0.288203	-3.329221	-111.659004
0.288809	-3.355344	-114.361031
0.289414	-3.471375	-116.482852
0.290020	-3.482310	-118.055645
0.290625	-3.523620	-119.129570
0.291230	-3.601379	-119.669650
0.291836	-3.569790	-119.629523
0.292441	-3.550957	-118.993465
0.293047	-3.530302	-117.861249
0.293652	-3.472590	-116.129848
0.294258	-3.319501	-113.794381
0.294863	-3.215620	-111.016981
0.295469	-3.137253	-107.815542
0.296074	-2.935564	-103.798018
0.296680	-2.753923	-99.340731
0.297285	-2.629994	-94.713990
0.297891	-2.475690	-89.479931
0.298496	-2.243627	-83.767607
0.299102	-2.034648	-77.689537
0.299707	-1.784968	-71.298047
0.300312	-1.569307	-64.485771
0.300918	-1.324486	-57.431382
0.301523	-1.048683	-50.097462
0.302129	-0.775310	-42.584601
0.302734	-0.508620	-34.832065
0.303340	-0.190292	-26.780751
0.303945	0.056351	-18.813213
0.304551	0.358884	-10.803923
0.305156	0.710624	-2.410178
0.305762	0.918387	5.809234
0.306367	1.216060	13.914774
0.306973	1.493078	22.074810
0.307578	1.759769	29.985682
0.308184	2.059871	37.839076
0.308789	2.316235	45.510545
0.309395	2.570775	53.009579
0.310000	2.813773	60.204412
0.310605	3.078641	67.111038
0.311211	3.312527	73.597693
0.311816	3.531226	79.914896
0.312422	3.685529	85.940639
0.313027	3.929135	91.202353
0.313633	4.060354	96.364022
0.314238	4.235313	101.059629
0.314844	4.384757	105.163641
0.315449	4.530556	108.768784
0.316055	4.562753	111.878854
0.316660	4.673317	114.477041
0.317266	4.719487	116.547619
0.317871	4.723739	117.989459
0.318477	4.808789	118.975810
0.319082	4.755329	119.382497
0.319688	4.822154	119.230938
0.320293	4.734067	118.352224
0.320898	4.739534	117.218381
0.321504	4.593735	115.514363
0.322109	4.497751	113.049299
0.322715	4.436394	110.189477
0.323320	4.274193	106.834039
0.323926	4.137506	102.972955
0.324531	4.025727	98.569892
0.325137	3.862311	93.792948
0.325742	3.633285	88.571903
0.326348	3.447391	82.909737
0.326953	3.183738	76.812146
0.327559	2.924338	70.322780
0.328164	2.737229	63.613803
0.328770	2.437734	56.564293
0.329375	2.171651	49.130871
0.329980	1.917110	41.818913
0.330586	1.627942	34.161542
0.331191	1.376439	26.109414
0.331797	1.048391	18.080061
0.332402	0.795066	9.964760
0.333008	0.512580	1.845664
0.333613	0.217338	-6.276143
0.334219	-0.031736	-14.481185
0.334824	-0.374363	-22.559070
0.335430	-0.637409	-30.549924
0.336035	-0.903492	-38.386237
0.336641	-1.204809	-46.111660
0.337246	-1.438088	-53.394337
0.337852	-1.707816	-60.656137
0.338457	-1.973291	-67.757974
0.339062	-2.173765	-74.235410
0.339668	-2.400968	-80.402409
0.340273	-2.593544	-86.355220
0.340879	-2.825000	-91.861218
0.341484	-2.978089	-96.907930
0.342090	-3.058278	-101.466076
0.342695	-3.273939	-105.620247
0.343301	-3.400298	-109.239759
0.343906	-3.488993	-112.402427
0.344512	-3.525442	-114.983804
0.345117	-3.667596	-117.096949
0.345723	-3.701009	-118.666218
0.346328	-3.702831	-119.354061
0.346934	-3.745963	-119.750445
0.347539	-3.682784	-119.655823
0.348145	-3.709513	-118.897487
0.348750	-3.572827	-117.590667
0.349355	-3.566145	-115.686830
0.349961	-3.427636	-113.258096
0.350566	-3.320109	-110.330494
0.351172	-3.205900	-106.788793
0.351777	-3.012716	-102.858030
0.352383	-2.869955	-98.449002
0.352988	-2.709576	-93.565236
0.353594	-2.475083	-88.104516
0.354199	-2.290404	-82.505794
0.354805	-2.100258	-76.391393
0.355410	-1.835997	-69.653676
0.356016	-1.608794	-62.890474
0.356621	-1.324486	-55.771015
0.357227	-1.066300	-48.375279
0.357832	-0.791713	-40.779454
0.358438	-0.520162	-32.915215
0.359043	-0.244967	-24.981297
0.359648	0.052099	-16.912359
0.360254	0.357669	-8.683729
0.360859	0.679034	-0.492785
0.361465	0.972454	7.602452
0.362070	1.282885	15.871480
0.362676	1.594530	24.010097
0.363281	1.798041	31.760463
0.363887	2.113939	39.681638
0.364492	2.356329	47.413840
0.365098	2.597505	54.815540
0.365703	2.859943	61.874268
0.366309	3.109624	68.739684
0.366914	3.368417	75.260771
0.367520	3.582863	81.463288
0.368125	3.763896	87.215738
0.368730	3.980772	92.619250
0.369336	4.110776	97.590048
0.369941	4.262650	102.074448
0.370547	4.395692	105.892153
0.371152	4.545136	109.612253
0.371758	4.614998	112.652915
0.372363	4.713412	115.030406
0.372969	4.782666	116.973013
0.373574	4.812434	118.368762
0.374180	4.876828	119.216027
0.374785	4.854958	119.426690
0.375391	4.810611	119.168309
0.375996	4.796031	118.340023
0.376602	4.749254	116.962710
0.377207	4.729814	114.950966
0.377812	4.596773	112.443335
0.378418	4.514153	109.606559
0.379023	4.353774	105.952071
0.379629	4.182461	101.890625
0.380234	4.026334	97.598724
0.380840	3.888433	92.697605
0.381445	3.658192	87.311173
0.382051	3.472906	81.481453
0.382656	3.211075	75.348074
0.383262	3.005134	68.840271
0.383867	2.739659	62.039654
0.384473	2.522176	54.924532
0.385078	2.316235	47.606067
0.385684	1.958420	39.998854
0.386289	1.714814	32.164439
0.386895	1.459666	24.269834
0.387500	1.148021	16.374958
0.388105	0.858853	8.030558
0.388711	0.624360	-0.132460
0.389316	0.293274	-8.136871
0.389922	0.055136	-16.269523
0.390527	-0.266229	-24.312162
0.391133	-0.531097	-32.355343
0.391738	-0.839705	-40.115198
0.392344	-1.077843	-47.761995
0.392949	-1.325701	-55.144446
0.393555	-1.619729	-62.278817
0.394160	-1.826885	-69.100040
0.394766	-2.105118	-75.716293
0.395371	-2.257599	-82.036206
0.395977	-2.445923	-87.573654
0.396582	-2.680416	-92.887424
0.397187	-2.861450	-98.017372
0.397793	-2.972621	-102.477100
0.398398	-3.150618	-106.443381
0.399004	-3.205292	-109.927331
0.399609	-3.347446	-112.931934
0.400215	-3.422168	-115.410283
0.400820	-3.453758	-117.319542
0.401426	-3.537592	-118.714749
0.402031	-3.552780	-119.535443
0.402637	-3.530910	-119.777558
0.403242	-3.530302	-119.335896
0.403848	-3.523012	-118.601419
0.404453	-3.431888	-117.286194
0.405059	-3.331651	-114.986244
0.405664	-3.326184	-112.516300
0.406270	-3.184030	-109.464251
0.406875	-3.099588	-105.899234
0.407480	-2.967154	-101.822876
0.408086	-2.811635	-97.272322
0.408691	-2.565599	-92.271971
0.409297	-2.414941	-86.761094
0.409902	-2.189560	-80.940863
0.410508	-1.938057	-74.659720
0.411113	-1.721181	-68.184453
0.411719	-1.432620	-61.250713
0.412324	-1.194482	-53.854164
0.412930	-0.970924	-46.574741
0.413535	-0.669606	-38.916286
0.414141	-0.427215	-30.881781
0.414746	-0.135617	-22.927528
0.415352	0.087941	-14.888685
0.415957	0.361921	-6.730276
0.416563	0.703334	1.520044
0.417168	0.931145	9.648358
0.417773	1.245827	17.820323
0.418379	1.553828	25.809008
0.418984	1.785891	33.752687
0.419590	2.078704	41.574901
0.420195	2.315627	49.001274
0.420801	2.612085	56.411650
0.421406	2.802231	63.620581
0.422012	3.096259	70.220566
0.422617	3.240235	76.695563
0.423223	3.466224	82.857953
0.423828	3.728054	88.572174
0.424434	3.872031	93.808945
0.425039	4.044559	98.594293
0.425645	4.159983	102.998169
0.426250	4.315502	106.882028
0.426855	4.464946	110.296571
0.427461	4.486816	113.040623
0.428066	4.569435	115.461223
0.428672	4.611353	117.221906
0.429277	4.697009	118.350868
0.429883	4.721309	119.258051
0.430488	4.693972	119.447838
0.431094	4.664812	118.911825
0.431699	4.649625	117.940114
0.432305	4.599203	116.420461
0.432910	4.492283	114.336327
0.433516	4.435179	111.772031
0.434121	4.297885	108.619666
0.434727	4.116851	104.961924
0.435332	4.012969	100.865503
0.435937	3.898760	96.227918
0.436543	3.724409	91.191779
0.437148	3.525151	85.910815
0.437754	3.291265	79.814851
0.438359	3.095651	73.577901
0.438965	2.861158	67.174211
0.439570	2.601757	60.289545
0.440176	2.368479	53.109895
0.440781	2.124873	45.670509
0.441387	1.824163	38.053807
0.441992	1.573268	30.260602
0.442598	1.275595	22.243991
0.443203	0.980352	14.195117
0.443809	0.691792	6.057042
0.444414	0.460336	-2.060969
0.445020	0.139578	-10.340842
0.445625	-0.105243	-18.437706
0.446230	-0.367681	-26.244737
0.446836	-0.659278	-34.373594
0.447441	-0.947231	-42.070549
0.448047	-1.158032	-49.514545
0.448652	-1.446593	-56.862562
0.449258	-1.690806	-63.989342
0.449863	-1.917402	-70.754171
0.450469	-2.137315	-77.164369
0.451074	-2.363303	-83.241626
0.451680	-2.543730	-88.953407
0.452285	-2.710791	-94.295374
0.452891	-2.857197	-99.037342
0.453496	-3.055241	-103.442574
0.454102	-3.167020	-107.539266
0.454707	-3.224732	-110.709255
0.455313	-3.326791	-113.544675
0.455918	-3.441000	-115.973951
0.456523	-3.492030	-117.734905
0.457129	-3.566752	-118.930836
0.457734	-3.530302	-119.583161
0.458340	-3.514507	-119.723875
0.458945	-3.506002	-119.234495
0.459551	-3.484740	-118.208560
0.460156	-3.472590	-116.596453
0.460762	-3.387541	-114.509879
0.461367	-3.283052	-111.897865
0.461973	-3.187675	-108.563846
0.462578	-3.026689	-104.968192
0.463184	-2.863880	-100.824867
0.463789	-2.707753	-95.944082
0.464395	-2.507280	-90.842874
0.465000	-2.283722	-85.308679
0.465605	-2.052873	-79.392199
0.466211	-1.840857	-73.073371
0.466816	-1.583887	-66.350024
0.467422	-1.351216	-59.347148
0.468027	-1.098498	-52.073418
0.468633	-0.885874	-44.593363
0.469238	-0.588809	-36.844623
0.469844	-0.345203	-29.086936
0.470449	-0.051783	-21.034808
0.471055	0.278087	-12.697728
0.471660	0.522908	-4.726666
0.472266	0.852778	3.397310
0.472871	1.115823	11.654680
0.473477	1.386159	19.868669
0.474082	1.691122	27.906428
0.474687	1.948700	35.719424
0.475293	2.252447	43.487143
0.475898	2.484511	51.021152
0.476504	2.725079	58.303828
0.477109	2.974760	65.284201
0.477715	3.226870	71.925939
0.478320	3.392109	78.345356
0.478926	3.589545	84.134949
0.479531	3.794879	89.820160
0.480137	4.006287	95.222046
0.480742	4.118674	99.776667
0.481348	4.311857	104.019766
0.481953	4.415739	107.778908
0.482559	4.516583	111.062498
0.483164	4.607100	113.816039
0.483770	4.708552	116.049834
0.484375	4.775376	117.702609
0.484980	4.845238	118.846484
0.485586	4.804536	119.447838
0.486191	4.824584	119.230667
0.486797	4.771124	118.802291
0.487402	4.774769	117.785845
0.488008	4.671495	115.883092
0.488613	4.593735	113.733075
0.489219	4.536631	111.210803
0.489824	4.393262	107.850214
0.490430	4.208583	104.142586
0.491035	4.111384	99.851498
0.491641	3.924883	95.192764
0.492246	3.733522	90.013201
0.492852	3.532441	84.480633
0.493457	3.330145	78.514266
0.494063	3.100511	72.210891
0.494668	2.843541	65.484562
0.495273	2.613300	58.438306
0.495879	2.355722	51.405606
0.496484	2.050759	43.960797
0.497090	1.827201	36.144547
0.497695	1.538640	28.321520
0.498301	1.270127	20.387059
0.498906	0.968809	12.280164
0.499512	0.687539	4.121755
0.500117	0.422064	-3.981344
0.500723	0.141401	-12.138669
0.501328	-0.114963	-20.285148
0.501934	-0.404738	-28.317485
0.502539	-0.681756	-36.200973
0.503145	-0.969709	-43.791376
0.503750	-1.220604	-51.470979
0.504355	-1.432620	-58.745251
0.504961	-1.741228	-65.570270
0.505566	-1.952029	-72.326151
0.506172	-2.188345	-78.738789
0.506777	-2.437418	-84.730913
0.507383	-2.594759	-90.327466
0.507988	-2.784298	-95.533329
0.508594	-2.951967	-100.248727
0.509199	-3.127533	-104.543611
0.509805	-3.218657	-108.233887
0.510410	-3.330436	-111.524255
0.511016	-3.400906	-114.337714
0.511621	-3.474413	-116.501017
0.512227	-3.554602	-118.090621
0.512832	-3.582547	-119.343216
0.513437	-3.581939	-119.782980
0.514043	-3.586799	-119.618407
0.514648	-3.628109	-119.056637
0.515254	-3.576472	-117.913305
0.515859	-3.473198	-116.196002
0.516465	-3.451328	-113.950549
0.517070	-3.366279	-111.187247
0.517676	-3.268472	-107.850246
0.518281	-3.094121	-103.977774
0.518887	-2.941032	-99.682077
0.519492	-2.775793	-94.911911
0.520098	-2.609339	-89.814227
0.520703	-2.361481	-84.021380
0.521309	-2.164652	-77.884747
0.521914	-1.995161	-71.685213
0.522520	-1.718143	-64.829557
0.523125	-1.492762	-57.715520
0.523730	-1.213314	-50.385939
0.524336	-0.990364	-42.842983
0.524941	-0.692083	-35.103732
0.525547	-0.413243	-27.111523
0.526152	-0.181180	-19.115517
0.526758	0.146868	-10.941654
0.527363	0.405661	-2.883290
0.527969	0.689969	5.418002
0.528574	1.005867	13.547129
0.529180	1.285315	21.496230
0.529785	1.530135	29.795895
0.530391	1.822948	37.654982
0.530996	2.096321	45.275209
0.531602	2.325347	52.735472
0.532207	2.593252	59.877435
0.532813	2.830176	66.857537
0.533418	3.086539	73.419836
0.534023	3.282760	79.720770
0.534629	3.502673	85.596853
0.535234	3.673987	91.170632
0.535840	3.848946	96.122993
0.536445	4.036662	100.712318
0.537051	4.221948	105.014794
0.537656	4.297885	108.545920
0.538262	4.472844	111.583870
0.538867	4.548781	114.368862
0.539473	4.641727	116.489869
0.540078	4.684860	117.985663
0.540684	4.735889	118.937039
0.541289	4.766264	119.402289
0.541895	4.754722	119.257509
0.542500	4.740749	118.555296
0.543105	4.684860	117.269623
0.543711	4.645372	115.543373
0.544316	4.586445	113.252642
0.544922	4.444899	110.187579
0.545527	4.359849	106.967704
0.546133	4.215873	103.208562
0.546738	4.065822	98.698947
0.547344	3.923668	93.948574
0.547949	3.715904	88.777415
0.548555	3.598050	83.141820
0.549160	3.367202	77.071341
0.549766	3.129671	70.671175
0.550371	2.951067	64.000155
0.550977	2.678909	56.921635
0.551582	2.418901	49.607508
0.552187	2.180156	42.096274
0.552793	1.920147	34.440258
0.553398	1.644344	26.559481
0.554004	1.359429	18.330580
0.554609	1.092131	10.417810
0.555215	0.793851	2.312541
0.555820	0.488281	-5.986311
0.556426	0.264722	-14.048741
0.557031	-0.028091	-22.114968
0.557637	-0.341558	-30.083319
0.558242	-0.636194	-37.957589
0.558848	-0.879192	-45.619027
0.559453	-1.169575	-53.039706
0.560059	-1.397386	-60.235352
0.560664	-1.670759	-67.186985
0.561270	-1.897962	-73.911959
0.561875	-2.058948	-80.040458
0.562480	-2.328676	-86.129102
0.563086	-2.455643	-91.618019
0.563691	-2.670696	-96.451356
0.564297	-2.843225	-101.110903
0.564902	-2.942854	-105.287306
0.565508	-3.064961	-108.960501
0.566113	-3.306744	-112.117204
0.566719	-3.302491	-114.699123
0.567324	-3.400906	-116.810099
0.567930	-3.442215	-118.338428
0.568535	-3.491423	-119.252931
0.569141	-3.518760	-119.659618
0.569746	-3.544275	-119.577739
0.570352	-3.506002	-118.816421
0.570957	-3.443430	-117.432872
0.571562	-3.388148	-115.747833
0.572168	-3.318894	-113.379560
0.572773	-3.271509	-110.274371
0.573379	-3.102018	-106.873113
0.573984	-2.960472	-102.946416
0.574590	-2.814065	-98.556367
0.575195	-2.579572	-93.605091
0.575801	-2.451998	-88.261226
0.576406	-2.246057	-82.572762
0.577012	-2.046798	-76.441009
0.577617	-1.832960	-69.878439
0.578223	-1.612439	-63.138282
0.578828	-1.393133	-56.093653
0.579434	-1.082095	-48.503792
0.580039	-0.855500	-40.852657
0.580645	-0.608856	-33.204776
0.581250	-0.350671	-25.293632
0.581855	-0.037811	-17.177519
0.582461	0.228272	-9.010434
0.583066	0.501645	-0.775568
0.583672	0.761654	7.408327
0.584277	1.059326	15.569718
0.584883	1.380084	23.658991
0.585488	1.650419	31.522958
0.586094	1.920755	39.382317
0.586699	2.222680	47.108011
0.587305	2.446846	54.406413
0.587910	2.677087	61.432064
0.588516	2.945600	68.489436
0.589121	3.117521	74.975548
0.589727	3.348977	81.119773
0.590332	3.502066	86.967659
0.590938	3.747494	92.394217
0.591543	3.938855	97.344138
0.592148	4.070682	101.811999
0.592754	4.218910	105.829523
0.593359	4.368354	109.395895
0.593965	4.452189	112.418934
0.594570	4.548781	114.768499
0.595176	4.580370	116.760723
0.595781	4.613175	118.300981
0.596387	4.648410	118.905318
0.596992	4.667850	119.235819
0.597598	4.666027	119.116253
0.598203	4.641120	118.285527
0.598809	4.608315	116.843958
0.599414	4.539061	114.918974
0.600020	4.455226	112.501627
0.600625	4.353167	109.482926
0.601230	4.203116	106.030697
0.601836	4.102271	102.022121
0.602441	3.951612	97.602248
0.603047	3.773009	92.773249
0.603652	3.576788	87.209231
0.604258	3.375099	81.565502
0.604863	3.158223	75.553315
0.605469	2.962610	68.964717
0.606074	2.665544	62.092252
0.606680	2.473576	55.128960
0.607285	2.202633	47.798023
0.607891	1.958420	40.152311
0.608496	1.637055	32.391370
0.609102	1.444478	24.491614
0.609707	1.107318	16.459278
0.610313	0.871003	8.305478
0.610918	0.587302	0.053531
0.611523	0.290844	-7.973382
0.612129	0.015649	-16.138841
0.612734	-0.284454	-24.324633
0.613340	-0.550537	-32.035687
0.613945	-0.829377	-39.787409
0.614551	-1.057796	-47.488702
0.615156	-1.286821	-54.880913
0.615762	-1.579027	-62.032907
0.616367	-1.840250	-68.905644
0.616973	-2.044976	-75.475805
0.617578	-2.292226	-81.645244
0.618184	-2.495130	-87.492317
0.618789	-2.656724	-92.811780
0.619395	-2.859020	-97.890214
0.620000	-2.990239	-102.420706
0.620605	-3.136038	-106.238682
0.621211	-3.286697	-109.918384
0.621816	-3.357774	-113.028454
0.622422	-3.433711	-115.398083
0.623027	-3.543060	-117.285652
0.623633	-3.553387	-118.641817
0.624238	-3.609277	-119.506704
0.624844	-3.635399	-119.756681
0.625449	-3.563107	-119.412624
0.626055	-3.558247	-118.586507
0.626660	-3.536985	-117.115385
0.627266	-3.481095	-115.081680
0.627871	-3.382681	-112.580827
0.628477	-3.212582	-109.651598
0.629082	-3.126318	-106.060011
0.629687	-2.986594	-101.792239
0.630293	-2.866917	-97.371011
0.630898	-2.694388	-92.401298
0.631504	-2.506672	-86.928649
0.632109	-2.321994	-81.080763
0.632715	-2.031611	-74.817244
0.633320	-1.789220	-68.284497
0.633926	-1.628234	-61.339371
0.634531	-1.336029	-54.112546
0.635137	-1.082095	-46.684546
0.635742	-0.758908	-39.079774
0.636348	-0.452730	-31.147212
0.636953	-0.207909	-23.205702
0.637559	0.059389	-15.301337
0.638164	0.361314	-6.918979
0.638770	0.633472	1.399122
0.639375	0.931752	9.454775
0.639980	1.274380	17.615624
0.640586	1.502191	25.672904
0.641191	1.798648	33.574016
0.641797	2.053189	41.362611
0.642402	2.301047	48.942440
0.643008	2.623627	56.334380
0.643613	2.825316	63.345390
0.644219	3.105979	70.077683
0.644824	3.349584	76.495744
0.645430	3.504496	82.747334
0.646035	3.767541	88.359612
0.646641	3.955865	93.552732
0.647246	4.144189	98.592666
0.647852	4.271763	102.992475
0.648457	4.392047	106.830515
0.649062	4.530556	110.236381
0.649668	4.690327	113.171034
0.650273	4.706729	115.513007
0.650879	4.809396	117.289416
0.651484	4.836733	118.545264
0.652090	4.902950	119.289501
0.652695	4.867716	119.461665
0.653301	4.875006	118.921585
0.653906	4.840378	118.002202
0.654512	4.817294	116.677216
0.655117	4.717057	114.447488
0.655723	4.632007	111.853639
0.656328	4.514761	108.833854
0.656934	4.372607	105.245792
0.657539	4.221948	101.097044
0.658145	4.102271	96.513412
0.658750	3.922453	91.513604
0.659355	3.718334	86.102500
0.659961	3.523936	80.216657
0.660566	3.286405	73.932261
0.661172	3.096259	67.406293
0.661777	2.848401	60.609201
0.662383	2.587785	53.237324
0.662988	2.345394	45.993960
0.663594	2.047722	38.519870
0.664199	1.779816	30.605202
0.664805	1.464526	22.609467
0.665410	1.127973	14.509621
0.666016	0.849133	6.404624
0.666621	0.558750	-1.781982
0.667227	0.278695	-9.914363
0.667832	0.008359	-18.008516
0.668438	-0.299034	-26.069049
0.669043	-0.594276	-34.033875
0.669648	-0.831200	-41.891064
0.670254	-1.186585	-49.292765
0.670859	-1.378553	-56.649458
0.671465	-1.633701	-63.935931
0.672070	-1.880952	-70.680967
0.672676	-2.173157	-76.987053
0.673281	-2.324424	-83.077867
0.673887	-2.569852	-88.866105
0.674492	-2.710183	-94.125650
0.675098	-2.896684	-99.019177
0.675703	-3.123280	-103.413564
0.676309	-3.206507	-107.337821
0.676914	-3.324361	-110.663163
0.677520	-3.448898	-113.579921
0.678125	-3.560677	-115.999979
0.678730	-3.566145	-117.855827
0.679336	-3.670026	-118.856547
0.679941	-3.655446	-119.684833
0.680547	-3.722878	-119.886550
0.681152	-3.670026	-119.334269
0.681758	-3.643904	-118.322432
0.682363	-3.628109	-116.787054
0.682969	-3.549742	-114.652761
0.683574	-3.458010	-112.010381
0.684180	-3.365671	-108.814094
0.684785	-3.217442	-105.128698
0.685391	-3.096550	-100.994319
0.685996	-2.897899	-96.382491
0.686602	-2.727801	-91.146804
0.687207	-2.558917	-85.792908
0.687813	-2.292226	-79.792379
0.688418	-2.083855	-73.293795
0.689023	-1.891887	-66.716855
0.689629	-1.601504	-59.716962
0.690234	-1.350001	-52.442961
0.690840	-1.097283	-44.974835
0.691445	-0.814797	-37.267306
0.692051	-0.550537	-29.353180
0.692656	-0.286276	-21.313253
0.693262	0.030229	-13.162164
0.693867	0.333369	-5.024632
0.694473	0.600667	3.057320
0.695078	0.934790	11.306285
0.695684	1.173535	19.476894
0.696289	1.457843	27.293144
0.696895	1.798648	35.470261
0.697500	2.048329	43.219814
0.698105	2.260952	50.669503
0.698711	2.532503	57.953536
0.699316	2.839896	64.979457
0.699922	3.089576	71.688705
0.700527	3.304022	78.057421
0.701133	3.554918	84.018908
0.701738	3.675809	89.678633
0.702344	3.852591	94.850063
0.702949	4.067644	99.489004
0.703555	4.255360	103.822388
0.704160	4.322792	107.714652
0.704766	4.452189	110.843971
0.705371	4.517798	113.597784
0.705977	4.621073	115.936504
0.706582	4.701869	117.617747
0.707187	4.731029	118.736407
0.707793	4.764441	119.288146
0.708398	4.811826	119.374092
0.709004	4.783881	118.838621
0.709609	4.738319	117.698000
0.710215	4.678177	116.046581
0.710820	4.644157	113.975189
0.711426	4.512331	111.172846
0.712031	4.409664	107.807105
0.712637	4.247463	104.299296
0.713242	4.104094	100.102559
0.713848	3.986240	95.264070
0.714453	3.799739	90.214917
0.715059	3.567068	84.747420
0.715664	3.364164	78.724930
0.716270	3.158223	72.444330
0.716875	2.921908	65.793102
0.717480	2.658862	58.859905
0.718086	2.427406	51.631453
0.718691	2.124873	44.112085
0.719297	1.875193	36.458239
0.719902	1.578127	28.695129
0.720508	1.307792	20.563290
0.721113	1.007082	12.422776
0.721719	0.792028	4.481808
0.722324	0.463981	-3.700731
0.722930	0.169345	-11.896555
0.723535	-0.114963	-19.989623
0.724141	-0.323333	-28.015994
0.724746	-0.625259	-35.854205
0.725352	-0.904099	-43.582610
0.725957	-1.134947	-51.102521
0.726562	-1.448415	-58.393060
0.727168	-1.639169	-65.441485
0.727773	-1.941702	-72.189504
0.728379	-2.142175	-78.519449
0.728984	-2.357228	-84.414240
0.729590	-2.568637	-90.253991
0.730195	-2.755746	-95.354386
0.730801	-2.910657	-99.940729
0.731406	-3.063746	-104.251339
0.732012	-3.153048	-108.112695
0.732617	-3.299454	-111.400080
0.733223	-3.442215	-114.107801
0.733828	-3.474413	-116.325057
0.734434	-3.552172	-118.020399
0.735039	-3.616567	-119.191386
0.735645	-3.657876	-119.703812
0.736250	-3.631147	-119.665583
0.736855	-3.608669	-119.190031
0.737461	-3.543667	-117.869654
0.738066	-3.526050	-116.190309
0.738672	-3.455580	-114.124882
0.739277	-3.287304	-111.214360
0.739883	-3.216227	-107.823405
0.740488	-3.057671	-104.008953
0.741094	-2.912479	-99.746604
0.741699	-2.753923	-95.026868
0.742305	-2.550412	-89.755664
0.742910	-2.365126	-84.129559
0.743516	-2.148857	-78.106798
0.744121	-1.918009	-71.735913
0.744727	-1.656786	-64.924993
0.745332	-1.461780	-57.986102
0.745938	-1.183547	-50.691496
0.746543	-0.823302	-42.862504
0.747148	-0.639231	-35.185883
0.747754	-0.323941	-27.375056
0.748359	-0.062718	-19.263280
0.748965	0.259255	-11.137948
0.749570	0.525945	-2.974117
0.750176	0.782308	5.239873
0.750781	1.112786	13.405060
0.751387	1.374616	21.499212
0.751992	1.689907	29.490066
0.752598	1.943232	37.330988
0.753203	2.209923	45.055869
0.753809	2.464463	52.550294
0.754414	2.724472	59.545850
0.755020	2.944385	66.620303
0.755625	3.213505	73.390012
0.756230	3.414586	79.517969
0.756836	3.615060	85.480540
0.757441	3.818571	91.025851
0.758047	3.961940	96.059549
0.758652	4.116851	100.667854
0.759258	4.278445	104.801147
0.759863	4.471021	108.504167
0.760469	4.564575	111.642162
0.761074	4.599203	114.193444
0.761680	4.699439	116.265649
0.762285	4.776591	117.988646
0.762891	4.794209	118.871698
0.763496	4.833696	119.219551
0.764102	4.791171	119.260220
0.764707	4.726169	118.647207
0.765312	4.712804	117.325746
0.765918	4.575510	115.498638
0.766523	4.535416	113.247491
0.767129	4.412094	110.423457
0.767734	4.313072	107.076967
0.768340	4.220125	103.220762
0.768945	3.992315	98.836949
0.769551	3.859881	94.098234
0.770156	3.612630	88.747049
0.770762	3.435849	83.127450
0.771367	3.200140	77.232932
0.771973	3.003312	70.739227
0.772578	2.714144	63.987412
0.773184	2.525213	56.977216
0.773789	2.242120	49.779130
0.774395	1.953560	42.204452
0.775000	1.685654	34.458966
0.775605	1.414104	26.599607
0.776211	1.156526	18.619327
0.776816	0.840020	10.491013
0.777422	0.590340	2.306034
0.778027	0.249535	-5.807097
0.778633	-0.040848	-13.989365
0.779238	-0.294781	-22.177327
0.779844	-0.600351	-29.977309
0.780449	-0.890734	-37.788408
0.781055	-1.201772	-45.500545
0.781660	-1.443555	-53.056787
0.782266	-1.685338	-60.267616
0.782871	-1.955066	-67.174242
0.783477	-2.125773	-73.812185
0.784082	-2.400361	-80.092785
0.784687	-2.617237	-86.062406
0.785293	-2.770325	-91.512823
0.785898	-2.998744	-96.689675
0.786504	-3.114168	-101.332683
0.787109	-3.252677	-105.350478
0.787715	-3.416701	-109.059733
0.788320	-3.482310	-112.371519
0.788926	-3.586192	-114.860443
0.789531	-3.682176	-116.882490
0.790137	-3.694934	-118.406752
0.790742	-3.719233	-119.386867
0.791348	-3.751431	-119.833951
0.791953	-3.763581	-119.679139
0.792559	-3.758721	-118.955237
0.793164	-3.654839	-117.641367
0.793770	-3.592267	-115.826459
0.794375	-3.475020	-113.388236
0.794980	-3.420346	-110.620868
0.795586	-3.247817	-107.144780
0.796191	-3.113560	-102.997930
0.796797	-2.994491	-98.749679
0.797402	-2.801915	-93.884078
0.798008	-2.574104	-88.479210
0.798613	-2.323816	-82.699919
0.799219	-2.130025	-76.620493
0.799824	-1.888849	-70.097507
0.800430	-1.650104	-63.270049
0.801035	-1.344533	-56.135406
0.801641	-1.134947	-48.749160
0.802246	-0.845172	-41.191834
0.802852	-0.591239	-33.318919
0.803457	-0.307539	-25.358160
0.804063	-0.003183	-17.474129
0.804668	0.238600	-9.170126
0.805273	0.574545	-0.873986
0.805879	0.838805	7.186276
0.806484	1.161386	15.391318
0.807090	1.452983	23.477066
0.807695	1.725749	31.435927
0.808301	1.967532	39.230216
0.808906	2.275532	46.874302
0.809512	2.564093	54.355442
0.810117	2.799801	61.492795
0.810723	3.092614	68.305884
0.811328	3.288835	74.767054
0.811934	3.528796	81.109742
0.812539	3.725017	86.833994
0.813145	3.896330	92.165388
0.813750	4.085261	97.402972
0.814355	4.238958	101.848872
0.814961	4.431534	105.865854
0.815566	4.554855	109.421923
0.816172	4.695794	112.456349
0.816777	4.748647	114.910026
0.817383	4.760189	116.862394
0.817988	4.845846	118.267904
0.818594	4.884118	119.192439
0.819199	4.911455	119.487965
0.819805	4.921175	119.103781
0.820410	4.877436	118.334601
0.821016	4.840986	117.067365
0.821621	4.714627	115.022272
0.822227	4.643550	112.528739
0.822832	4.546958	109.710942
0.823438	4.356204	106.232956
0.824043	4.252930	102.265862
0.824648	4.085261	97.803965
0.825254	3.935210	92.931857
0.825859	3.687959	87.624593
0.826465	3.511178	81.871873
0.827070	3.287620	75.724123
0.827676	3.125419	69.260514
0.828281	2.827138	62.450407
0.828887	2.554980	55.181829
0.829492	2.292542	48.028479
0.830098	2.006412	40.639793
0.830703	1.757946	32.682016
0.831309	1.443263	24.769788
0.831914	1.206948	16.726607
0.832520	0.900162	8.573349
0.833125	0.565432	0.439070
0.833730	0.313929	-7.698733
0.834336	-0.005613	-15.857142
0.834941	-0.296604	-23.956988
0.835547	-0.570584	-31.888737
0.836152	-0.836060	-39.792560
0.836758	-1.120975	-47.294848
0.837363	-1.404068	-54.757822
0.837969	-1.662254	-62.079541
0.838574	-1.920439	-68.811564
0.839180	-2.134885	-75.319366
0.839785	-2.331106	-81.528119
0.840391	-2.587469	-87.407726
0.840996	-2.764858	-92.799038
0.841602	-2.947107	-97.764684
0.842207	-3.102625	-102.297615
0.842812	-3.271509	-106.344963
0.843418	-3.364456	-109.817255
0.844023	-3.503572	-112.913497
0.844629	-3.592874	-115.497856
0.845234	-3.651801	-117.430974
0.845840	-3.682784	-118.695499
0.846445	-3.742318	-119.702727
0.847051	-3.739888	-119.954873
0.847656	-3.736851	-119.536799
0.848262	-3.730776	-118.710954
0.848867	-3.671241	-117.327405
0.849473	-3.575257	-115.363650
0.850078	-3.451935	-112.790135
0.850684	-3.380858	-109.707449
0.851289	-3.200432	-106.163038
0.851895	-3.115383	-102.145785
0.852500	-2.956827	-97.593604
0.853105	-2.791588	-92.595152
0.853711	-2.578357	-87.293853
0.854316	-2.394286	-81.364088
0.854922	-2.190775	-75.104365
0.855527	-1.981189	-68.686846
0.856133	-1.695058	-61.700238
0.856738	-1.521315	-54.469888
0.857344	-1.227894	-47.026163
0.857949	-0.888304	-39.391567
0.858555	-0.699373	-31.616528
0.859160	-0.396840	-23.606153
0.859766	-0.124682	-15.449642
0.860371	0.138971	-7.374197
0.860977	0.529590	0.741916
0.861582	0.790813	9.078454
0.862187	1.099421	17.181825
0.862793	1.331484	25.098933
0.863398	1.653457	33.274694
0.864004	1.915895	41.102873
0.864609	2.194128	48.597298
0.865215	2.446239	55.907087
0.865820	2.722042	63.094057
0.866426	2.948030	69.877865
0.867031	3.177056	76.309752
0.867637	3.425521	82.375080
0.868242	3.565245	88.099604
0.868848	3.777869	93.481968
0.869453	3.925490	98.240475
0.870059	4.071897	102.648418
0.870664	4.229845	106.680312
0.871270	4.327652	109.926215
0.871875	4.489246	112.738861
0.872480	4.490461	115.320238
0.873086	4.608315	117.142466
0.873691	4.658130	118.344903
0.874297	4.610745	119.051996
0.874902	4.690327	119.314445
0.875508	4.709159	118.949511
0.876113	4.644157	118.031483
0.876719	4.638082	116.463028
0.877324	4.500181	114.488970
0.877930	4.444291	111.845506
0.878535	4.317325	108.707781
0.879141	4.207368	105.252841
0.879746	4.088906	101.210916
0.880352	3.887218	96.470574
0.880957	3.722587	91.546681
0.881563	3.520898	86.215288
0.882168	3.308275	80.366318
0.882773	3.084716	74.102799
0.883379	2.842933	67.481395
0.883984	2.616337	60.685929
0.884590	2.434089	53.591413
0.885195	2.101181	46.159075
0.885801	1.874585	38.481370
0.886406	1.610325	30.728292
0.887012	1.342419	22.739065
0.887617	1.053859	14.565202
0.888223	0.802963	6.681442
0.888828	0.467018	-1.502182
0.889434	0.177850	-9.695294
0.890039	-0.118000	-17.840147
0.890645	-0.419925	-25.843744
0.891250	-0.676288	-33.775222
0.891855	-0.951484	-41.574391
0.892461	-1.215744	-49.189195
0.893066	-1.451453	-56.517150
0.893672	-1.712676	-63.546325
0.894277	-1.952029	-70.438311
0.894883	-2.171942	-76.914392
0.895488	-2.344471	-82.942304
0.896094	-2.574712	-88.865834
0.896699	-2.741773	-94.026147
0.897305	-2.884535	-98.727176
0.897910	-3.094728	-103.183379
0.898516	-3.175525	-107.169452
0.899121	-3.270294	-110.557154
0.899727	-3.382681	-113.435412
0.900332	-3.509040	-115.770879
0.900937	-3.555210	-117.636487
0.901543	-3.578294	-118.937885
0.902148	-3.593482	-119.562013
0.902754	-3.605632	-119.727671
0.903359	-3.586799	-119.377107
0.903965	-3.543667	-118.237028
0.904570	-3.536377	-116.774040
0.905176	-3.444645	-114.862612
0.905781	-3.351091	-112.059184
0.906387	-3.245387	-108.772070
0.906992	-3.126925	-105.150388
0.907598	-2.955612	-101.035259
0.908203	-2.789765	-96.377882
0.908809	-2.642751	-91.256339
0.909414	-2.427090	-85.739225
0.910020	-2.203532	-79.828981
0.910625	-1.977544	-73.485480
0.911230	-1.710853	-66.882512
0.911836	-1.480005	-60.000016
0.912441	-1.250372	-52.600755
0.913047	-0.951484	-45.008454
0.913652	-0.687223	-37.433234
0.914258	-0.405953	-29.556253
0.914863	-0.107065	-21.479723
0.915469	0.164485	-13.326466
0.916074	0.437251	-5.194085
0.916680	0.755579	2.993877
0.917285	1.017409	11.191057
0.917891	1.299287	19.300392
0.918496	1.582987	27.350080
0.919102	1.866688	35.199136
0.919707	2.146136	42.950858
0.920312	2.389134	50.484054
0.920918	2.680732	57.601887
0.921523	2.892140	64.865585
0.922129	3.127849	71.510306
0.922734	3.334397	77.884444
0.923340	3.541553	83.872772
0.923945	3.694034	89.483423
0.924551	3.907873	94.725074
0.925156	4.060354	99.447522
0.925762	4.274193	103.729392
0.926367	4.348915	107.533541
0.926973	4.484386	110.828246
0.927578	4.539668	113.532985
0.928184	4.608923	115.711742
0.928789	4.690327	117.558642
0.929395	4.727384	118.581866
0.930000	4.739534	119.105137
0.930605	4.742572	119.342642
0.931211	4.720702	118.792530
0.931816	4.654485	117.674141
0.932422	4.610138	116.045496
0.933027	4.504433	113.905510
0.933633	4.402982	111.169863
0.934238	4.277838	107.969509
0.934844	4.183068	104.217958
0.935449	4.039092	100.020137
0.936055	3.846516	95.436234
0.936660	3.692212	90.198108
0.937266	3.482626	84.652797
0.937871	3.237198	78.959724
0.938477	3.034902	72.425622
0.939082	2.766389	65.786053
0.939688	2.554980	58.917654
0.940293	2.294972	51.772167
0.940898	1.944447	44.228397
0.941504	1.750656	36.579160
0.942109	1.417749	28.698112
0.942715	1.194798	20.735183
0.943320	0.848525	12.623137
0.943926	0.594592	4.446833
0.944531	0.310892	-3.698833
0.945137	-0.037203	-11.845041
0.945742	-0.282631	-20.174530
0.946348	-0.598529	-28.019519
0.946953	-0.882229	-35.724065
0.947559	-1.161677	-43.532995
0.948164	-1.413180	-51.083000
0.948770	-1.668936	-58.365135
0.949375	-1.866372	-65.370993
0.949980	-2.095398	-72.067770
0.950586	-2.348116	-78.483932
0.951191	-2.595974	-84.491781
0.951797	-2.786728	-90.157742
0.952402	-2.970191	-95.389904
0.953008	-3.146973	-100.182030
0.953613	-3.259359	-104.291736
0.954219	-3.426421	-108.205961
0.954824	-3.543060	-111.683676
0.955430	-3.642689	-114.256648
0.956035	-3.704046	-116.394465
0.956641	-3.830405	-118.147014
0.957246	-3.818863	-119.320442
0.957852	-3.841947	-119.842899
0.958457	-3.820078	-119.834494
0.959063	-3.794563	-119.248593
0.959668	-3.791525	-118.205035
0.960273	-3.699794	-116.459264
0.960879	-3.646334	-114.172328
0.961484	-3.526050	-111.539709
0.962090	-3.410626	-108.239039
0.962695	-3.242957	-104.248627
0.963301	-3.122065	-100.055144
0.963906	-2.945892	-95.370383
0.964512	-2.769110	-90.009979
0.965117	-2.511532	-84.392821
0.965723	-2.330499	-78.409373
0.966328	-2.077781	-71.998362
0.966934	-1.838427	-65.255223
0.967539	-1.599682	-58.167214
0.968145	-1.364581	-50.862847
0.968750	-1.104573	-43.444879
0.969355	-0.796572	-35.599348
0.969961	-0.500115	-27.643198
0.970566	-0.215807	-19.764589
0.971172	0.092801	-11.515625
0.971777	0.378324	-3.186136
0.972383	0.689969	4.892833
0.972988	0.948155	13.029010
0.973594	1.237322	21.196908
0.974199	1.594530	29.211350
0.974805	1.803508	37.045765
0.975410	2.109686	44.763055
0.976016	2.330207	52.232536
0.976621	2.613907	59.469935
0.977227	2.819848	66.352161
0.977832	3.104156	72.932625
0.978437	3.312527	79.331978
0.979043	3.478373	85.157631
0.979648	3.692212	90.660104
0.980254	3.901190	96.006138
0.980859	4.031194	100.605224
0.981465	4.176993	104.667754
0.982070	4.298492	108.360471
0.982676	4.424244	111.536695
0.983281	4.537846	114.216761
0.983887	4.642942	116.294660
0.984492	4.682430	117.890499
0.985098	4.777199	118.902878
0.985703	4.755329	119.399036
0.986309	4.771731	119.189728
0.986914	4.768694	118.608436
0.987520	4.723739	117.499266
0.988125	4.663597	115.550423
0.988730	4.561538	113.240170
0.989336	4.488031	110.546819
0.989941	4.383542	107.261603
0.990547	4.187928	103.362832
0.991152	4.026334	99.032159
0.991758	3.912733	94.263349
0.992363	3.695249	89.011667
0.992969	3.478981	83.365227
0.993574	3.273647	77.348431
0.994180	3.056164	71.015232
0.994785	2.842933	64.259622
0.995391	2.568953	57.096782
0.995996	2.307122	49.985998
0.996602	2.032534	42.603548
0.997207	1.772526	34.734971
0.997812	1.469386	26.805391
0.998418	1.231855	18.835142
0.999023	0.917780	10.794130
0.999629	0.633472	2.609965
1.000234	0.348557	-5.525941
1.000840	0.108596	-13.719325
1.001445	-0.168422	-21.765760
1.002051	-0.491610	-29.810296
1.002656	-0.770450	-37.699208
1.003262	-1.048683	-45.242435
1.003867	-1.300186	-52.807081
1.004473	-1.557157	-60.191972
1.005078	-1.820202	-66.969001
1.005684	-2.039508	-73.502561
1.006289	-2.283114	-79.879952
1.006895	-2.527327	-85.873703
1.007500	-2.684669	-91.401119
1.008105	-2.883320	-96.464099
1.008711	-3.037623	-101.159163
1.009316	-3.205292	-105.267242
1.009922	-3.353521	-108.981107
1.010527	-3.423991	-112.130218
1.011133	-3.538807	-114.869390
1.011738	-3.579509	-116.961658
1.012344	-3.650586	-118.323517
1.012949	-3.769048	-119.512127
1.013555	-3.713158	-119.957042
1.014160	-3.719841	-119.656907
1.014766	-3.711336	-119.015698
1.015371	-3.680354	-117.773134
1.015977	-3.629324	-115.951719
1.016582	-3.535162	-113.552538
1.017187	-3.459833	-110.683227
1.017793	-3.324361	-107.268684
1.018398	-3.190712	-103.369913
1.019004	-3.049166	-98.935671
1.019609	-2.855375	-94.050006
1.020215	-2.661584	-88.896200
1.020820	-2.469615	-83.065937
1.021426	-2.247879	-76.815160
1.022031	-2.054696	-70.580651
1.022637	-1.837820	-63.666975
1.023242	-1.528605	-56.491664
1.023848	-1.300794	-49.086710
1.024453	-1.013448	-41.528300
1.025059	-0.750403	-33.759226
1.025664	-0.477030	-25.779488
1.026270	-0.191507	-17.724919
1.026875	0.112241	-9.627784
1.027480	0.410521	-1.450668
1.028086	0.665669	6.818902
1.028691	0.960305	14.945047
1.029297	1.209378	22.855106
1.029902	1.498546	31.041170
1.030508	1.771311	38.928454
1.031113	2.016739	46.489576
1.031719	2.321094	53.931132
1.032324	2.557410	61.063605
1.032930	2.807091	67.929292
1.033535	3.010602	74.463123
1.034141	3.256638	80.682720
1.034746	3.432811	86.501053
1.035352	3.664267	91.935203
1.035957	3.817356	96.875906
1.036563	3.972267	101.366270
1.037168	4.136899	105.592831
1.037773	4.285735	109.063768
1.038379	4.393262	111.907051
1.038984	4.454619	114.651374
1.039590	4.531163	116.674776
1.040195	4.578548	118.084895
1.040801	4.606493	118.972828
1.041406	4.647195	119.250459
1.042012	4.651447	119.033831
1.042617	4.579763	118.207172
1.043223	4.537238	116.865648
1.043828	4.464946	115.014409
1.044434	4.362279	112.605468
1.045039	4.234098	109.509768
1.045645	4.116244	106.039644
1.046250	4.011755	102.362924
1.046855	3.844693	97.749469
1.047461	3.681277	92.858653
1.048066	3.521506	87.562777
1.048672	3.294910	81.845302
1.049277	3.077426	75.717345
1.049883	2.836858	69.244518
1.050488	2.627272	62.473724
1.051094	2.341142	55.409032
1.051699	2.078096	48.087042
1.052305	1.870333	40.518871
1.052910	1.607895	32.804293
1.053516	1.291390	24.888540
1.054121	1.023484	16.645269
1.054727	0.762261	8.696440
1.055332	0.455476	0.664375
1.055937	0.219160	-7.617125
1.056543	-0.092485	-15.726460
1.057148	-0.364036	-23.778046
1.057754	-0.641054	-31.695968
1.058359	-0.911997	-39.575661
1.058965	-1.165930	-47.181518
1.059570	-1.440518	-54.576982
1.060176	-1.674404	-61.731688
1.060781	-1.921654	-68.654583
1.061387	-2.168905	-75.291169
1.061992	-2.406436	-81.343483
1.062598	-2.583217	-87.277044
1.063203	-2.781260	-92.828590
1.063809	-2.907619	-97.591977
1.064414	-3.097765	-102.099965
1.065020	-3.261789	-106.237055
1.065625	-3.358989	-109.743780
1.066230	-3.459833	-112.799625
1.066836	-3.570397	-115.337351
1.067441	-3.660306	-117.327405
1.068047	-3.675494	-118.748911
1.068652	-3.662129	-119.589668
1.069258	-3.717411	-119.815244
1.069863	-3.689466	-119.690255
1.070469	-3.634792	-118.786868
1.071074	-3.589229	-117.255557
1.071680	-3.504787	-115.420857
1.072285	-3.381466	-113.023845
1.072891	-3.335904	-109.866328
1.073496	-3.153655	-106.208316
1.074102	-3.020006	-102.208686
1.074707	-2.869347	-97.682804
1.075312	-2.685884	-92.725563
1.075918	-2.498775	-87.312561
1.076523	-2.272787	-81.535710
1.077129	-2.083855	-75.290627
1.077734	-1.814127	-68.701216
1.078340	-1.638561	-61.837698
1.078945	-1.362151	-54.840786
1.079551	-1.123405	-47.252010
1.080156	-0.840920	-39.452570
1.080762	-0.598529	-31.777847
1.081367	-0.287491	-23.794585
1.081973	-0.056035	-15.709108
1.082578	0.227665	-7.535516
1.083184	0.528375	0.635364
1.083789	0.796281	8.832544
1.084395	1.116431	17.009390
1.085000	1.414711	25.039015
1.085605	1.694159	32.948531
1.086211	1.943232	40.719774
1.086816	2.237260	48.414560
1.087422	2.489371	55.759867
1.088027	2.743911	62.645346
1.088633	2.970507	69.616229
1.089238	3.223225	76.117254
1.089844	3.390287	82.224606
1.090449	3.605948	87.946961
1.091055	3.807636	93.276727
1.091660	3.933995	98.126061
1.092266	4.102271	102.534817
1.092871	4.296062	106.484831
1.093477	4.391439	109.953598
1.094082	4.464946	112.819385
1.094688	4.532986	115.099271
1.095293	4.594950	116.947527
1.095898	4.605278	118.431392
1.096504	4.656307	118.997500
1.097109	4.605885	119.155295
1.097715	4.630185	118.909114
1.098320	4.605278	117.981325
1.098926	4.479526	116.428595
1.099531	4.458871	114.444234
1.100137	4.339195	111.901357
1.100742	4.226200	108.812706
1.101348	4.127786	105.187500
1.101953	3.930350	101.075083
1.102559	3.800954	96.519648
1.103164	3.602910	91.651606
1.103770	3.412764	86.090028
1.104375	3.253600	80.294199
1.104980	2.991162	74.246495
1.105586	2.782184	67.569510
1.106191	2.584748	60.739883
1.106797	2.290112	53.629641
1.107402	1.987579	46.238515
1.108008	1.797433	38.624253
1.108613	1.505836	30.784957
1.109219	1.192975	22.887912
1.109824	0.956052	14.795929
1.110430	0.610387	6.692287
1.111035	0.422064	-1.569420
1.111641	0.109811	-9.613144
1.112246	-0.178142	-17.752845
1.112852	-0.516517	-25.994218
1.113457	-0.780778	-33.668941
1.114062	-1.075413	-41.449674
1.114668	-1.353646	-49.129819
1.115273	-1.596037	-56.436354
1.115879	-1.854222	-63.559610
1.116484	-2.124558	-70.356160
1.117090	-2.309844	-76.828174
1.117695	-2.541300	-83.000867
1.118301	-2.743596	-88.708039
1.118906	-2.948929	-94.002831
1.119512	-3.072251	-98.958445
1.120117	-3.213797	-103.363677
1.120723	-3.371138	-107.162132
1.121328	-3.509040	-110.707357
1.121934	-3.619604	-113.723075
1.122539	-3.671241	-115.906441
1.123145	-3.733206	-117.685018
1.123750	-3.763581	-119.052028
1.124355	-3.767833	-119.768339
1.124961	-3.807320	-119.913120
1.125566	-3.811573	-119.513211
1.126172	-3.767833	-118.521166
1.126777	-3.660914	-116.983890
1.127383	-3.595912	-114.870745
1.127988	-3.508432	-112.230806
1.128594	-3.388756	-109.273921
1.129199	-3.269687	-105.398467
1.129805	-3.140290	-101.227758
1.130410	-2.937387	-96.675576
1.131016	-2.816495	-91.543731
1.131621	-2.569852	-86.028244
1.132227	-2.336574	-80.094141
1.132832	-2.134885	-73.823030
1.133438	-1.928337	-67.179394
1.134043	-1.703563	-60.218000
1.134648	-1.409535	-53.006900
1.135254	-1.139807	-45.511662
1.135859	-0.873117	-37.826094
1.136465	-0.619184	-29.830360
1.137070	-0.327586	-21.978321
1.137676	-0.039633	-13.868715
1.138281	0.244675	-5.492322
1.138887	0.572722	2.610507
1.139492	0.879508	10.779219
1.140098	1.150451	18.932205
1.140703	1.420786	26.984875
1.141309	1.669859	34.850199
1.141914	1.991224	42.569928
1.142520	2.246980	50.171719
1.143125	2.516101	57.482321
1.143730	2.766996	64.432599
1.144336	2.984480	71.067017
1.144941	3.229908	77.566415
1.145547	3.396362	83.599478
1.146152	3.629032	89.077821
1.146758	3.772401	94.494619
1.147363	3.973482	99.341783
1.147969	4.107131	103.501105
1.148574	4.262043	107.307423
1.149180	4.344055	110.642255
1.149785	4.498966	113.461679
1.150391	4.559715	115.684900
1.150996	4.623502	117.397052
1.151602	4.664812	118.523575
1.152207	4.655092	119.121946
1.152813	4.665420	119.163700
1.153418	4.626540	118.613859
1.154023	4.604670	117.722130
1.154629	4.526303	115.973919
1.155234	4.430319	113.695660
1.155840	4.357419	111.223004
1.156445	4.238350	108.030512
1.157051	4.089514	104.280859
1.157656	3.932173	100.054570
1.158262	3.802776	95.422407
1.158867	3.585293	90.352649
1.159473	3.420054	84.885422
1.160078	3.240235	78.906855
1.160684	3.002097	72.657162
1.161289	2.757276	66.010544
1.161895	2.553158	58.907081
1.162500	2.323524	51.892817
1.163105	2.014309	44.554289
1.163711	1.778601	36.764338
1.164316	1.498546	28.903624
1.164922	1.194798	20.953167
1.165527	0.937827	12.878536
1.166133	0.604920	4.730159
1.166738	0.343697	-3.385142
1.167344	0.030229	-11.528096
1.167949	-0.203657	-19.669967
1.168555	-0.521377	-27.717215
1.169160	-0.795965	-35.634052
1.169766	-1.123405	-43.329380
1.170371	-1.388273	-50.914089
1.170977	-1.644636	-58.326093
1.171582	-1.884597	-65.123456
1.172187	-2.119698	-71.886387
1.172793	-2.345079	-78.400155
1.173398	-2.558309	-84.344018
1.174004	-2.757568	-90.006726
1.174609	-2.876637	-95.249190
1.175215	-3.089261	-100.018000
1.175820	-3.221695	-104.300141
1.176426	-3.324361	-108.091547
1.177031	-3.456188	-111.409027
1.177637	-3.551565	-114.301655
1.178242	-3.654839	-116.453299
1.178848	-3.707691	-118.096043
1.179453	-3.764796	-119.438923
1.180059	-3.770871	-119.884109
1.180664	-3.779983	-119.747463
1.181270	-3.733206	-119.294414
1.181875	-3.708906	-118.218591
1.182480	-3.651801	-116.546837
1.183086	-3.571004	-114.300028
1.183691	-3.462263	-111.537540
1.184297	-3.355951	-108.281063
1.184902	-3.246602	-104.486946
1.185508	-3.080756	-100.181759
1.186113	-2.913087	-95.443858
1.186719	-2.738128	-90.379793
1.187324	-2.554665	-84.626530
1.187930	-2.313489	-78.658265
1.188535	-2.108155	-72.496689
1.189141	-1.857867	-65.597111
1.189746	-1.609401	-58.424782
1.190352	-1.298364	-51.212598
1.190957	-1.080880	-43.683198
1.191563	-0.789890	-35.935813
1.192168	-0.543854	-27.997286
1.192773	-0.265014	-20.003450
1.193379	0.095838	-11.827418
1.193984	0.351594	-3.642710
1.194590	0.642584	4.571551
1.195195	0.920817	12.606598
1.195801	1.208163	20.791577
1.196406	1.476676	29.025901
1.197012	1.770704	36.773556
1.197617	2.055619	44.378058
1.198223	2.319272	51.930504
1.198828	2.569560	59.218060
1.199434	2.803446	66.114656
1.200039	3.020322	72.737144
1.200645	3.252993	79.071156
1.201250	3.460149	84.975164
1.201855	3.666697	90.523457
1.202461	3.825253	95.538719
1.203066	4.010540	100.296684
1.203672	4.097411	104.401510
1.204277	4.251108	107.917453
1.204883	4.375037	111.319253
1.205488	4.437609	114.066558
1.206094	4.506863	116.088063
1.206699	4.590698	117.677124
1.207305	4.574295	118.704143
1.207910	4.592520	119.171833
1.208516	4.596165	119.071246
1.209121	4.597380	118.427868
1.209727	4.574903	117.259050
1.210332	4.466769	115.483726
1.210937	4.427889	113.139041
1.211543	4.314895	110.320430
1.212148	4.195826	107.181621
1.212754	4.051242	103.148101
1.213359	3.958902	98.956244
1.213965	3.744456	94.355261
1.214570	3.545805	89.071856
1.215176	3.381782	83.460934
1.215781	3.170373	77.396420
1.216387	2.960787	71.051563
1.216992	2.738444	64.282125
1.217598	2.482081	57.322629
1.218203	2.163146	50.023142
1.218809	1.993047	42.586196
1.219414	1.669859	34.786485
1.220020	1.386766	26.847686
1.220625	1.152881	18.986701
1.221230	0.872218	10.890922
1.221836	0.536273	2.516155
1.222441	0.255002	-5.554951
1.223047	-0.043278	-13.597319
1.223652	-0.297819	-21.672764
1.224258	-0.593061	-29.678801
1.224863	-0.900454	-37.540871
1.225469	-1.129480	-45.251653
1.226074	-1.391311	-52.704867
1.226680	-1.676833	-59.958805
1.227285	-1.880952	-66.890375
1.227891	-2.151287	-73.507983
1.228496	-2.339611	-80.005483
1.229102	-2.560739	-85.902984
1.229707	-2.787335	-91.205639
1.230312	-2.950144	-96.435902
1.230918	-3.140898	-101.119850
1.231523	-3.258144	-105.272665
1.232129	-3.393008	-108.979480
1.232734	-3.534555	-112.184714
1.233340	-3.604417	-114.804049
1.233945	-3.675494	-116.919634
1.234551	-3.696149	-118.458265
1.235156	-3.734421	-119.470916
1.235762	-3.746571	-120.023739
1.236367	-3.746571	-119.762917
1.236973	-3.734421	-119.061518
1.237578	-3.701616	-118.031244
1.238184	-3.639044	-116.157774
1.238789	-3.590444	-113.669664
1.239395	-3.448290	-110.863524
