LabVIEW Measurement	
Writer_Version	2
Reader_Version	2
Separator	Tab
Decimal_Separator	.
Multi_Headings	No
X_Columns	One
Time_Pref	Absolute
Operator	AlunosGDS-JT
Date	2019/10/09
Time	15:00:21.5558046812497091865
***End_of_Header***	
	
Channels	2		
Samples	2048	2048	
Date	2019/10/09	2019/10/09	
Time	15:03:01.2100429624997080168	15:03:01.2100429624997080168	
Y_Unit_Label	g	Newtons	
X_Dimension	Time	Time	
X0	0.0000000000000000E+0	0.0000000000000000E+0	
Delta_X	0.000605	0.000605	
***End_of_Header***			
X_Value	Acceleration (Trigger)	Force (Trigger)	Comment
0.000000	0.459121	3.244125
0.000605	0.398979	7.198205
0.001211	0.212478	11.063628
0.001816	0.109811	14.979209
0.002422	-0.028698	18.831889
0.003027	-0.185432	22.685653
0.003633	-0.257116	26.481397
0.004238	-0.402308	30.236472
0.004844	-0.535349	33.989921
0.005449	-0.675073	37.879745
0.006055	-0.875547	41.376438
0.006660	-0.879192	45.004356
0.007266	-1.034103	48.700326
0.007871	-1.148920	52.268596
0.008477	-1.277101	55.739261
0.009082	-1.394348	59.053488
0.009687	-1.475752	62.443087
0.010293	-1.584494	65.685737
0.010898	-1.662254	68.823461
0.011504	-1.805623	71.898556
0.012109	-1.936842	74.909936
0.012715	-1.990909	77.848384
0.013320	-2.120913	80.610872
0.013926	-2.199887	83.209601
0.014531	-2.295264	86.034448
0.015137	-2.415548	88.461284
0.015742	-2.518215	90.802444
0.016348	-2.591114	93.256393
0.016953	-2.679809	95.470396
0.017559	-2.715651	97.538805
0.018164	-2.794625	99.483039
0.018770	-2.857805	101.344852
0.019375	-2.953789	103.096587
0.019980	-2.972014	104.814161
0.020586	-3.029118	106.233227
0.021191	-3.059493	107.513477
0.021797	-3.168235	108.946913
0.022402	-3.196787	109.961190
0.023008	-3.150618	110.869186
0.023613	-3.284874	111.862044
0.024219	-3.264219	112.703886
0.024824	-3.322539	113.212516
0.025430	-3.355344	113.656889
0.026035	-3.300669	114.028329
0.026641	-3.387541	114.191275
0.027246	-3.348054	114.220557
0.027852	-3.349269	114.153318
0.028457	-3.348661	114.027245
0.029062	-3.341371	113.727381
0.029668	-3.339549	113.157748
0.030273	-3.251462	112.521148
0.030879	-3.250247	111.943110
0.031484	-3.323146	111.076325
0.032090	-3.279407	109.988574
0.032695	-3.232022	108.904618
0.033301	-3.140898	107.731190
0.033906	-3.128140	106.400511
0.034512	-3.103233	104.864862
0.035117	-3.039446	103.262244
0.035723	-3.066176	101.546297
0.036328	-2.905797	99.698583
0.036934	-2.911264	97.710698
0.037539	-2.787335	95.578032
0.038145	-2.720511	93.509081
0.038750	-2.632424	91.159515
0.039355	-2.615414	88.584103
0.039961	-2.532187	86.290932
0.040566	-2.471438	83.843219
0.041172	-2.331106	80.957641
0.041777	-2.304984	78.162889
0.042383	-2.168905	75.286528
0.042988	-2.049836	72.327204
0.043594	-1.954459	69.301725
0.044199	-1.803800	66.138244
0.044805	-1.727863	62.876073
0.045410	-1.642206	59.659993
0.046016	-1.541969	56.172247
0.046621	-1.419255	52.683416
0.047227	-1.332991	49.381933
0.047832	-1.224857	45.830743
0.048438	-1.021953	42.025239
0.049043	-0.971531	38.397321
0.049648	-0.850032	34.773471
0.050254	-0.684186	31.142842
0.050859	-0.639839	27.284739
0.051465	-0.494647	23.450225
0.052070	-0.294781	19.616523
0.052676	-0.202442	15.727784
0.053281	-0.127720	11.866157
0.053887	0.041771	7.924006
0.054492	0.205188	4.037978
0.055098	0.275657	0.107756
0.055703	0.500430	-3.921968
0.056309	0.603097	-7.709849
0.056914	0.698474	-11.429949
0.057520	0.793243	-15.398128
0.058125	0.953015	-19.318589
0.058730	1.109748	-23.107555
0.059336	1.175358	-27.045097
0.059941	1.329662	-30.782278
0.060547	1.451161	-34.583173
0.061152	1.567800	-38.317914
0.061758	1.751871	-41.953423
0.062363	1.801078	-45.606284
0.062969	1.943840	-49.258332
0.063574	2.044684	-52.694836
0.064180	2.185623	-56.059491
0.064785	2.324132	-59.744887
0.065391	2.417079	-63.063452
0.065996	2.497876	-66.165388
0.066602	2.585963	-69.263257
0.067207	2.727509	-72.389323
0.067812	2.849616	-75.422123
0.068418	2.966862	-78.350539
0.069023	3.050089	-81.164812
0.069629	3.149111	-83.873346
0.070234	3.240843	-86.547990
0.070840	3.325285	-89.078937
0.071445	3.360519	-91.537495
0.072051	3.491738	-93.960806
0.072656	3.523328	-96.188366
0.073262	3.595013	-98.040960
0.073867	3.714082	-100.171185
0.074473	3.768756	-102.143616
0.075078	3.805206	-103.797205
0.075684	3.833151	-105.432900
0.076289	3.861703	-106.934387
0.076895	3.904835	-108.353182
0.077500	4.000820	-109.615809
0.078105	4.130824	-110.673737
0.078711	4.056102	-111.660088
0.079316	4.150263	-112.597637
0.079922	4.192788	-113.351092
0.080527	4.194003	-113.843183
0.081133	4.204938	-114.420136
0.081738	4.272370	-114.820587
0.082344	4.247463	-114.837397
0.082949	4.283912	-114.873999
0.083555	4.240173	-114.822214
0.084160	4.293025	-114.579286
0.084766	4.186713	-114.196730
0.085371	4.307605	-113.723888
0.085977	4.296062	-113.127143
0.086582	4.248678	-112.404596
0.087188	4.218303	-111.487924
0.087793	4.126571	-110.442197
0.088398	4.172133	-109.466691
0.089004	4.068252	-108.151465
0.089609	4.059139	-106.564302
0.090215	3.994137	-105.089927
0.090820	3.933995	-103.432814
0.091426	3.895723	-101.668335
0.092031	3.817356	-99.794593
0.092637	3.740204	-97.781222
0.093242	3.664267	-95.663740
0.093848	3.641182	-93.365146
0.094453	3.598050	-91.032932
0.095059	3.488093	-88.653001
0.095664	3.461971	-86.073522
0.096270	3.338042	-83.427075
0.096875	3.226870	-80.532007
0.097480	3.232338	-77.898845
0.098086	3.163083	-74.870655
0.098691	2.981442	-71.709343
0.099297	2.869055	-68.599002
0.099902	2.746341	-65.474834
0.100508	2.638815	-62.168470
0.101113	2.612692	-58.833367
0.101719	2.407359	-55.437260
0.102324	2.336282	-51.947887
0.102930	2.234830	-48.400494
0.103535	2.095714	-44.778270
0.104141	1.974215	-41.184514
0.104746	1.878838	-37.588860
0.105352	1.745189	-33.827278
0.105957	1.655887	-29.806501
0.106563	1.501583	-26.151470
0.107168	1.332092	-22.322650
0.107773	1.222135	-18.366129
0.108379	1.070869	-14.547068
0.108984	0.997969	-10.595699
0.109590	0.827871	-6.684456
0.110195	0.691792	-2.697570
0.110801	0.593377	1.193339
0.111406	0.470056	5.101599
0.112012	0.344912	9.019078
0.112617	0.129858	12.982377
0.113223	0.053921	16.891722
0.113828	-0.119215	20.542414
0.114434	-0.187254	24.428171
0.115039	-0.363428	28.440001
0.115645	-0.532312	32.095573
0.116250	-0.649559	35.861493
0.116855	-0.772880	39.579967
0.117461	-0.912604	43.198937
0.118066	-1.037141	46.821975
0.118672	-1.183547	50.344154
0.119277	-1.311121	53.860910
0.119883	-1.365796	57.284942
0.120488	-1.506735	60.667492
0.121094	-1.652534	63.811453
0.121699	-1.682301	67.037835
0.122305	-1.845110	70.332812
0.122910	-1.993339	73.201038
0.123516	-2.006096	76.153042
0.124121	-2.163437	79.102064
0.124727	-2.284329	81.835271
0.125332	-2.353583	84.612400
0.125938	-2.520037	87.071499
0.126543	-2.567422	89.629288
0.127148	-2.599012	92.025487
0.127754	-2.742988	94.278261
0.128359	-2.791588	96.384628
0.128965	-2.916732	98.342147
0.129570	-2.939817	100.361483
0.130176	-3.057063	102.146838
0.130781	-3.084401	103.681945
0.131387	-3.030941	105.475976
0.131992	-3.201647	106.944387
0.132598	-3.225340	108.127032
0.133203	-3.260574	109.373121
0.133809	-3.289734	110.492052
0.134414	-3.344409	111.346094
0.135020	-3.358381	112.102803
0.135625	-3.461048	112.783054
0.136230	-3.354736	113.371395
0.136836	-3.447075	113.772117
0.137441	-3.393008	113.965700
0.138047	-3.421561	114.043512
0.138652	-3.462263	114.177448
0.139258	-3.481703	114.092857
0.139863	-3.434925	113.680748
0.140469	-3.388756	113.366785
0.141074	-3.401513	112.982873
0.141680	-3.377821	112.260326
0.142285	-3.329221	111.461322
0.142891	-3.253892	110.561731
0.143496	-3.270294	109.505972
0.144102	-3.186460	108.393006
0.144707	-3.191927	107.070460
0.145313	-3.091691	105.627535
0.145918	-3.061923	104.100019
0.146523	-3.026689	102.483575
0.147129	-2.941639	100.498401
0.147734	-2.860235	98.806041
0.148340	-2.783690	96.829543
0.148945	-2.728408	94.562129
0.149551	-2.675556	92.392861
0.150156	-2.567422	90.111077
0.150762	-2.496952	87.603446
0.151367	-2.375453	85.044572
0.151973	-2.303769	82.353119
0.152578	-2.205962	79.683355
0.153184	-2.094790	76.894297
0.153789	-2.014601	73.887254
0.154395	-1.917402	70.750343
0.155000	-1.806838	67.706157
0.155605	-1.710246	64.690981
0.156211	-1.636131	61.215706
0.156816	-1.469678	57.944046
0.157422	-1.362151	54.658830
0.158027	-1.249764	51.150207
0.158633	-1.157425	47.666528
0.159238	-1.044431	44.079550
0.159844	-0.913212	40.482269
0.160449	-0.770450	36.818021
0.161055	-0.631334	33.065386
0.161660	-0.543247	29.289976
0.162266	-0.409598	25.540866
0.162871	-0.278379	21.771693
0.163477	-0.150197	17.709433
0.164082	0.032659	13.836419
0.164687	0.118923	10.149938
0.165293	0.205188	6.156545
0.165898	0.385614	2.164778
0.166504	0.474308	-1.723148
0.167109	0.622537	-5.589113
0.167715	0.742214	-9.469719
0.168320	0.901985	-13.378250
0.168926	1.062971	-17.216832
0.169531	1.136478	-21.104758
0.170137	1.262837	-24.965843
0.170742	1.395879	-28.845364
0.171348	1.564763	-32.659002
0.171953	1.660747	-36.281497
0.172559	1.805331	-39.973400
0.173164	1.937157	-43.795172
0.173770	2.013702	-47.268549
0.174375	2.143706	-50.707221
0.174980	2.225110	-54.315889
0.175586	2.363619	-57.732601
0.176191	2.438341	-61.121387
0.176797	2.568345	-64.416635
0.177402	2.683162	-67.647355
0.178008	2.799193	-70.790773
0.178613	2.879383	-73.849871
0.179219	2.970507	-76.806485
0.179824	3.122989	-79.666577
0.180430	3.225655	-82.631324
0.181035	3.313742	-85.057618
0.181641	3.353229	-87.739853
0.182246	3.442531	-90.399314
0.182852	3.505711	-92.693028
0.183457	3.602910	-94.899711
0.184062	3.604733	-97.074401
0.184668	3.726839	-99.126814
0.185273	3.798524	-101.110090
0.185879	3.870208	-102.922015
0.186484	3.932780	-104.594311
0.187090	3.984417	-106.221601
0.187695	4.038484	-107.669948
0.188301	4.094981	-108.925526
0.188906	4.142366	-110.159414
0.189512	4.213443	-111.348837
0.190117	4.234098	-112.100123
0.190723	4.215873	-112.788780
0.191328	4.270548	-113.531119
0.191934	4.320970	-114.119188
0.192539	4.324615	-114.501203
0.193145	4.297885	-114.759584
0.193750	4.314287	-114.888368
0.194355	4.344662	-114.925512
0.194961	4.296670	-114.775309
0.195566	4.386579	-114.453213
0.196172	4.338587	-114.007214
0.196777	4.269940	-113.576939
0.197383	4.310035	-112.874726
0.197988	4.257790	-111.895967
0.198594	4.202508	-111.154170
0.199199	4.173348	-110.135013
0.199805	4.133254	-108.791048
0.200410	4.121104	-107.384996
0.201016	3.972875	-105.995483
0.201621	4.009325	-104.422961
0.202227	3.908480	-102.679630
0.202832	3.937640	-100.795856
0.203437	3.838618	-98.857587
0.204043	3.799739	-96.858043
0.204648	3.666090	-94.668170
0.205254	3.612022	-92.265193
0.205859	3.540945	-90.115989
0.206465	3.575573	-87.431856
0.207070	3.404259	-84.699191
0.207676	3.338042	-82.038917
0.208281	3.220795	-79.254197
0.208887	3.113269	-76.401696
0.209492	3.067706	-73.400889
0.210098	2.901860	-70.350467
0.210703	2.865410	-67.172073
0.211309	2.725079	-63.922917
0.211914	2.588393	-60.670235
0.212520	2.458388	-57.235087
0.213125	2.289505	-53.939568
0.213730	2.219643	-50.388650
0.214336	2.050151	-46.635744
0.214941	1.942017	-43.200325
0.215547	1.833276	-39.583523
0.216152	1.672897	-35.769072
0.216758	1.595745	-31.894702
0.217363	1.409244	-28.204697
0.217969	1.294427	-24.362591
0.218574	1.169890	-20.524009
0.219180	1.042316	-16.551492
0.219785	0.942080	-12.638352
0.220391	0.779271	-8.799770
0.220996	0.697259	-4.871175
0.221602	0.481598	-0.890253
0.222207	0.363136	2.982761
0.222812	0.298134	6.785554
0.223418	0.147476	10.996389
0.224023	-0.030521	14.863981
0.224629	-0.116178	18.658911
0.225234	-0.306324	22.498577
0.225840	-0.393195	26.326585
0.226445	-0.556612	30.140223
0.227051	-0.679326	33.902076
0.227656	-0.810545	37.580965
0.228262	-0.933259	41.307843
0.228867	-1.046253	44.935761
0.229473	-1.198127	48.495084
0.230078	-1.319626	51.878448
0.230684	-1.386451	55.515312
0.231289	-1.526782	58.940971
0.231895	-1.661039	62.041009
0.232500	-1.756415	65.387500
0.233105	-1.841465	68.648586
0.233711	-1.896747	71.751335
0.234316	-2.077173	74.684632
0.234922	-2.125165	77.600848
0.235527	-2.198672	80.430303
0.236133	-2.309844	83.197943
0.236738	-2.369378	85.781489
0.237344	-2.488447	88.284240
0.237949	-2.549805	90.828201
0.238555	-2.631209	93.156348
0.239160	-2.723548	95.138268
0.239766	-2.720511	97.402972
0.240371	-2.844440	99.500933
0.240977	-2.916124	101.278426
0.241582	-2.910657	103.028806
0.242187	-2.971406	104.651758
0.242793	-2.963509	106.188221
0.243398	-3.047343	107.578276
0.244004	-3.102018	108.857442
0.244609	-3.106270	109.954141
0.245215	-3.150618	111.010171
0.245820	-3.159123	111.867467
0.246426	-3.190712	112.463127
0.247031	-3.208937	113.220378
0.247637	-3.237489	113.743649
0.248242	-3.211367	113.903341
0.248848	-3.186460	114.104787
0.249453	-3.240527	114.296200
0.250059	-3.173702	114.334158
0.250664	-3.232629	114.046495
0.251270	-3.184030	113.727652
0.251875	-3.155478	113.275688
0.252480	-3.143935	112.716087
0.253086	-3.100803	112.013603
0.253691	-3.106878	111.166610
0.254297	-2.973836	110.204389
0.254902	-2.987201	109.091151
0.255508	-2.978696	107.775926
0.256113	-2.862057	106.366621
0.256719	-2.854160	105.126497
0.257324	-2.803738	103.593830
0.257930	-2.753316	101.705176
0.258535	-2.692566	99.916025
0.259141	-2.651256	97.928411
0.259746	-2.517607	95.912058
0.260352	-2.458073	93.720829
0.260957	-2.455643	91.360690
0.261562	-2.374238	88.949850
0.262168	-2.294049	86.497800
0.262773	-2.181662	83.830205
0.263379	-2.099043	81.075309
0.263984	-2.019461	78.485798
0.264590	-2.004274	75.466013
0.265195	-1.849362	72.345911
0.265801	-1.784968	69.425900
0.266406	-1.652534	66.354059
0.267012	-1.530427	63.076705
0.267617	-1.473930	59.730486
0.268223	-1.358506	56.363119
0.268828	-1.232147	53.003343
0.269434	-1.141630	49.490654
0.270039	-1.038963	45.916690
0.270645	-0.878584	42.297448
0.271250	-0.839705	38.706132
0.271855	-0.703018	34.901170
0.272461	-0.600351	31.062047
0.273066	-0.433898	27.539867
0.273672	-0.352493	23.770423
0.274277	-0.255294	19.766184
0.274883	-0.121037	15.916215
0.275488	0.058174	12.059198
0.276094	0.095231	8.126536
0.276699	0.293274	4.257588
0.277305	0.371641	0.283174
0.277910	0.500430	-3.629696
0.278516	0.572115	-7.540668
0.279121	0.734924	-11.422900
0.279727	0.832123	-15.402466
0.280332	1.038064	-19.183569
0.280938	1.029559	-23.030285
0.281543	1.226388	-27.087121
0.282148	1.443263	-30.801528
0.282754	1.508265	-34.444357
0.283359	1.671074	-38.146021
0.283965	1.773134	-41.899469
0.284570	1.867903	-45.551246
0.285176	2.027067	-49.057157
0.285781	2.128518	-52.597502
0.286387	2.237868	-56.081995
0.286992	2.331422	-59.513618
0.287598	2.469931	-62.828929
0.288203	2.523998	-66.054227
0.288809	2.670404	-69.360862
0.289414	2.804053	-72.464425
0.290020	2.867840	-75.255923
0.290625	2.943777	-78.261610
0.291230	3.093221	-81.144477
0.291836	3.232338	-83.851656
0.292441	3.300377	-86.512472
0.293047	3.376314	-89.062941
0.293652	3.463794	-91.528548
0.294258	3.541553	-93.878927
0.294863	3.647865	-96.032469
0.295469	3.703754	-98.120399
0.296074	3.755391	-100.225410
0.296680	3.834973	-102.135483
0.297285	3.911518	-103.686857
0.297891	3.975305	-105.474382
0.298496	4.003250	-107.117939
0.299102	4.044559	-108.329594
0.299707	4.045774	-109.528507
0.300312	4.176993	-110.641202
0.300918	4.144189	-111.727598
0.301523	4.250500	-112.558053
0.302129	4.217695	-113.327504
0.302734	4.251715	-113.892528
0.303340	4.269940	-114.353169
0.303945	4.328260	-114.721627
0.304551	4.298492	-114.862612
0.305156	4.327045	-115.030438
0.305762	4.320362	-115.086289
0.306367	4.339802	-114.553801
0.306973	4.293025	-114.199170
0.307578	4.246855	-113.852673
0.308184	4.310642	-113.237762
0.308789	4.286342	-112.457466
0.309395	4.267510	-111.522086
0.310000	4.227415	-110.528957
0.310605	4.190966	-109.377491
0.311211	4.149048	-108.127606
0.311816	4.018437	-106.748125
0.312422	3.989885	-105.248806
0.313027	3.963155	-103.683604
0.313633	3.925490	-101.740454
0.314238	3.763289	-99.900603
0.314844	3.714082	-98.101692
0.315449	3.712259	-95.916970
0.316055	3.553703	-93.477933
0.316660	3.563423	-91.111287
0.317266	3.444354	-88.777176
0.317871	3.362949	-86.202577
0.318477	3.285797	-83.552606
0.319082	3.160046	-80.778459
0.319688	3.140606	-77.906437
0.320293	3.005742	-75.016791
0.320898	2.903683	-71.935732
0.321504	2.763959	-68.886936
0.322109	2.678909	-65.807775
0.322715	2.624842	-62.313521
0.323320	2.410396	-58.917144
0.323926	2.352684	-55.701336
0.324531	2.207493	-52.124932
0.325137	2.093284	-48.534429
0.325742	1.960242	-44.940402
0.326348	1.876408	-41.281847
0.326953	1.730609	-37.635764
0.327559	1.639485	-33.857915
0.328164	1.525275	-30.055393
0.328770	1.404384	-26.304385
0.329375	1.246435	-22.495085
0.329980	1.080589	-18.485966
0.330586	1.056289	-14.597498
0.331191	0.878900	-10.886887
0.331797	0.759831	-6.881564
0.332402	0.639547	-2.827710
0.333008	0.531413	1.086787
0.333613	0.512580	5.032191
0.334219	0.286592	8.906290
0.334824	0.104951	12.858744
0.335430	-0.011081	16.730945
0.336035	-0.082765	20.603959
0.336641	-0.186039	24.443083
0.337246	-0.299034	28.309048
0.337852	-0.449085	32.077950
0.338457	-0.590632	35.678484
0.339062	-0.662316	39.441422
0.339668	-0.761945	43.317961
0.340273	-0.931436	46.760972
0.340879	-1.061441	50.306196
0.341484	-1.108825	53.863622
0.342090	-1.219389	57.305277
0.342695	-1.343926	60.646887
0.343301	-1.388273	63.920174
0.343906	-1.493370	67.153605
0.344512	-1.621551	70.269911
0.345117	-1.730293	73.290238
0.345723	-1.776463	76.231669
0.346328	-1.871232	79.160898
0.346934	-1.976936	82.025600
0.347539	-2.066846	84.545974
0.348145	-2.131848	86.967388
0.348750	-2.175587	89.663721
0.349355	-2.281292	92.111434
0.349961	-2.393071	94.376408
0.350566	-2.396108	96.506363
0.351172	-2.500597	98.513769
0.351777	-2.558309	100.450954
0.352383	-2.666444	102.218144
0.352988	-2.704716	103.912672
0.353594	-2.707753	105.467300
0.354199	-2.813458	106.954690
0.354805	-2.873600	108.195627
0.355410	-2.866310	109.303713
0.356016	-2.820748	110.684279
0.356621	-3.001174	111.518258
0.357227	-2.996921	112.156214
0.357832	-3.032763	112.877677
0.358438	-3.060708	113.477947
0.359043	-3.119028	113.888158
0.359648	-3.143935	114.131357
0.360254	-3.134823	114.291049
0.360859	-3.165805	114.278577
0.361465	-3.134823	114.217032
0.362070	-3.179170	113.929911
0.362676	-3.160338	113.464661
0.363281	-3.148795	113.089696
0.363887	-3.125710	112.383417
0.364492	-3.124495	111.411435
0.365098	-3.091083	110.615142
0.365703	-3.117205	109.668104
0.366309	-3.131785	108.442621
0.366914	-3.074073	107.095403
0.367520	-2.976874	105.747101
0.368125	-2.939817	104.178917
0.368730	-2.905797	102.504180
0.369336	-2.902152	100.699575
0.369941	-2.860235	98.748834
0.370547	-2.799485	96.783723
0.371152	-2.733876	94.700131
0.371758	-2.638499	92.276006
0.372363	-2.682846	90.018352
0.372969	-2.613592	87.670685
0.373574	-2.457465	85.008513
0.374180	-2.406436	82.385111
0.374785	-2.324424	79.735411
0.375391	-2.242412	76.840343
0.375996	-2.121520	73.902709
0.376602	-2.034648	70.854455
0.377207	-1.890064	67.773667
0.377812	-1.882774	64.594189
0.378418	-1.750340	61.289452
0.379023	-1.648281	57.895786
0.379629	-1.500052	54.549024
0.380234	-1.436265	51.207414
0.380840	-1.297756	47.523916
0.381445	-1.173220	43.900336
0.382051	-1.018916	40.477660
0.382656	-0.942371	36.745359
0.383262	-0.765590	33.046136
0.383867	-0.651381	29.303262
0.384473	-0.563902	25.512398
0.385078	-0.421140	21.666496
0.385684	-0.300856	17.837133
0.386289	-0.136225	13.967101
0.386895	0.001677	10.088664
0.387500	0.074576	6.176066
0.388105	0.250750	2.146884
0.388711	0.375894	-1.823735
0.389316	0.376501	-5.561187
0.389922	0.614032	-9.490053
0.390527	0.751326	-13.445489
0.391133	0.928715	-17.235268
0.391738	0.984604	-21.128888
0.392344	1.182648	-24.968825
0.392949	1.363074	-28.791139
0.393555	1.505836	-32.539978
0.394160	1.637662	-36.287191
0.394766	1.700234	-40.018407
0.395371	1.910428	-43.670726
0.395977	2.047114	-47.305693
0.396582	2.134593	-50.712102
0.397187	2.245158	-54.295284
0.397793	2.372732	-57.928082
0.398398	2.518531	-61.068246
0.399004	2.593860	-64.337737
0.399609	2.762136	-67.537007
0.400215	2.861765	-70.698319
0.400820	2.992377	-73.725425
0.401426	3.091399	-76.734636
0.402031	3.162476	-79.598254
0.402637	3.348977	-82.380534
0.403242	3.359304	-85.120248
0.403848	3.469869	-87.697287
0.404453	3.587115	-90.218745
0.405059	3.652725	-92.741830
0.405664	3.710437	-94.946073
0.406270	3.807636	-96.886240
0.406875	3.864133	-99.033818
0.407480	3.901798	-101.050171
0.408086	4.022689	-102.797298
0.408691	4.092551	-104.493995
0.409297	4.169703	-106.093630
0.409902	4.159376	-107.541706
0.410508	4.177601	-108.866963
0.411113	4.268725	-110.051506
0.411719	4.327652	-111.136547
0.412324	4.317932	-112.088736
0.412930	4.371392	-112.894790
0.413535	4.333120	-113.469302
0.414141	4.405412	-114.151181
0.414746	4.406019	-114.652490
0.415352	4.415739	-114.717289
0.415957	4.372607	-114.826552
0.416563	4.353167	-114.879150
0.417168	4.399337	-114.731930
0.417773	4.348915	-114.485477
0.418379	4.308820	-114.041375
0.418984	4.303352	-113.565281
0.419590	4.359849	-112.814808
0.420195	4.296670	-112.009297
0.420801	4.248678	-111.059819
0.421406	4.258398	-110.050422
0.422012	4.174563	-108.940438
0.422617	4.164236	-107.371711
0.423223	4.107739	-105.983554
0.423828	4.005680	-104.528157
0.424434	3.978950	-102.678274
0.425039	3.876283	-100.813479
0.425645	3.829506	-98.922928
0.426250	3.728662	-96.877293
0.426855	3.662445	-94.683082
0.427461	3.625387	-92.362256
0.428066	3.532441	-90.020011
0.428672	3.433419	-87.534070
0.429277	3.420661	-84.933443
0.429883	3.322855	-82.194001
0.430488	3.204393	-79.330112
0.431094	3.127849	-76.645165
0.431699	3.067706	-73.604232
0.432305	2.940740	-70.414452
0.432910	2.878168	-67.242295
0.433516	2.717789	-64.044923
0.434121	2.668582	-60.672676
0.434727	2.544653	-57.300971
0.435332	2.414649	-53.875583
0.435937	2.326562	-50.372925
0.436543	2.199595	-46.757750
0.437148	2.126696	-43.145286
0.437754	1.921362	-39.420306
0.438359	1.870940	-35.844716
0.438965	1.727571	-32.130851
0.439570	1.489433	-28.122004
0.440176	1.524668	-24.283965
0.440781	1.355177	-20.511266
0.441387	1.288960	-16.622256
0.441992	1.146198	-12.679562
0.442598	1.100636	-8.759915
0.443203	0.879508	-4.880122
0.443809	0.765906	-0.982707
0.444414	0.655949	2.987099
0.445020	0.524123	6.895902
0.445625	0.434213	10.857845
0.446230	0.301172	14.708084
0.446836	0.194860	18.716390
0.447441	0.013219	22.480412
0.448047	-0.052998	26.099654
0.448652	-0.184217	30.039365
0.449258	-0.285061	33.886080
0.449863	-0.430253	37.676943
0.450469	-0.614931	41.267988
0.451074	-0.746758	44.910547
0.451680	-0.825125	48.482341
0.452285	-0.912604	52.010485
0.452891	-1.018916	55.467866
0.453496	-1.187192	58.871834
0.454102	-1.352431	62.140512
0.454707	-1.371871	65.374486
0.455313	-1.501875	68.397525
0.455918	-1.644636	71.620382
0.456523	-1.745480	74.852458
0.457129	-1.847540	77.535507
0.457734	-1.927729	80.342459
0.458340	-2.005489	83.164052
0.458945	-2.120305	85.789894
0.459551	-2.247879	88.304845
0.460156	-2.380921	90.730325
0.460762	-2.418586	93.077451
0.461367	-2.512747	95.303112
0.461973	-2.628171	97.385620
0.462578	-2.650041	99.269664
0.463184	-2.755746	101.155878
0.463789	-2.868132	103.030975
0.464395	-2.928274	104.486372
0.465000	-2.973836	105.876156
0.465605	-3.030941	107.465217
0.466211	-3.112345	108.736249
0.466816	-3.114168	109.793906
0.467422	-3.156693	110.802761
0.468027	-3.204077	111.653549
0.468633	-3.244172	112.389110
0.469238	-3.266042	113.042249
0.469844	-3.321324	113.545185
0.470449	-3.365671	113.817666
0.471055	-3.338334	114.128103
0.471660	-3.433103	114.087706
0.472266	-3.338334	113.938858
0.472871	-3.480488	113.948077
0.473477	-3.411841	113.720874
0.474082	-3.436748	113.082918
0.474687	-3.350484	112.517081
0.475293	-3.355344	111.866111
0.475898	-3.317679	111.026981
0.476504	-3.328614	110.029513
0.477109	-3.293379	108.922241
0.477715	-3.224732	107.659614
0.478320	-3.223517	106.277963
0.478926	-3.166412	104.805485
0.479531	-3.139683	103.154879
0.480137	-2.998136	101.531114
0.480742	-2.986594	99.725425
0.481348	-2.908227	97.569984
0.481953	-2.791588	95.588606
0.482559	-2.754531	93.575777
0.483164	-2.694388	91.262000
0.483770	-2.582609	88.821066
0.484375	-2.513355	86.331600
0.484980	-2.408258	83.779234
0.485586	-2.315311	81.105132
0.486191	-2.186522	78.310923
0.486797	-2.134278	75.391996
0.487402	-1.993946	72.491505
0.488008	-1.940487	69.408819
0.488613	-1.817772	66.107064
0.489219	-1.619729	63.024649
0.489824	-1.549867	59.901565
0.490430	-1.440518	56.421953
0.491035	-1.280139	52.946136
0.491641	-1.202379	49.482791
0.492246	-1.072375	46.005890
0.492852	-0.911997	42.409423
0.493457	-0.792928	38.716977
0.494063	-0.684793	35.030497
0.494668	-0.543854	31.354048
0.495273	-0.401093	27.517364
0.495879	-0.207909	23.714029
0.496484	-0.083980	19.820951
0.497090	0.024761	16.069943
0.497695	0.199113	12.116405
0.498301	0.271405	8.098068
0.498906	0.479776	4.382848
0.499512	0.568470	0.525559
0.500117	0.751934	-3.467292
0.500723	0.850955	-7.382331
0.501328	0.968202	-11.243416
0.501934	1.121898	-15.112905
0.502539	1.232463	-19.001916
0.503145	1.409244	-22.897705
0.503750	1.535603	-26.783191
0.504355	1.631587	-30.450693
0.504961	1.769489	-34.337534
0.505566	1.954167	-38.217598
0.506172	2.123051	-41.634309
0.506777	2.144313	-45.242977
0.507383	2.327169	-48.904514
0.507988	2.389741	-52.409070
0.508594	2.543438	-55.881091
0.509199	2.647320	-59.292380
0.509805	2.779754	-62.580850
0.510410	2.877560	-65.834074
0.511016	2.967470	-69.020872
0.511621	3.095651	-72.128501
0.512227	3.171588	-75.179737
0.512832	3.280330	-78.174579
0.513437	3.323462	-80.916462
0.514043	3.460149	-83.616862
0.514648	3.491738	-86.560462
0.515254	3.574358	-89.039624
0.515859	3.641182	-91.315173
0.516465	3.737167	-93.696460
0.517070	3.839833	-95.914801
0.517676	3.864741	-98.081086
0.518281	3.926705	-100.032098
0.518887	3.981380	-101.961150
0.519492	4.054279	-103.695262
0.520098	4.111384	-105.303573
0.520703	4.164843	-106.848170
0.521309	4.206153	-108.210028
0.521914	4.249893	-109.610929
0.522520	4.250500	-110.653674
0.523125	4.268725	-111.447798
0.523730	4.297885	-112.416797
0.524336	4.312465	-113.285480
0.524941	4.297885	-113.852944
0.525547	4.339802	-114.304637
0.526152	4.378074	-114.650050
0.526758	4.342232	-114.874270
0.527363	4.325830	-114.959945
0.527969	4.423029	-114.879692
0.528574	4.353774	-114.700479
0.529180	4.329475	-114.391126
0.529785	4.301530	-113.951633
0.530391	4.320362	-113.142597
0.530996	4.217088	-112.613362
0.531602	4.206153	-111.816256
0.532207	4.265688	-110.699494
0.532813	4.243818	-109.375864
0.533418	4.130824	-108.170173
0.534023	4.118674	-106.823769
0.534629	4.048812	-105.254500
0.535234	3.968622	-103.655678
0.535840	3.950397	-101.866256
0.536445	3.865956	-100.010951
0.537051	3.866563	-97.957182
0.537656	3.792449	-95.797133
0.538262	3.666090	-93.640337
0.538867	3.667912	-91.456158
0.539473	3.583470	-88.782056
0.540078	3.497813	-86.228063
0.540684	3.420054	-83.659700
0.541289	3.370847	-80.875522
0.541895	3.294910	-78.000788
0.542500	3.127241	-75.084030
0.543105	3.003312	-72.090815
0.543711	2.948637	-69.006231
0.544316	2.901253	-65.764395
0.544922	2.756669	-62.469960
0.545527	2.653395	-59.158987
0.546133	2.579280	-55.784300
0.546738	2.424976	-52.194611
0.547344	2.364834	-48.572116
0.547949	2.219643	-45.203935
0.548555	2.123658	-41.566528
0.549160	2.020992	-37.678873
0.549766	1.815658	-33.927865
0.550371	1.691729	-30.228099
0.550977	1.589062	-26.408768
0.551582	1.437796	-22.546327
0.552187	1.350317	-18.681718
0.552793	1.220313	-14.793792
0.553398	1.039279	-10.907764
0.554004	0.909275	-7.010348
0.554609	0.796888	-3.017768
0.555215	0.604312	0.718600
0.555820	0.549638	4.729074
0.556426	0.350379	8.842034
0.557031	0.256825	12.673566
0.557637	0.111026	16.502116
0.558242	0.028406	20.439115
0.558848	-0.140477	24.268750
0.559453	-0.303894	28.053648
0.560059	-0.443010	31.820382
0.560664	-0.603996	35.564070
0.561270	-0.651989	39.313722
0.561875	-0.873117	42.935133
0.562480	-0.970924	46.464361
0.563086	-1.096675	50.033987
0.563691	-1.269811	53.631810
0.564297	-1.340281	56.989145
0.564902	-1.519492	60.148018
0.565508	-1.636131	63.603229
0.566113	-1.704171	66.880583
0.566719	-1.820202	70.005293
0.567324	-1.971469	72.994170
0.567930	-2.009134	75.972473
0.568535	-2.137315	78.835820
0.569141	-2.221149	81.628132
0.569746	-2.312274	84.329346
0.570352	-2.431343	86.877103
0.570957	-2.507280	89.428114
0.571562	-2.598404	91.757887
0.572168	-2.623311	93.898416
0.572773	-2.747848	96.285125
0.573379	-2.808598	98.421044
0.573984	-2.896077	100.145397
0.574590	-2.893647	102.006938
0.575195	-2.964724	103.697128
0.575801	-3.002389	105.302186
0.576406	-3.074073	106.755142
0.577012	-3.216835	108.037290
0.577617	-3.179170	109.290157
0.578223	-3.194965	110.344289
0.578828	-3.227770	111.249845
0.579434	-3.237489	112.014687
0.580039	-3.265434	112.766516
0.580645	-3.261789	113.370852
0.581250	-3.314034	113.579076
0.581855	-3.284874	113.862401
0.582461	-3.313426	114.173652
0.583066	-3.243564	114.261768
0.583672	-3.288519	114.109667
0.584277	-3.275154	113.827968
0.584883	-3.235059	113.470084
0.585488	-3.203470	112.930275
0.586094	-3.171272	112.329463
0.586699	-3.137860	111.564078
0.587305	-3.073466	110.631681
0.587910	-3.054633	109.648041
0.588516	-3.012109	108.337425
0.589121	-2.948929	107.001052
0.589727	-2.947107	105.848230
0.590332	-2.855982	104.336169
0.590938	-2.788550	102.532377
0.591543	-2.698641	100.755156
0.592148	-2.670696	98.885481
0.592754	-2.564384	96.896511
0.593359	-2.463540	94.823493
0.593965	-2.379098	92.569905
0.594570	-2.264282	90.259382
0.595176	-2.170727	87.812754
0.595781	-2.133670	85.231919
0.596387	-2.006704	82.521758
0.596992	-1.958711	79.969392
0.597598	-1.862120	77.062123
0.598203	-1.692628	73.965338
0.598809	-1.636739	71.046683
0.599414	-1.552904	68.103897
0.600020	-1.456920	64.904356
0.600625	-1.332991	61.587689
0.601230	-1.215137	58.220864
0.601836	-1.122190	54.827198
0.602441	-1.024991	51.364667
0.603047	-0.868257	47.892646
0.603652	-0.729748	44.311904
0.604258	-0.643484	40.683986
0.604863	-0.540209	37.005639
0.605469	-0.393195	33.138318
0.606074	-0.332446	29.481390
0.606680	-0.153235	25.929388
0.607285	-0.059073	21.985068
0.607891	0.065464	18.049695
0.608496	0.170560	14.141163
0.609102	0.314537	10.303666
0.609707	0.442111	6.405979
0.610313	0.571507	2.472504
0.610918	0.662632	-1.463953
0.611523	0.805393	-5.352421
0.612129	0.971239	-9.275594
0.612734	1.050821	-13.202833
0.613340	1.175358	-17.085336
0.613945	1.316297	-20.789711
0.614551	1.349709	-24.901315
0.615156	1.541070	-28.787343
0.615762	1.643737	-32.409839
0.616367	1.755516	-36.142681
0.616973	1.909213	-39.828349
0.617578	1.968140	-43.544924
0.618184	2.130341	-47.144916
0.618789	2.173473	-50.705324
0.619395	2.350862	-54.180056
0.620000	2.420724	-57.643130
0.620605	2.567130	-60.998025
0.621211	2.646712	-64.272667
0.621816	2.710499	-67.595570
0.622422	2.849008	-70.785893
0.623027	2.939525	-73.651408
0.623633	3.030042	-76.577384
0.624238	3.141821	-79.599610
0.624844	3.206823	-82.403038
0.625449	3.281545	-85.121875
0.626055	3.374492	-87.729279
0.626660	3.424914	-90.222812
0.627266	3.599873	-92.655342
0.627871	3.649080	-94.882087
0.628477	3.695249	-97.073316
0.629082	3.722587	-99.213302
0.629687	3.859273	-101.135846
0.630293	3.872638	-102.849354
0.630898	3.974090	-104.593769
0.631504	4.056102	-106.376684
0.632109	4.043344	-107.728511
0.632715	4.087691	-108.940438
0.633320	4.152693	-110.134199
0.633926	4.183068	-111.230627
0.634531	4.208583	-112.193661
0.635137	4.249893	-112.971247
0.635742	4.338587	-113.640924
0.636348	4.384149	-114.202966
0.636953	4.382327	-114.620768
0.637559	4.354382	-114.839024
0.638164	4.343447	-115.013628
0.638770	4.350130	-115.186605
0.639375	4.431534	-114.835499
0.639980	4.344662	-114.461889
0.640586	4.356812	-114.197001
0.641191	4.313680	-113.683220
0.641797	4.311250	-113.002697
0.642402	4.359242	-112.128592
0.643008	4.320362	-111.186976
0.643613	4.267510	-110.140977
0.644219	4.237135	-108.900583
0.644824	4.183676	-107.586713
0.645430	4.132039	-106.167918
0.646035	4.090729	-104.592685
0.646641	4.036054	-102.868061
0.647246	4.005680	-100.907288
0.647852	3.896938	-99.232823
0.648457	3.878713	-97.135404
0.649062	3.835581	-94.722124
0.649668	3.703147	-92.499716
0.650273	3.703754	-90.099450
0.650879	3.508748	-87.695118
0.651484	3.522113	-85.030777
0.652090	3.329537	-82.365080
0.652695	3.292480	-79.529117
0.653301	3.245095	-76.627271
0.653906	3.109016	-73.649781
0.654512	2.990555	-70.625387
0.655117	2.913403	-67.614278
0.655723	2.883028	-64.289748
0.656328	2.722649	-60.745066
0.656934	2.554373	-57.500247
0.657539	2.446239	-54.106039
0.658145	2.327777	-50.537769
0.658750	2.212353	-46.934252
0.659355	2.115761	-43.298201
0.659961	1.975430	-39.647237
0.660566	1.850285	-35.969433
0.661172	1.745796	-32.176671
0.661777	1.581165	-28.416716
0.662383	1.411066	-24.575966
0.662988	1.330877	-20.750127
0.663594	1.177180	-16.782219
0.664199	1.013764	-12.974546
0.664805	0.928715	-9.205372
0.665410	0.788383	-5.155856
0.666016	0.604312	-1.154329
0.666621	0.492533	2.755830
0.667227	0.387436	6.672495
0.667832	0.236170	10.634438
0.668438	0.140793	14.540529
0.669043	0.004107	18.428727
0.669648	-0.133795	22.269477
0.670254	-0.313614	26.082573
0.670859	-0.374971	29.929830
0.671465	-0.511050	33.634747
0.672070	-0.598529	37.223894
0.672676	-0.785030	41.101247
0.673281	-0.878584	44.841681
0.673887	-0.984289	48.288758
0.674492	-1.111863	51.783012
0.675098	-1.236399	55.340166
0.675703	-1.348786	58.714311
0.676309	-1.434443	62.020946
0.676914	-1.571129	65.264138
0.677520	-1.665899	68.443345
0.678125	-1.796510	71.495123
0.678730	-1.826277	74.507859
0.679336	-1.953851	77.357107
0.679941	-1.997591	80.282541
0.680547	-2.139745	83.057771
0.681152	-2.185307	85.495995
0.681758	-2.258814	88.087674
0.682363	-2.325031	90.675829
0.682969	-2.400361	93.086126
0.683574	-2.490877	95.234246
0.684180	-2.526112	97.337902
0.684785	-2.586254	99.307079
0.685391	-2.633639	101.199258
0.685996	-2.710791	102.942589
0.686602	-2.725371	104.608107
0.687207	-2.830467	106.094412
0.687813	-2.776400	107.538150
0.688418	-2.852945	108.623461
0.689023	-2.896077	109.858434
0.689629	-2.933134	111.032674
0.690234	-3.025474	111.787214
0.690840	-3.029118	112.491053
0.691445	-3.012109	113.143379
0.692051	-3.026081	113.666649
0.692656	-3.040661	113.996066
0.693262	-3.043091	114.192631
0.693867	-3.027904	114.281017
0.694473	-3.013931	114.272341
0.695078	-2.990846	114.085266
0.695684	-3.012109	113.740124
0.696289	-2.914302	113.288973
0.696895	-2.925237	112.837550
0.697500	-2.888180	112.014145
0.698105	-2.898507	110.998241
0.698711	-2.857805	110.222554
0.699316	-2.857197	109.216682
0.699922	-2.821355	107.929654
0.700527	-2.753316	106.538785
0.701133	-2.730231	105.040008
0.701738	-2.688314	103.487007
0.702344	-2.653079	101.788954
0.702949	-2.600227	99.878881
0.703555	-2.543122	97.925971
0.704160	-2.458073	95.919378
0.704766	-2.374238	93.692090
0.705371	-2.343864	91.288571
0.705977	-2.253954	89.063451
0.706582	-2.161615	86.663728
0.707187	-2.111800	83.883346
0.707793	-2.032218	81.237983
0.708398	-1.922869	78.505048
0.709004	-1.825062	75.640617
0.709609	-1.760060	72.635744
0.710215	-1.637346	69.564716
0.710820	-1.579634	66.409910
0.711426	-1.457528	63.200880
0.712031	-1.391918	59.883400
0.712637	-1.258877	56.482956
0.713242	-1.161677	53.125349
0.713848	-1.072983	49.691286
0.714453	-0.961204	45.963052
0.715059	-0.868864	42.353300
0.715664	-0.750403	38.878567
0.716270	-0.713346	35.156841
0.716875	-0.530489	31.383871
0.717480	-0.414458	27.597075
0.718086	-0.325763	23.790486
0.718691	-0.155665	19.927774
0.719297	-0.055428	16.027919
0.719902	0.033266	12.152464
0.720508	0.187570	8.266436
0.721113	0.299957	4.409418
0.721719	0.488888	0.330078
0.722324	0.573330	-3.628340
0.722930	0.717306	-7.232941
0.723535	0.805393	-11.267546
0.724141	0.909882	-15.236267
0.724746	1.112178	-19.011676
0.725352	1.226995	-22.852969
0.725957	1.326624	-26.730593
0.726562	1.441441	-30.550738
0.727168	1.585417	-34.338348
0.727773	1.719066	-38.013441
0.728379	1.779208	-41.751977
0.728984	1.926222	-45.398060
0.729590	2.100574	-48.974736
0.730195	2.127911	-52.371113
0.730801	2.277962	-55.990355
0.731406	2.424976	-59.524463
0.732012	2.565308	-62.649445
0.732617	2.599935	-65.898059
0.733223	2.707462	-69.099498
0.733828	2.873308	-72.222039
0.734434	2.971722	-75.214441
0.735039	3.075604	-78.174579
0.735645	3.131494	-81.059073
0.736250	3.272432	-83.768150
0.736855	3.401829	-86.436286
0.737461	3.444961	-88.998685
0.738066	3.510571	-91.501435
0.738672	3.649080	-93.937218
0.739277	3.703754	-95.947878
0.739883	3.727447	-98.033097
0.740488	3.910910	-100.077105
0.741094	3.938855	-102.006156
0.741699	3.966800	-103.736744
0.742305	4.089514	-105.380301
0.742910	4.137506	-106.896701
0.743516	4.149656	-108.295433
0.744121	4.250500	-109.527965
0.744727	4.201293	-110.710068
0.745332	4.313680	-111.717567
0.745938	4.371392	-112.654302
0.746543	4.473451	-113.309068
0.747148	4.382327	-113.816342
0.747754	4.447936	-114.496865
0.748359	4.478919	-114.882133
0.748965	4.429711	-114.873457
0.749570	4.461301	-114.988956
0.750176	4.417562	-114.920903
0.750781	4.427889	-114.720813
0.751387	4.427889	-114.382721
0.751992	4.427281	-113.918827
0.752598	4.400552	-113.335909
0.753203	4.325222	-112.570253
0.753809	4.312465	-111.720820
0.754414	4.331905	-110.647167
0.755020	4.289987	-109.694164
0.755625	4.348915	-108.396833
0.756230	4.320362	-106.680886
0.756836	4.087691	-105.334752
0.757441	4.090729	-103.754096
0.758047	4.031194	-101.963319
0.758652	3.975305	-100.069242
0.759258	3.879320	-98.040689
0.759863	3.841656	-95.929984
0.760469	3.778476	-93.688055
0.761074	3.689174	-91.289145
0.761680	3.597443	-88.902435
0.762285	3.505711	-86.409716
0.762891	3.452251	-83.735886
0.763496	3.357482	-80.832955
0.764102	3.220188	-78.100833
0.764707	3.180701	-75.359222
0.765312	3.092614	-72.162934
0.765918	2.924338	-68.996199
0.766523	2.774894	-65.840581
0.767129	2.692274	-62.570547
0.767734	2.561663	-59.226768
0.768340	2.503343	-55.818733
0.768945	2.421939	-52.354032
0.769551	2.279785	-48.791726
0.770156	2.195950	-45.161911
0.770762	2.062909	-41.515015
0.771367	1.907998	-37.917192
0.771973	1.855753	-34.324520
0.772578	1.851500	-30.220237
0.773184	1.591492	-26.334751
0.773789	1.397094	-22.663724
0.774395	1.290175	-18.824058
0.775000	1.202088	-14.878925
0.775605	1.091524	-10.988559
0.776211	0.974277	-7.012246
0.776816	0.807823	-3.134894
0.777422	0.704549	0.797226
0.778027	0.568470	4.742901
0.778633	0.471878	8.698609
0.779238	0.366781	12.576503
0.779844	0.226450	16.443824
0.780449	0.063034	20.466770
0.781055	-0.012296	24.110684
0.781660	-0.121037	27.853559
0.782266	-0.249219	31.834209
0.782871	-0.386513	35.613414
0.783477	-0.465487	39.323483
0.784082	-0.635586	42.922390
0.784687	-0.729140	46.522924
0.785293	-0.776525	50.123458
0.785898	-0.993401	53.592497
0.786504	-1.034103	57.077261
0.787109	-1.146490	60.409382
0.787715	-1.263737	63.754516
0.788320	-1.357291	66.824731
0.788926	-1.486080	69.840449
0.789531	-1.512202	73.184771
0.790137	-1.653749	76.164972
0.790742	-1.804408	78.884351
0.791348	-1.792258	81.666360
0.791953	-1.902214	84.438338
0.792559	-2.012779	86.966032
0.793164	-2.125773	89.450617
0.793770	-2.187130	91.839767
0.794375	-2.275824	94.176589
0.794980	-2.364518	96.319287
0.795586	-2.342041	98.348383
0.796191	-2.495737	100.179558
0.796797	-2.546767	102.064145
0.797402	-2.570459	103.897489
0.798008	-2.687706	105.201327
0.798613	-2.736306	106.696579
0.799219	-2.777615	108.218130
0.799824	-2.811028	109.366614
0.800430	-2.910049	110.394447
0.801035	-2.914302	111.329827
0.801641	-2.945284	112.154859
0.802246	-2.920984	112.891775
0.802852	-3.027296	113.423451
0.803457	-3.034586	113.815497
0.804063	-3.074681	114.083639
0.804668	-3.091083	114.265563
0.805273	-3.103233	114.109396
0.805879	-3.004819	114.072252
0.806484	-3.066783	114.002573
0.807090	-3.146973	113.544372
0.807695	-3.086831	112.967690
0.808301	-3.079541	112.297199
0.808906	-3.053418	111.560554
0.809512	-3.033978	110.660149
0.810117	-2.981126	109.623098
0.810723	-3.001174	108.447502
0.811328	-2.936172	107.150171
0.811934	-2.905189	105.700468
0.812539	-2.855375	104.153973
0.813145	-2.819533	102.491980
0.813750	-2.772755	100.847880
0.814355	-2.786728	98.807397
0.814961	-2.687706	96.685847
0.815566	-2.622097	94.711247
0.816172	-2.499990	92.549842
0.816777	-2.496952	90.201090
0.817383	-2.369986	87.708371
0.817988	-2.336574	85.120758
0.818594	-2.222364	82.548328
0.819199	-2.187130	79.788280
0.819805	-2.150680	76.942557
0.820410	-1.983619	74.004380
0.821016	-1.896747	71.067288
0.821621	-1.808660	67.820571
0.822227	-1.605757	64.608288
0.822832	-1.586924	61.546207
0.823438	-1.533465	58.268040
0.824043	-1.382806	54.773244
0.824648	-1.251587	51.344332
0.825254	-1.133732	47.849808
0.825859	-1.019523	44.246563
0.826465	-0.891342	40.627592
0.827070	-0.783208	36.964428
0.827676	-0.656849	33.261680
0.828281	-0.569369	29.510401
0.828887	-0.436328	25.722791
0.829492	-0.289314	21.793111
0.830098	-0.164170	18.030716
0.830703	-0.032951	14.222500
0.831309	0.148691	10.165393
0.831914	0.213085	6.246287
0.832520	0.398371	2.510191
0.833125	0.490103	-1.398070
0.833730	0.682679	-5.348083
0.834336	0.804178	-9.231400
0.834941	0.869788	-13.136136
0.835547	1.093346	-17.002101
0.836152	1.196013	-20.872947
0.836758	1.333914	-24.775513
0.837363	1.491256	-28.519743
0.837969	1.588455	-32.357512
0.838574	1.744581	-36.302103
0.839180	1.831453	-39.814521
0.839785	2.010664	-43.339141
0.840391	2.061694	-47.045142
0.840996	2.259737	-50.646490
0.841602	2.304085	-54.146165
0.842207	2.453529	-57.569926
0.842812	2.537970	-60.969557
0.843418	2.801623	-64.208682
0.844023	2.831998	-67.449163
0.844629	3.031864	-70.549743
0.845234	3.090184	-73.628091
0.845840	3.189206	-76.716742
0.846445	3.249955	-79.558399
0.847051	3.378744	-82.243345
0.847656	3.477766	-85.030506
0.848262	3.570105	-87.824715
0.848867	3.670950	-90.080200
0.849473	3.736559	-92.442238
0.850078	3.846516	-94.799394
0.850684	3.868993	-96.968391
0.851289	3.937033	-99.042494
0.851895	4.000212	-100.952024
0.852500	4.085869	-102.833357
0.853105	4.195218	-104.489115
0.853711	4.232275	-106.101493
0.854316	4.269940	-107.488837
0.854922	4.315502	-108.905463
0.855527	4.384149	-110.234244
0.856133	4.431534	-111.007763
0.856738	4.433356	-111.942329
0.857344	4.467376	-112.920004
0.857949	4.493498	-113.567721
0.858555	4.479526	-114.117561
0.859160	4.577333	-114.459178
0.859766	4.509901	-114.774496
0.860371	4.570650	-114.868576
0.860977	4.534808	-114.892706
0.861582	4.512938	-114.772327
0.862187	4.523266	-114.478699
0.862793	4.519013	-114.161483
0.863398	4.427281	-113.492077
0.864004	4.449759	-112.820773
0.864609	4.482564	-112.245446
0.865215	4.406627	-111.254486
0.865820	4.396907	-110.049337
0.866426	4.329475	-108.869674
0.867031	4.309427	-107.558516
0.867637	4.163021	-106.121285
0.868242	4.191573	-104.520023
0.868848	4.146011	-102.793502
0.869453	4.093159	-100.989439
0.870059	3.985025	-99.068251
0.870664	3.924275	-96.986285
0.871270	3.841048	-94.832743
0.871875	3.785766	-92.697366
0.872480	3.763289	-90.208714
0.873086	3.606555	-87.563893
0.873691	3.500851	-84.995802
0.874297	3.458934	-82.293774
0.874902	3.377529	-79.556772
0.875508	3.308275	-76.581993
0.876113	3.120559	-73.675809
0.876719	3.028219	-70.637316
0.877324	2.985695	-67.493085
0.877930	2.893355	-64.253146
0.878535	2.723864	-60.895540
0.879141	2.656432	-57.555285
0.879746	2.603580	-54.179785
0.880352	2.411611	-50.548071
0.880957	2.335674	-46.991188
0.881563	2.161323	-43.602402
0.882168	2.133986	-39.784426
0.882773	1.960242	-35.991665
0.883379	1.909820	-32.189143
0.883984	1.768881	-28.421596
0.884590	1.607895	-24.630462
0.885195	1.517985	-20.743620
0.885801	1.406814	-16.912901
0.886406	1.235500	-12.999761
0.887012	1.143161	-9.049747
0.887617	0.969417	-5.161821
0.888223	0.872825	-1.192286
0.888828	0.720951	2.538117
0.889434	0.634079	6.597393
0.890039	0.434213	10.675649
0.890645	0.318182	14.525618
0.891250	0.225235	18.347932
0.891855	0.086726	22.164823
0.892461	-0.040241	26.025908
0.893066	-0.193329	29.783423
0.893672	-0.273519	33.618751
0.894277	-0.424785	37.326922
0.894883	-0.563294	41.023163
0.895488	-0.689046	44.604176
0.896094	-0.802040	48.153738
0.896699	-0.905922	51.720924
0.897305	-1.021953	55.279163
0.897910	-1.191445	58.475179
0.898516	-1.230324	61.755515
0.899121	-1.399208	65.190934
0.899727	-1.478790	68.366616
0.900332	-1.616084	71.422190
0.900937	-1.749125	74.433299
0.901543	-1.792865	77.374187
0.902148	-1.928337	80.149689
0.902754	-2.029181	82.897808
0.903359	-2.113015	85.525276
0.903965	-2.225402	88.077371
0.904570	-2.304984	90.519661
0.905176	-2.363911	92.727971
0.905781	-2.465363	94.983456
0.906387	-2.506065	97.315670
0.906992	-2.665836	99.242823
0.907598	-2.681024	101.038210
0.908203	-2.777008	102.765273
0.908809	-2.835327	104.458717
0.909414	-2.920984	105.971321
0.910020	-2.931312	107.377102
0.910625	-2.962294	108.680669
0.911230	-2.995706	109.781977
0.911836	-3.087438	110.817401
0.912441	-3.115990	111.623726
0.913047	-3.172487	112.348713
0.913652	-3.188282	113.096745
0.914258	-3.187675	113.556844
0.914863	-3.214405	113.697015
0.915469	-3.224125	114.029956
0.916074	-3.256322	114.179617
0.916680	-3.239312	114.139762
0.917285	-3.266649	113.942654
0.917891	-3.312819	113.599681
0.918496	-3.204685	113.209533
0.919102	-3.248424	112.584862
0.919707	-3.128748	111.941213
0.920312	-3.176132	111.052195
0.920918	-3.135430	110.164533
0.921523	-3.114168	108.936339
0.922129	-3.037623	107.675610
0.922734	-2.986594	106.530380
0.923340	-2.972621	105.135173
0.923945	-2.924022	103.396180
0.924551	-2.886965	101.660169
0.925156	-2.856590	99.860445
0.925762	-2.795233	97.940069
0.926367	-2.673126	95.879794
0.926973	-2.588684	93.704290
0.927578	-2.524290	91.397834
0.928184	-2.421623	89.011667
0.928789	-2.319564	86.480448
0.929395	-2.236337	83.811498
0.930000	-2.170120	81.215480
0.930605	-2.052873	78.578523
0.931211	-1.987264	75.543826
0.931816	-1.896747	72.390918
0.932422	-1.758845	69.584508
0.933027	-1.709638	66.482301
0.933633	-1.585102	63.181901
0.934238	-1.405890	59.940336
0.934844	-1.267989	56.583543
0.935449	-1.118545	53.210754
0.936055	-1.070553	49.711349
0.936660	-0.936296	46.189712
0.937266	-0.853677	42.573182
0.937871	-0.682363	38.961260
0.938477	-0.570584	35.157925
0.939082	-0.418710	31.384414
0.939688	-0.309969	27.856812
0.940293	-0.213377	24.043174
0.940898	-0.075475	20.056287
0.941504	0.033874	16.201981
0.942109	0.247712	12.382378
0.942715	0.282947	8.471677
0.943320	0.556320	4.564230
0.943926	0.674782	0.634822
0.944531	0.730671	-3.281843
0.945137	0.880723	-7.176547
0.945742	1.017409	-11.102431
0.946348	1.219705	-14.991170
0.946953	1.268912	-18.822432
0.947559	1.448123	-22.645830
0.948164	1.534388	-26.721103
0.948770	1.730609	-30.393756
0.949375	1.841173	-34.071290
0.949980	1.971177	-37.814435
0.950586	2.101181	-41.486275
0.951191	2.135201	-45.187397
0.951797	2.281607	-48.700900
0.952402	2.464463	-52.193526
0.953008	2.542223	-55.742004
0.953613	2.660077	-59.168477
0.954219	2.737836	-62.473214
0.954824	2.893963	-65.698783
0.955430	2.990555	-69.092178
0.956035	3.148503	-72.102473
0.956641	3.202570	-74.951721
0.957246	3.282760	-77.874986
0.957852	3.372062	-80.814248
0.958457	3.466831	-83.646144
0.959063	3.627817	-86.227521
0.959668	3.684922	-88.822454
0.960273	3.751139	-91.274233
0.960879	3.832543	-93.632746
0.961484	3.875676	-95.832379
0.962090	3.953435	-97.944982
0.962695	4.039699	-100.031827
0.963301	4.125356	-101.912347
0.963906	4.153908	-103.569189
0.964512	4.200078	-105.282968
0.965117	4.207368	-106.954993
0.965723	4.286950	-108.256120
0.966328	4.321577	-109.427378
0.966934	4.390832	-110.512960
0.967539	4.347092	-111.657919
0.968145	4.428496	-112.501117
0.968750	4.465554	-113.263248
0.969355	4.472844	-113.842099
0.969961	4.477704	-114.384077
0.970566	4.504433	-114.740334
0.971172	4.500181	-114.867221
0.971777	4.505041	-114.975671
0.972383	4.564575	-115.036131
0.972988	4.610138	-114.657913
0.973594	4.461909	-114.189409
0.974199	4.450366	-113.827187
0.974805	4.460086	-113.308797
0.975410	4.412094	-112.603331
0.976016	4.381112	-111.678254
0.976621	4.327652	-110.685667
0.977227	4.356204	-109.533116
0.977832	4.269940	-108.338541
0.978437	4.210406	-106.927067
0.979043	4.141151	-105.448896
0.979648	4.141151	-103.912975
0.980254	4.076149	-101.998836
0.980859	3.998997	-100.077647
0.981465	3.998390	-98.283616
0.982070	3.842871	-96.152035
0.982676	3.839226	-93.748516
0.983281	3.738382	-91.456429
0.983887	3.629032	-89.023357
0.984492	3.576788	-86.476413
0.985098	3.491738	-83.821019
0.985703	3.415194	-81.071003
0.986309	3.270610	-78.241005
0.986914	3.208645	-75.282493
0.987520	3.129671	-72.294972
0.988125	3.017284	-69.176497
0.988730	2.866018	-66.158068
0.989336	2.891533	-62.751659
0.989941	2.640637	-59.276655
0.990547	2.528858	-55.970834
0.991152	2.449884	-52.546802
0.991758	2.328384	-48.978260
0.992363	2.204455	-45.351698
0.992969	2.083564	-41.740048
0.993574	2.003374	-38.050585
0.994180	1.833883	-34.325605
0.994785	1.747011	-30.502477
0.995391	1.570230	-26.670674
0.995996	1.513733	-22.925631
0.996602	1.375224	-19.018183
0.997207	1.245827	-15.013674
0.997812	1.064794	-11.224979
0.998418	0.988249	-7.475327
0.999023	0.848525	-3.337153
0.999629	0.688147	0.584122
1.000234	0.591555	4.547963
1.000840	0.395941	8.464086
1.001445	0.326079	12.376142
1.002051	0.179065	16.295519
1.002656	0.094623	20.179649
1.003262	-0.099168	23.950178
1.003867	-0.152020	27.784964
1.004473	-0.318474	31.584504
1.005078	-0.440580	35.288336
1.005684	-0.590024	38.845219
1.006289	-0.716383	42.700881
1.006895	-0.791713	46.464090
1.007500	-0.925362	49.898425
1.008105	-1.052936	53.385087
1.008711	-1.186585	56.841111
1.009316	-1.228502	60.172148
1.009922	-1.414395	63.470920
1.010527	-1.453275	66.672901
1.011133	-1.602112	69.824724
1.011738	-1.699311	72.907681
1.012344	-1.837820	75.816306
1.012949	-1.906467	78.639255
1.013555	-2.001236	81.545710
1.014160	-2.155540	84.247466
1.014766	-2.167082	86.602996
1.015371	-2.270357	89.157261
1.015977	-2.373631	91.709356
1.016582	-2.463540	93.986260
1.017187	-2.539477	96.140073
1.017793	-2.597189	98.182997
1.018398	-2.668266	100.115031
1.019004	-2.722333	101.943766
1.019609	-2.736913	103.620671
1.020215	-2.842010	105.221390
1.020820	-2.866917	106.723692
1.021426	-2.973229	108.029970
1.022031	-2.948929	109.117721
1.022637	-3.030941	110.200593
1.023242	-3.064961	111.394354
1.023848	-3.060101	112.172482
1.024453	-3.178562	112.757026
1.025059	-3.117205	113.322592
1.025664	-3.110523	113.791367
1.026270	-3.124495	114.082283
1.026875	-3.131178	114.234113
1.027480	-3.199217	114.269088
1.028086	-3.184030	114.103702
1.028691	-3.127533	113.860774
1.029297	-3.142720	113.426162
1.029902	-3.089868	112.901265
1.030508	-3.068606	112.454180
1.031113	-3.150618	111.522867
1.031719	-3.041268	110.473344
1.032324	-3.027904	109.620386
1.032930	-2.977481	108.562458
1.033535	-2.986594	107.202769
1.034141	-2.883320	105.825185
1.034746	-2.778830	104.289806
1.035352	-2.739951	102.664415
1.035957	-2.664014	100.908070
1.036563	-2.612984	98.992033
1.037168	-2.546160	96.952905
1.037773	-2.454428	94.860908
1.038379	-2.362088	92.667510
1.038984	-2.322601	90.135749
1.039590	-2.202317	87.848271
1.040195	-2.164045	85.434178
1.040801	-2.050443	82.737031
1.041406	-1.927729	79.937399
1.042012	-1.897354	77.104961
1.042617	-1.784968	74.179256
1.043223	-1.641599	71.247857
1.043828	-1.541969	68.093323
1.044434	-1.444163	64.880226
1.045039	-1.323879	61.659808
1.045645	-1.190230	58.410923
1.046250	-1.122798	54.916940
1.046855	-0.942371	51.473659
1.047461	-0.918679	48.068876
1.048066	-0.727318	44.474578
1.048672	-0.613109	40.662296
1.049277	-0.482497	37.173194
1.049883	-0.388943	33.538498
1.050488	-0.336698	29.691512
1.051094	-0.133187	25.948366
1.051699	-0.012296	22.066947
1.052305	0.120746	18.238126
1.052910	0.197898	14.340711
1.053516	0.308462	10.456038
1.054121	0.507113	6.526088
1.054727	0.603705	2.650633
1.055332	0.687539	-1.290704
1.055937	0.860675	-5.387125
1.056543	0.996147	-9.118613
1.057148	1.118253	-12.866910
1.057754	1.272557	-16.816110
1.058359	1.341204	-20.775071
1.058965	1.487611	-24.576508
1.059570	1.643737	-28.415632
1.060176	1.776171	-32.185619
1.060781	1.840566	-35.964282
1.061387	1.969962	-39.713392
1.061992	2.069591	-43.294676
1.062598	2.192913	-46.871080
1.063203	2.311375	-50.629680
1.063809	2.456566	-54.003554
1.064414	2.520961	-57.363329
1.065020	2.533110	-60.968472
1.065625	2.750594	-64.242844
1.066230	2.887280	-67.393582
1.066836	2.921908	-70.525613
1.067441	3.040977	-73.566546
1.068047	3.152148	-76.635405
1.068652	3.245703	-79.503903
1.069258	3.288227	-82.307602
1.069863	3.440709	-84.997971
1.070469	3.513001	-87.639808
1.071074	3.624780	-90.122496
1.071680	3.712867	-92.513814
1.072285	3.759644	-94.822169
1.072891	3.802776	-97.137573
1.073496	3.922453	-98.953294
1.074102	3.915163	-100.847912
1.074707	4.008717	-102.747953
1.075312	4.007502	-104.513787
1.075918	4.147226	-106.097697
1.076523	4.163021	-107.519474
1.077129	4.245640	-108.841477
1.077734	4.255360	-110.098140
1.078340	4.313680	-111.181011
1.078945	4.336157	-112.114493
1.079551	4.354382	-112.986972
1.080156	4.382327	-113.776758
1.080762	4.399337	-114.164195
1.081367	4.260828	-114.601519
1.081973	4.431534	-114.992480
1.082578	4.426674	-115.102557
1.083184	4.401159	-115.013357
1.083789	4.494106	-114.837939
1.084395	4.395084	-114.672011
1.085000	4.423636	-114.249870
1.085605	4.423636	-113.702198
1.086211	4.390832	-112.983990
1.086816	4.388402	-112.216165
1.087422	4.305782	-111.364563
1.088027	4.364709	-110.283860
1.088633	4.282090	-109.002797
1.089238	4.265688	-107.827743
1.089844	4.200078	-106.372617
1.090449	4.154516	-104.606783
1.091055	4.067037	-102.957803
1.091660	4.053064	-101.157536
1.092266	3.964370	-99.225232
1.092871	3.918200	-97.132150
1.093477	3.837403	-94.963696
1.094082	3.745671	-92.741830
1.094688	3.678239	-90.354307
1.095293	3.618097	-87.846405
1.095898	3.570105	-85.217039
1.096504	3.434026	-82.587673
1.097109	3.411549	-79.837115
1.097715	3.245703	-76.741957
1.098320	3.082286	-73.870748
1.098926	3.080464	-70.876177
1.099531	2.949852	-67.665249
1.100137	2.853868	-64.404163
1.100742	2.741481	-61.068789
1.101348	2.657647	-57.746157
1.101953	2.530680	-54.313991
1.102559	2.440164	-50.780967
1.103164	2.306515	-47.165250
1.103770	2.208100	-43.582068
1.104375	2.062909	-40.035488
1.104980	1.957205	-36.218325
1.105586	1.794396	-32.453490
1.106191	1.745189	-28.815540
1.106797	1.579342	-24.870136
1.107402	1.428684	-20.872947
1.108008	1.319334	-17.002644
1.108613	1.222135	-13.125833
1.109219	1.110356	-9.216489
1.109824	0.946940	-5.306059
1.110430	0.786561	-1.363095
1.111035	0.733101	2.564958
1.111641	0.568470	6.477014
1.112246	0.419026	10.409134
1.112852	0.236777	14.364841
1.113457	0.150513	18.091448
1.114062	0.061819	21.965818
1.114668	-0.116785	25.942673
1.115273	-0.207909	29.657079
1.115879	-0.316044	33.381788
1.116484	-0.439365	37.157469
1.117090	-0.594884	40.874315
1.117695	-0.707271	44.499793
1.118301	-0.854892	48.087313
1.118906	-0.942979	51.621693
1.119512	-1.063263	55.067144
1.120117	-1.204809	58.546756
1.120723	-1.278924	61.787779
1.121328	-1.368226	64.951260
1.121934	-1.505520	68.283381
1.122539	-1.600289	71.323772
1.123145	-1.675618	74.215586
1.123750	-1.780715	77.304780
1.124355	-1.950206	80.175989
1.124961	-1.966001	82.878016
1.125566	-2.079603	85.489216
1.126172	-2.212645	88.033720
1.126777	-2.226617	90.488211
1.127383	-2.333536	92.840217
1.127988	-2.414941	95.035241
1.128594	-2.492092	97.200713
1.129199	-2.553450	99.185616
1.129805	-2.602049	101.076709
1.130410	-2.696211	102.656281
1.131016	-2.643966	104.410457
1.131621	-2.789765	106.084380
1.132227	-2.823178	107.327215
1.132832	-2.880282	108.667384
1.133438	-2.891825	109.841353
1.134043	-2.953182	110.791373
1.134648	-2.998744	111.658430
1.135254	-2.945892	112.391008
1.135859	-2.988416	113.046858
1.136465	-3.009679	113.617033
1.137070	-3.046736	113.904968
1.137676	-2.998744	114.055442
1.138281	-3.078326	114.142473
1.138887	-2.996921	114.308130
1.139492	-3.038231	113.982780
1.140098	-3.016969	113.573382
1.140703	-2.999351	113.235832
1.141309	-3.030941	112.716900
1.141914	-2.979304	111.949889
1.142520	-2.989024	111.131635
1.143125	-2.916124	110.190561
1.143730	-2.860842	109.074070
1.144336	-2.806168	107.873531
1.144941	-2.769718	106.509232
1.145547	-2.781260	105.059800
1.146152	-2.678594	103.532556
1.146758	-2.644574	101.759401
1.147363	-2.534617	99.794019
1.147969	-2.505457	98.074547
1.148574	-2.464755	95.988244
1.149180	-2.374238	93.750111
1.149785	-2.296479	91.499506
1.150391	-2.235729	89.144247
1.150996	-2.228439	86.599472
1.151602	-2.032826	84.039513
1.152207	-2.012779	81.305765
1.152813	-1.914364	78.562255
1.153418	-1.818380	75.719785
1.154023	-1.706601	72.713556
1.154629	-1.597859	69.554142
1.155234	-1.471500	66.560927
1.155840	-1.418040	63.319633
1.156445	-1.370656	59.822126
1.157051	-1.197520	56.648613
1.157656	-1.079665	53.300496
1.158262	-0.957559	49.836066
1.158867	-0.893164	46.256138
1.159473	-0.724888	42.642590
1.160078	-0.629511	39.017925
1.160684	-0.492825	35.348255
1.161289	-0.419925	31.568778
1.161895	-0.235247	27.789302
1.162500	-0.139262	24.049681
1.163105	-0.021408	20.196188
1.163711	0.126213	16.171344
1.164316	0.222197	12.404610
1.164922	0.324257	8.639504
1.165527	0.385006	4.525188
1.166133	0.569077	0.632924
1.166738	0.666884	-3.281301
1.167344	0.848525	-7.123136
1.167949	0.943902	-11.011062
1.168555	1.087879	-14.907664
1.169160	1.189938	-18.807520
1.169766	1.350924	-22.655862
1.170371	1.433544	-26.507999
1.170977	1.541070	-30.386436
1.171582	1.717244	-34.187602
1.172187	1.873370	-37.728489
1.172793	1.984542	-41.526673
1.173398	2.082349	-45.296389
1.174004	2.174081	-48.644506
1.174609	2.301655	-52.205727
1.175215	2.407966	-55.745800
1.175820	2.459603	-59.203723
1.176426	2.603580	-62.522016
1.177031	2.683162	-65.770902
1.177637	2.799193	-68.983999
1.178242	2.908543	-72.065872
1.178848	3.027004	-75.134730
1.179453	3.116306	-78.014073
1.180059	3.243273	-80.914022
1.180664	3.346547	-83.777910
1.181270	3.353837	-86.229147
1.181875	3.437064	-88.828147
1.182480	3.585900	-91.376176
1.183086	3.666090	-93.701340
1.183691	3.749924	-95.827499
1.184297	3.760859	-98.012763
1.184902	3.915163	-99.997937
1.185508	3.914555	-101.929428
1.186113	4.006895	-103.664354
1.186719	4.122926	-105.287035
1.187324	4.119889	-106.845187
1.187930	4.220733	-108.354809
1.188535	4.266295	-109.562398
1.189141	4.306390	-110.574777
1.189746	4.354382	-111.819238
1.190352	4.360457	-112.603873
1.190957	4.401159	-113.260265
1.191563	4.423029	-113.903102
1.192168	4.429104	-114.451044
1.192773	4.438216	-114.791577
1.193379	4.488031	-114.927410
1.193984	4.455226	-115.025557
1.194590	4.440646	-115.029624
1.195195	4.483171	-114.822756
1.195801	4.486816	-114.447249
1.196406	4.436394	-113.877887
1.197012	4.469806	-113.458457
1.197617	4.454011	-112.713678
1.198223	4.372607	-111.667680
1.198828	4.368962	-110.696241
1.199434	4.373214	-109.675999
1.200039	4.344055	-108.331492
1.200645	4.242603	-106.965296
1.201250	4.205546	-105.506103
1.201855	4.124141	-103.855768
1.202461	4.076757	-102.128976
1.203066	4.080401	-100.159256
1.203672	3.966192	-98.183029
1.204277	3.919415	-96.131972
1.204883	3.924275	-93.977345
1.205488	3.777869	-91.461851
1.206094	3.636930	-89.135331
1.206699	3.725017	-86.688161
1.207305	3.564638	-83.872262
1.207910	3.527581	-81.070732
1.208516	3.363557	-78.276251
1.209121	3.249348	-75.355155
1.209727	3.164298	-72.358144
1.210332	3.040369	-69.214726
1.210937	2.985695	-66.024132
1.211543	2.894570	-62.733493
1.212148	2.751809	-59.420894
1.212754	2.646712	-55.987914
1.213359	2.495446	-52.515622
1.213965	2.432266	-49.125481
1.214570	2.280392	-45.354680
1.215176	2.129126	-41.658439
1.215781	1.996084	-38.107792
1.216387	1.905568	-34.345939
1.216992	1.778601	-30.552364
1.217598	1.598175	-26.748758
1.218203	1.564155	-22.874117
1.218809	1.372186	-19.084338
1.219414	1.313867	-15.121852
1.220020	1.151058	-11.208170
1.220625	1.000399	-7.332715
1.221230	0.940865	-3.497116
1.221836	0.787776	0.502785
1.222441	0.640762	4.529798
1.223047	0.563610	8.356992
1.223652	0.399586	12.213196
1.224258	0.276872	16.279251
1.224863	0.147476	20.153079
1.225469	0.036304	23.958312
1.226074	-0.092485	27.707422
1.226680	-0.282631	31.500455
1.227285	-0.398055	35.286438
1.227891	-0.525022	39.007080
1.228496	-0.658064	42.643403
1.229102	-0.735215	46.216825
1.229707	-0.936904	49.875379
1.230312	-1.009196	53.307816
1.230918	-1.082703	56.556431
1.231523	-1.206632	60.174046
1.232129	-1.369441	63.442181
1.232734	-1.441125	66.545744
1.233340	-1.534072	69.749352
1.233945	-1.679871	72.820922
1.234551	-1.750948	75.774281
1.235156	-1.869410	78.668807
1.235762	-1.953244	81.418552
1.236367	-2.000629	84.161520
1.236973	-2.099650	86.695450
1.237578	-2.224187	89.165665
1.238184	-2.303161	91.462090
1.238789	-2.285544	93.918479
1.239395	-2.490270	96.181284
