LabVIEW Measurement	
Writer_Version	2
Reader_Version	2
Separator	Tab
Decimal_Separator	.
Multi_Headings	No
X_Columns	One
Time_Pref	Absolute
Operator	AlunosGDS-JT
Date	2019/10/09
Time	15:11:28.9575998562499047959
***End_of_Header***	
	
Channels	2		
Samples	2048	2048	
Date	2019/10/09	2019/10/09	
Time	15:14:06.9928146999999036602	15:14:06.9928146999999036602	
Y_Unit_Label	g	Newtons	
X_Dimension	Time	Time	
X0	0.0000000000000000E+0	0.0000000000000000E+0	
Delta_X	0.000605	0.000605	
***End_of_Header***			
X_Value	Acceleration (Trigger)	Force (Trigger)	Comment
0.000000	0.477953	4.313982
0.000605	0.096446	9.509000
0.001211	-0.196974	14.669314
0.001816	-0.555397	19.823934
0.002422	-0.861575	24.737253
0.003027	-1.312944	29.927119
0.003633	-1.664076	34.908762
0.004238	-2.007919	39.589727
0.004844	-2.287366	44.509824
0.005449	-2.591114	49.315778
0.006055	-2.963509	53.905375
0.006660	-3.263004	58.414447
0.007266	-3.565537	62.770605
0.007871	-3.848630	67.063592
0.008477	-4.127470	71.118259
0.009082	-4.465845	75.064206
0.009687	-4.682114	78.894654
0.010293	-4.945767	82.494646
0.010898	-5.224607	85.840865
0.011504	-5.448166	89.323189
0.012109	-5.686911	92.442477
0.012715	-5.838785	95.108445
0.013320	-6.084213	97.985076
0.013926	-6.227582	100.521175
0.014531	-6.386746	102.736534
0.015137	-6.555022	104.830971
0.015742	-6.702036	106.723420
0.016348	-6.774936	108.317091
0.016953	-6.926202	109.731547
0.017559	-6.998494	110.862679
0.018164	-7.047701	111.875058
0.018770	-7.136396	112.569679
0.019375	-7.181350	112.935426
0.019980	-7.238455	113.405827
0.020586	-7.209295	113.381426
0.021191	-7.231772	112.909127
0.021797	-7.177705	112.595978
0.022402	-7.135788	112.048578
0.023008	-7.048916	111.089068
0.023613	-7.004569	109.948176
0.024219	-6.918912	108.560832
0.024824	-6.813816	106.964992
0.025430	-6.706289	105.149814
0.026035	-6.575677	103.063510
0.026641	-6.416513	100.839204
0.027246	-6.306557	98.391763
0.027852	-6.089073	95.616803
0.028457	-5.970004	92.879801
0.029062	-5.759811	89.837512
0.029668	-5.438446	86.521930
0.030273	-5.304189	83.146700
0.030879	-5.022919	79.614218
0.031484	-4.705806	75.848027
0.032090	-4.508978	71.855447
0.032695	-4.168173	67.837381
0.033301	-3.937324	63.627901
0.033906	-3.608669	59.353894
0.034512	-3.292772	54.862987
0.035117	-3.020614	50.348492
0.035723	-2.692566	45.597034
0.036328	-2.354798	40.697271
0.036934	-2.048013	36.122857
0.037539	-1.684731	31.008635
0.038145	-1.373086	26.009369
0.038750	-1.057796	20.951541
0.039355	-0.592454	15.929501
0.039961	-0.242537	10.740990
0.040566	0.044809	5.533230
0.041172	0.397156	0.380778
0.041777	0.710016	-4.839725
0.042383	1.028344	-10.031218
0.042988	1.425039	-15.171197
0.043594	1.733039	-20.230381
0.044199	2.115761	-25.431635
0.044805	2.425584	-30.587339
0.045410	2.755454	-35.313854
0.046016	3.092614	-40.263504
0.046621	3.434026	-45.161911
0.047227	3.793056	-49.854535
0.047832	4.034232	-54.485071
0.048438	4.378682	-59.038879
0.049043	4.720094	-63.425674
0.049648	4.971597	-67.685041
0.050254	5.248008	-71.797729
0.050859	5.465491	-75.784616
0.051465	5.751014	-79.640549
0.052070	5.971535	-83.221291
0.052676	6.156214	-86.851378
0.053281	6.456316	-90.242062
0.053887	6.655575	-93.070433
0.054492	6.761279	-96.118958
0.055098	7.007922	-98.915336
0.055703	7.165871	-101.390975
0.056309	7.368775	-103.644562
0.056914	7.492096	-105.764214
0.057520	7.551631	-107.658561
0.058125	7.710187	-109.241928
0.058730	7.733272	-110.708441
0.059336	7.801919	-111.890815
0.059941	7.894866	-112.925155
0.060547	7.912483	-113.494246
0.061152	7.927671	-114.118917
0.061758	8.001785	-114.342595
0.062363	7.996925	-114.133287
0.062969	7.905193	-113.934010
0.063574	7.918558	-113.549284
0.064180	7.874818	-112.795016
0.064785	7.792807	-111.815714
0.065391	7.759394	-110.643642
0.065996	7.654298	-109.244097
0.066602	7.529761	-107.579122
0.067207	7.365130	-105.671218
0.067812	7.239986	-103.586541
0.068418	7.130636	-101.335936
0.069023	6.995772	-98.656412
0.069629	6.767354	-96.091032
0.070234	6.646463	-93.231210
0.070840	6.408932	-89.794435
0.071445	6.124016	-86.651017
0.072051	5.936908	-83.109046
0.072656	5.695125	-79.458896
0.073262	5.385302	-75.663152
0.073867	5.159314	-71.633699
0.074473	4.916923	-67.474648
0.075078	4.661775	-63.173257
0.075684	4.345877	-58.759078
0.076289	4.045167	-54.234552
0.076895	3.787589	-49.602389
0.077500	3.468046	-44.723503
0.078105	3.090791	-40.079681
0.078711	2.858728	-35.070113
0.079316	2.471753	-29.878078
0.079922	2.189875	-24.869594
0.080527	1.901315	-19.792786
0.081133	1.515555	-14.639522
0.081738	1.203303	-9.473515
0.082344	0.845488	-4.280666
0.082949	0.492533	0.928721
0.083555	0.201543	6.182031
0.084160	-0.114963	11.367559
0.084766	-0.482497	16.441384
0.085371	-0.720636	21.642095
0.085977	-1.116723	26.744117
0.086582	-1.399208	31.602398
0.087188	-1.699311	36.651008
0.087793	-2.073528	41.695552
0.088398	-2.343256	46.358352
0.089004	-2.661584	51.046909
0.089609	-2.931919	55.679885
0.090215	-3.204077	60.102198
0.090820	-3.516937	64.420670
0.091426	-3.756898	68.606833
0.092031	-4.022981	72.751243
0.092637	-4.338271	76.626155
0.093242	-4.519912	80.259224
0.093848	-4.775668	83.890666
0.094453	-5.025956	87.335846
0.095059	-5.166895	90.428835
0.095664	-5.416576	93.600992
0.096270	-5.644994	96.532391
0.096875	-5.797476	99.042462
0.097480	-5.898927	101.490445
0.098086	-6.130991	103.670287
0.098691	-6.305949	105.683116
0.099297	-6.348474	107.440545
0.099902	-6.445066	109.032046
0.100508	-6.502778	110.405563
0.101113	-6.654044	111.433939
0.101719	-6.751244	112.212337
0.102324	-6.803488	112.931902
0.102930	-6.884893	113.303885
0.103535	-6.799236	113.305782
0.104141	-6.760356	113.459781
0.104746	-6.882463	113.190826
0.105352	-6.837508	112.571577
0.105957	-6.755496	111.789925
0.106563	-6.772506	110.761821
0.107168	-6.695961	109.542302
0.107773	-6.560490	108.051389
0.108379	-6.494880	106.375025
0.108984	-6.408009	104.500199
0.109590	-6.242770	102.372956
0.110195	-6.155290	99.920363
0.110801	-6.047156	97.521724
0.111406	-5.841823	94.734022
0.112012	-5.607937	91.664349
0.112617	-5.473073	88.796665
0.113223	-5.258020	85.479727
0.113828	-5.019274	81.924742
0.114434	-4.779313	78.277303
0.115039	-4.625009	74.394800
0.115645	-4.367431	70.381614
0.116250	-4.074618	66.293598
0.116855	-3.834658	62.029893
0.117461	-3.596519	57.658281
0.118066	-3.306744	53.063804
0.118672	-2.990239	48.456856
0.119277	-2.739343	43.860752
0.119883	-2.407651	38.881279
0.120488	-2.152502	33.936238
0.121094	-1.809268	29.162819
0.121699	-1.530427	24.077607
0.122305	-1.180510	18.970705
0.122910	-0.780778	13.898507
0.123516	-0.518340	8.695355
0.124121	-0.171460	3.489493
0.124727	0.161448	-1.691426
0.125332	0.529590	-6.839540
0.125938	0.860068	-12.012596
0.126543	1.161993	-17.207071
0.127148	1.487611	-22.419441
0.127754	1.844818	-27.339267
0.128359	2.138238	-32.526964
0.128965	2.498483	-37.488002
0.129570	2.803446	-42.132907
0.130176	3.121166	-46.976276
0.130781	3.430381	-51.684625
0.131387	3.768756	-56.269613
0.131992	3.959510	-60.817185
0.132598	4.353774	-65.130777
0.133203	4.575510	-69.355168
0.133809	4.934540	-73.395195
0.134414	5.145949	-77.316741
0.135020	5.371937	-81.142037
0.135625	5.690265	-84.802219
0.136230	5.885878	-88.072523
0.136836	6.134344	-91.361535
0.137441	6.334210	-94.590629
0.138047	6.539543	-97.211319
0.138652	6.733942	-99.835533
0.139258	6.857263	-102.342080
0.139863	6.970258	-104.561234
0.140469	7.223583	-106.492183
0.141074	7.334755	-108.284859
0.141680	7.520041	-109.838131
0.142285	7.528546	-111.243912
0.142891	7.643970	-112.275812
0.143496	7.747244	-113.185435
0.144102	7.832901	-113.835050
0.144707	7.820751	-114.056558
0.145313	7.892436	-114.374858
0.145918	7.885753	-114.286743
0.146523	7.928886	-113.710332
0.147129	7.868136	-113.201974
0.147734	7.856594	-112.431438
0.148340	7.840191	-111.352091
0.148945	7.753927	-110.070214
0.149551	7.715047	-108.553814
0.150156	7.603268	-106.831089
0.150762	7.448357	-104.841035
0.151367	7.392467	-102.600732
0.151973	7.206573	-100.315966
0.152578	7.092972	-97.709645
0.153184	6.936845	-94.743001
0.153789	6.732727	-91.938488
0.154395	6.604545	-88.725391
0.155000	6.347575	-85.190469
0.155605	6.146494	-81.590206
0.156211	5.941160	-77.915113
0.156816	5.696947	-74.058095
0.157422	5.411424	-69.928326
0.158027	5.187258	-65.783645
0.158633	4.922998	-61.413388
0.159238	4.649625	-56.936579
0.159844	4.316717	-52.306043
0.160449	4.062784	-47.800224
0.161055	3.731699	-42.910493
0.161660	3.330145	-37.922614
0.162266	3.086539	-33.253578
0.162871	2.799801	-28.027924
0.163477	2.421331	-22.893367
0.164082	2.150996	-17.745796
0.164687	1.772526	-12.692848
0.165293	1.402561	-7.485900
0.165898	1.115216	-2.210901
0.166504	0.719129	2.964867
0.167109	0.386221	8.178592
0.167715	0.004714	13.361680
0.168320	-0.280201	18.529043
0.168926	-0.593669	23.444531
0.169531	-0.973354	28.622197
0.170137	-1.321449	33.672434
0.170742	-1.634916	38.405455
0.171348	-1.937449	43.373813
0.171953	-2.339004	48.217453
0.172559	-2.580787	52.837686
0.173164	-2.896684	57.315037
0.173770	-3.242957	61.715931
0.174375	-3.533340	65.989667
0.174980	-3.827368	70.141398
0.175586	-4.108031	74.133164
0.176191	-4.442153	77.982591
0.176797	-4.637767	81.655786
0.177402	-4.926934	84.984383
0.178008	-5.148670	88.535030
0.178613	-5.436623	91.639677
0.179219	-5.577562	94.401352
0.179824	-5.796868	97.379926
0.180430	-5.991267	99.894606
0.181035	-6.178375	102.234411
0.181641	-6.392214	104.330204
0.182246	-6.504600	106.249766
0.182852	-6.611520	107.981438
0.183457	-6.761571	109.444969
0.184062	-6.891575	110.627885
0.184668	-6.958399	111.715095
0.185273	-7.038589	112.447944
0.185879	-7.134573	112.853004
0.186484	-7.176490	113.396067
0.187090	-7.212333	113.310934
0.187695	-7.161303	113.026524
0.188301	-7.197753	112.823181
0.188906	-7.146116	112.179802
0.189512	-7.080506	111.291869
0.190117	-7.068356	110.219301
0.190723	-6.959614	108.935797
0.191328	-6.881248	107.332637
0.191934	-6.761571	105.576835
0.192539	-6.704466	103.610097
0.193145	-6.533153	101.437576
0.193750	-6.393429	98.892530
0.194355	-6.260387	96.378663
0.194961	-6.153468	93.649252
0.195566	-5.893460	90.381388
0.196172	-5.723969	87.302226
0.196777	-5.467605	84.094823
0.197383	-5.190588	80.482359
0.197988	-5.059369	76.742467
0.198594	-4.770808	72.906868
0.199199	-4.524772	68.826986
0.199805	-4.309112	64.613168
0.200410	-3.950082	60.377118
0.201016	-3.685821	55.956432
0.201621	-3.345016	51.450342
0.202227	-3.026081	46.647642
0.202832	-2.740558	41.975352
0.203437	-2.458073	37.200578
0.204043	-2.069276	32.057616
0.204648	-1.736976	27.164089
0.205254	-1.420470	22.251583
0.205859	-1.120368	17.111604
0.206465	-0.723673	12.000635
0.207070	-0.354316	6.834627
0.207676	-0.035381	1.646930
0.208281	0.343089	-3.554323
0.208887	0.612817	-8.737411
0.209492	0.993109	-13.847025
0.210098	1.335129	-19.022793
0.210703	1.720889	-24.227300
0.211309	2.033142	-29.138450
0.211914	2.357544	-34.173233
0.212520	2.723864	-39.254378
0.213125	3.006957	-43.910942
0.213730	3.340472	-48.610615
0.214336	3.638145	-53.348246
0.214941	3.937033	-57.868163
0.215547	4.287557	-62.313793
0.216152	4.584015	-66.606779
0.216758	4.868931	-70.764474
0.217363	5.102816	-74.744311
0.217969	5.357357	-78.643082
0.218574	5.652600	-82.451569
0.219180	5.870083	-86.005470
0.219785	6.159251	-89.173018
0.220391	6.363370	-92.458234
0.220996	6.524356	-95.537667
0.221602	6.744877	-98.132329
0.222207	6.933200	-100.687678
0.222812	7.117272	-103.054866
0.223418	7.267930	-105.197563
0.224023	7.424057	-107.090013
0.224629	7.563781	-108.811111
0.225234	7.635465	-110.314768
0.225840	7.684672	-111.549741
0.226445	7.826219	-112.524976
0.227051	7.854164	-113.427007
0.227656	7.961690	-113.925876
0.228262	7.964728	-114.036224
0.228867	7.936176	-114.318736
0.229473	7.998748	-114.092076
0.230078	7.982345	-113.485028
0.230684	7.972018	-112.870659
0.231289	7.936783	-111.972966
0.231895	7.837761	-110.891450
0.232500	7.843836	-109.483229
0.233105	7.738132	-107.913418
0.233711	7.634250	-106.116133
0.234316	7.536443	-104.048266
0.234922	7.374242	-101.738556
0.235527	7.245453	-99.406343
0.236133	7.078392	-96.649277
0.236738	6.859086	-93.674770
0.237344	6.698707	-90.861581
0.237949	6.540758	-87.442701
0.238555	6.290470	-83.921606
0.239160	6.132521	-80.273083
0.239766	5.880411	-76.517737
0.240371	5.626478	-72.600800
0.240977	5.403527	-68.439310
0.241582	5.131976	-64.220612
0.242187	4.799676	-59.774440
0.242793	4.546351	-55.295733
0.243398	4.296062	-50.662757
0.244004	3.928528	-46.098375
0.244609	3.642397	-41.079046
0.245215	3.285797	-36.186061
0.245820	3.044014	-31.415354
0.246426	2.713537	-26.154182
0.247031	2.282822	-21.019896
0.247637	1.937157	-15.965863
0.248242	1.681402	-10.787655
0.248848	1.234285	-5.593993
0.249453	0.917172	-0.359934
0.250059	0.633472	4.809056
0.250664	0.275657	10.065076
0.251270	-0.158702	15.166556
0.251875	-0.481890	20.296504
0.252480	-0.778955	25.248052
0.253086	-1.179902	30.494312
0.253691	-1.512202	35.334970
0.254297	-1.784360	40.114895
0.254902	-2.139138	45.104943
0.255508	-2.484195	49.766658
0.256113	-2.809813	54.416445
0.256719	-3.088653	58.855296
0.257324	-3.419131	63.262425
0.257930	-3.764188	67.465127
0.258535	-4.067936	71.513288
0.259141	-4.330981	75.486347
0.259746	-4.652954	79.282904
0.260352	-4.821838	82.809964
0.260957	-5.053901	86.228573
0.261562	-5.320592	89.668873
0.262168	-5.521065	92.559331
0.262773	-5.797476	95.438674
0.263379	-6.022249	98.312866
0.263984	-6.219685	100.674089
0.264590	-6.375204	102.910325
0.265195	-6.465721	105.025367
0.265801	-6.637642	106.848409
0.266406	-6.829610	108.457804
0.267012	-6.914660	109.829423
0.267617	-6.986344	111.008815
0.268223	-7.159480	111.926572
0.268828	-7.225090	112.532535
0.269434	-7.215370	112.987482
0.270039	-7.386076	113.344011
0.270645	-7.359954	113.183505
0.271250	-7.273690	112.865747
0.271855	-7.347804	112.556394
0.272461	-7.280980	111.886988
0.273066	-7.168593	110.914464
0.273672	-7.183173	109.702537
0.274277	-7.098123	108.329833
0.274883	-6.997279	106.675431
0.275488	-6.916482	104.851305
0.276094	-6.770076	102.801604
0.276699	-6.612127	100.543136
0.277305	-6.452963	97.960946
0.277910	-6.322352	95.376858
0.278516	-6.083606	92.585088
0.279121	-5.908040	89.257848
0.279727	-5.677191	86.182753
0.280332	-5.514990	82.835178
0.280938	-5.295077	79.142733
0.281543	-5.004086	75.364341
0.282148	-4.768986	71.402398
0.282754	-4.504118	67.369691
0.283359	-4.159668	63.117916
0.283965	-3.894192	58.769892
0.284570	-3.639651	54.319111
0.285176	-3.258144	49.754187
0.285781	-2.993884	44.923018
0.286387	-2.608732	40.291940
0.286992	-2.345079	35.473243
0.287598	-2.020676	30.273887
0.288203	-1.644636	25.348097
0.288809	-1.286821	20.422306
0.289414	-0.949054	15.229999
0.290020	-0.594276	10.118217
0.290625	-0.221274	4.992878
0.291230	0.103736	-0.224100
0.291836	0.535665	-5.364893
0.292441	0.848525	-10.594072
0.293047	1.203303	-15.660577
0.293652	1.534995	-20.874844
0.294258	1.934727	-26.055764
0.294863	2.217213	-30.943055
0.295469	2.548298	-35.896500
0.296074	2.936487	-40.947551
0.296680	3.291265	-45.574020
0.297285	3.611415	-50.230856
0.297891	3.903620	-54.920497
0.298496	4.150871	-59.503044
0.299102	4.512938	-63.821516
0.299707	4.856781	-68.029640
0.300312	5.141696	-72.159139
0.300918	5.371937	-76.117015
0.301523	5.627693	-79.913843
0.302129	5.904711	-83.629605
0.302734	6.169579	-87.141481
0.303340	6.366407	-90.245858
0.303945	6.594218	-93.442687
0.304551	6.784972	-96.465184
0.305156	6.977548	-98.977424
0.305762	7.139141	-101.517590
0.306367	7.328680	-103.771991
0.306973	7.445319	-105.820879
0.307578	7.599016	-107.673202
0.308184	7.780049	-109.270668
0.308789	7.799489	-110.732842
0.309395	7.980523	-111.866956
0.310000	7.951970	-112.791762
0.310605	8.023047	-113.624657
0.311211	8.093517	-114.015076
0.311816	8.045525	-114.070386
0.312422	8.139687	-114.205406
0.313027	8.119032	-113.899035
0.313633	8.033375	-113.316388
0.314238	8.055245	-112.589503
0.314844	7.993280	-111.630807
0.315449	7.956830	-110.416440
0.316055	7.820144	-108.961586
0.316660	7.770329	-107.274378
0.317266	7.705327	-105.358340
0.317871	7.444712	-103.241400
0.318477	7.347512	-100.919218
0.319082	7.161011	-98.498618
0.319688	6.996380	-95.618733
0.320293	6.770392	-92.622535
0.320898	6.617910	-89.712013
0.321504	6.350005	-86.278763
0.322109	6.120371	-82.707239
0.322715	5.866438	-79.024012
0.323320	5.681760	-75.154794
0.323926	5.442406	-71.123443
0.324531	5.085199	-66.998011
0.325137	4.781451	-62.726986
0.325742	4.519013	-58.261836
0.326348	4.197648	-53.710468
0.326953	3.895723	-49.030587
0.327559	3.612022	-44.408727
0.328164	3.277900	-39.310230
0.328770	2.969292	-34.488551
0.329375	2.590822	-29.618069
0.329980	2.268242	-24.382112
0.330586	1.934727	-19.214749
0.331191	1.550183	-14.120861
0.331797	1.206948	-8.998504
0.332402	0.875255	-3.752786
0.333008	0.445756	1.415661
0.333613	0.183318	6.683340
0.334219	-0.156272	11.808136
0.334824	-0.554182	16.998274
0.335430	-0.916857	22.073454
0.336035	-1.211492	27.010903
0.336641	-1.574167	32.215410
0.337246	-1.919224	37.076131
0.337852	-2.219327	41.806170
0.338457	-2.550412	46.729521
0.339062	-2.863272	51.412927
0.339668	-3.154263	55.994932
0.340273	-3.507825	60.374136
0.340879	-3.820685	64.772860
0.341484	-4.060038	68.974206
0.342090	-4.327336	72.957840
0.342695	-4.582485	76.827058
0.343301	-4.896560	80.607890
0.343906	-5.124371	84.070422
0.344512	-5.378911	87.400645
0.345117	-5.560552	90.834166
0.345723	-5.768923	93.643016
0.346328	-5.963322	96.413909
0.346934	-6.170478	99.204594
0.347539	-6.325997	101.530843
0.348145	-6.474833	103.730477
0.348750	-6.647969	105.689351
0.349355	-6.711756	107.511037
0.349961	-6.824750	109.011712
0.350566	-6.935315	110.352423
0.351172	-7.045879	111.372664
0.351777	-7.110881	112.340579
0.352383	-7.138826	112.764889
0.352988	-7.140041	113.191097
0.353594	-7.181350	113.509397
0.354199	-7.183173	113.194893
0.354805	-7.181350	112.883642
0.355410	-7.108451	112.435744
0.356016	-7.135788	111.634028
0.356621	-6.974802	110.668825
0.357227	-6.993634	109.340044
0.357832	-6.905547	107.909048
0.358438	-6.786478	106.129929
0.359043	-6.643109	104.235310
0.359648	-6.514320	102.158496
0.360254	-6.404971	99.741692
0.360859	-6.166225	97.109073
0.361465	-6.061129	94.427651
0.362070	-5.804765	91.527160
0.362676	-5.595180	88.230828
0.363281	-5.378304	85.065449
0.363887	-5.208205	81.607797
0.364492	-4.937869	77.931619
0.365098	-4.659636	74.119066
0.365703	-4.398413	70.061958
0.366309	-4.157238	65.969333
0.366914	-3.866247	61.676076
0.367520	-3.544275	57.299312
0.368125	-3.306136	52.838229
0.368730	-2.978089	48.112528
0.369336	-2.626349	43.302236
0.369941	-2.388211	38.675495
0.370547	-2.100258	33.674874
0.371152	-1.707816	28.546282
0.371758	-1.406498	23.708877
0.372363	-1.020738	18.584623
0.372969	-0.678718	13.481788
0.373574	-0.314221	8.305749
0.374180	-0.019586	3.151671
0.374785	0.336407	-2.068019
0.375391	0.684502	-7.265476
0.375996	0.994324	-12.426332
0.376602	1.325409	-17.511815
0.377207	1.698412	-22.756449
0.377812	2.141276	-27.842474
0.378418	2.374554	-32.654122
0.379023	2.652180	-37.788136
0.379629	3.032472	-42.660516
0.380234	3.322247	-47.332805
0.380840	3.681884	-51.992352
0.381445	3.970445	-56.622075
0.382051	4.237743	-61.090479
0.382656	4.554855	-65.396208
0.383262	4.840986	-69.629275
0.383867	5.114359	-73.663880
0.384473	5.395022	-77.585154
0.385078	5.591243	-81.282751
0.385684	5.888916	-85.008002
0.386289	6.088782	-88.457520
0.386895	6.315985	-91.424436
0.387500	6.503701	-94.647836
0.388105	6.722399	-97.543717
0.388711	6.896751	-100.012035
0.389316	7.072924	-102.431551
0.389922	7.238163	-104.639047
0.390527	7.356625	-106.639675
0.391133	7.451394	-108.380837
0.391738	7.595371	-109.926789
0.392344	7.642148	-111.270211
0.392949	7.716262	-112.374502
0.393555	7.782479	-113.152900
0.394160	7.868744	-113.866500
0.394766	7.918558	-114.133287
0.395371	7.888791	-114.142234
0.395977	7.876033	-114.240652
0.396582	7.922203	-113.834778
0.397187	7.893043	-113.187604
0.397793	7.809209	-112.333833
0.398398	7.789162	-111.283225
0.399004	7.681635	-109.991046
0.399609	7.631820	-108.402256
0.400215	7.496956	-106.685224
0.400820	7.417982	-104.685680
0.401426	7.258211	-102.498247
0.402031	7.105729	-99.984652
0.402637	6.915583	-97.520401
0.403242	6.792869	-94.663290
0.403848	6.580246	-91.470798
0.404453	6.354257	-88.519608
0.405059	6.165934	-85.042435
0.405664	5.982470	-81.335349
0.406270	5.681152	-77.672185
0.406875	5.417499	-73.773414
0.407480	5.176931	-69.685669
0.408086	4.870146	-65.482967
0.408691	4.662990	-61.096172
0.409297	4.351344	-56.645391
0.409902	4.066429	-52.014042
0.410508	3.700109	-47.361544
0.411113	3.441924	-42.684646
0.411719	3.148503	-37.657183
0.412324	2.785829	-32.566277
0.412930	2.476006	-27.716673
0.413535	2.114546	-22.590521
0.414141	1.818088	-17.419362
0.414746	1.466956	-12.259591
0.415352	1.158348	-7.053999
0.415957	0.789598	-1.875791
0.416563	0.413559	3.386194
0.417168	0.118923	8.574163
0.417773	-0.305716	13.722004
0.418379	-0.566939	18.906448
0.418984	-0.929007	24.024738
0.419590	-1.290466	28.858888
0.420195	-1.632486	34.022184
0.420801	-1.959319	39.020366
0.421406	-2.250917	43.629754
0.422012	-2.561347	48.490475
0.422617	-2.936779	53.119656
0.423223	-3.273939	57.686478
0.423828	-3.514507	62.043449
0.424434	-3.779983	66.339689
0.425039	-4.072796	70.483557
0.425645	-4.335841	74.414592
0.426250	-4.601924	78.248022
0.426855	-4.824268	81.981678
0.427461	-5.100678	85.401101
0.428066	-5.293254	88.615011
0.428672	-5.577562	91.998104
0.429277	-5.798691	94.867957
0.429883	-5.904395	97.526333
0.430488	-6.101223	100.113946
0.431094	-6.245200	102.445617
0.431699	-6.372166	104.560660
0.432305	-6.510068	106.462056
0.432910	-6.674699	108.114832
0.433516	-6.774328	109.587851
0.434121	-6.900080	110.760736
0.434727	-6.959614	111.743563
0.435332	-7.011252	112.597876
0.435937	-7.113311	112.921328
0.436543	-7.062281	113.257251
0.437148	-7.107236	113.504246
0.437754	-7.122423	113.119520
0.438359	-7.056814	112.654270
0.438965	-7.017934	112.203390
0.439570	-7.052561	111.310577
0.440176	-6.911622	110.191646
0.440781	-6.886715	108.876149
0.441387	-6.766431	107.299018
0.441992	-6.698391	105.456455
0.442598	-6.547125	103.487278
0.443203	-6.454178	101.274901
0.443809	-6.270107	98.901748
0.444414	-6.101831	96.122722
0.445020	-5.954209	93.368367
0.445625	-5.740371	90.471130
0.446230	-5.567235	87.047912
0.446836	-5.349751	83.763780
0.447441	-5.098248	80.255157
0.448047	-4.801183	76.504149
0.448652	-4.585522	72.610258
0.449258	-4.320654	68.530376
0.449863	-4.022374	64.402775
0.450469	-3.838303	60.000526
0.451074	-3.536985	55.624576
0.451680	-3.234452	51.092458
0.452285	-2.891825	46.417457
0.452891	-2.530972	41.544535
0.453496	-2.284936	36.872246
0.454102	-1.952029	31.867015
0.454707	-1.614869	26.685554
0.455313	-1.320234	21.789044
0.455918	-0.937511	16.726607
0.456523	-0.622221	11.539452
0.457129	-0.292959	6.343079
0.457734	0.078221	1.220993
0.458340	0.318182	-4.030960
0.458945	0.690577	-9.209168
0.459551	1.036849	-14.364330
0.460156	1.382514	-19.427039
0.460762	1.695374	-24.665166
0.461367	1.999122	-29.758783
0.461973	2.349039	-34.544673
0.462578	2.663722	-39.572949
0.463184	3.085324	-44.419301
0.463789	3.307667	-49.036823
0.464395	3.660015	-53.752764
0.465000	3.918808	-58.326364
0.465605	4.273585	-62.708550
0.466211	4.524481	-67.012110
0.466816	4.813649	-71.125612
0.467422	5.012907	-75.194920
0.468027	5.308150	-79.017505
0.468633	5.517128	-82.676331
0.469238	5.748584	-86.368234
0.469844	6.024387	-89.625525
0.470449	6.212711	-92.594067
0.471055	6.405894	-95.805538
0.471660	6.673192	-98.544709
0.472266	6.803804	-100.943619
0.472871	6.922873	-103.347952
0.473477	7.035867	-105.471941
0.474082	7.244846	-107.339719
0.474687	7.379710	-108.975684
0.475293	7.452609	-110.502929
0.475898	7.536443	-111.700486
0.476504	7.636073	-112.629087
0.477109	7.699860	-113.390947
0.477715	7.763647	-114.072826
0.478320	7.785517	-114.201068
0.478926	7.750889	-114.179920
0.479531	7.803741	-114.152807
0.480137	7.827434	-113.560671
0.480742	7.743599	-112.874184
0.481348	7.727805	-111.982727
0.481953	7.660980	-110.875996
0.482559	7.578968	-109.449881
0.483164	7.486629	-107.853500
0.483770	7.458684	-105.962948
0.484375	7.283118	-103.932225
0.484980	7.179236	-101.600825
0.485586	7.071709	-99.124645
0.486191	6.885208	-96.566855
0.486797	6.691417	-93.436722
0.487402	6.458746	-90.476042
0.488008	6.293508	-87.263487
0.488613	6.122194	-83.659429
0.489219	5.901066	-79.975931
0.489824	5.642880	-76.200792
0.490430	5.451519	-72.244000
0.491035	5.190903	-68.105826
0.491641	4.887156	-63.819347
0.492246	4.624717	-59.437703
0.492852	4.324007	-54.930529
0.493457	4.034232	-50.242514
0.494063	3.751746	-45.557211
0.494668	3.430381	-40.808735
0.495273	3.115091	-35.679058
0.495879	2.755454	-30.822675
0.496484	2.493016	-25.822596
0.497090	2.156463	-20.573083
0.497695	1.850893	-15.480008
0.498301	1.446908	-10.313187
0.498906	1.123721	-5.169412
0.499512	0.836983	0.137580
0.500117	0.505290	5.367030
0.500723	0.137148	10.540629
0.501328	-0.221274	15.675728
0.501934	-0.515910	20.905721
0.502539	-0.868257	25.826089
0.503145	-1.148312	30.805563
0.503750	-1.569307	36.031488
0.504355	-1.866980	40.712725
0.504961	-2.167082	45.484788
0.505566	-2.520645	50.329242
0.506172	-2.780653	54.883863
0.506777	-3.150618	59.334373
0.507383	-3.428243	63.668841
0.507988	-3.733813	67.907602
0.508594	-4.058216	71.956305
0.509199	-4.326729	75.847756
0.509805	-4.541175	79.620183
0.510410	-4.838240	83.245661
0.511016	-5.062406	86.527352
0.511621	-5.263487	89.885772
0.512227	-5.542935	93.077179
0.512832	-5.737333	95.743689
0.513437	-5.940237	98.481234
0.514043	-6.129168	101.056646
0.514648	-6.253705	103.268751
0.515254	-6.503993	105.212986
0.515859	-6.641287	107.064766
0.516465	-6.697784	108.675788
0.517070	-6.818068	110.047136
0.517676	-6.883678	111.135973
0.518281	-7.036766	112.081113
0.518887	-7.108451	112.740488
0.519492	-7.198968	112.988024
0.520098	-7.250605	113.376546
0.520703	-7.215370	113.391729
0.521309	-7.246352	112.842431
0.521914	-7.208688	112.476684
0.522520	-7.198968	111.870178
0.523125	-7.167985	110.854003
0.523730	-7.059244	109.699826
0.524336	-6.982092	108.233584
0.524941	-6.932885	106.600059
0.525547	-6.790731	104.722250
0.526152	-6.734841	102.628897
0.526758	-6.610912	100.345758
0.527363	-6.488805	97.835958
0.527969	-6.277397	94.988336
0.528574	-6.070241	92.339449
0.529180	-5.921405	89.146144
0.529785	-5.652284	85.822429
0.530391	-5.482793	82.475667
0.530996	-5.225215	78.827957
0.531602	-4.993759	75.062037
0.532207	-4.782351	71.027704
0.532813	-4.479818	66.958938
0.533418	-4.186397	62.743222
0.534023	-3.923352	58.394655
0.534629	-3.670026	53.869044
0.535234	-3.348661	49.346415
0.535840	-3.089868	44.563507
0.536445	-2.696211	39.675403
0.537051	-2.382743	35.010976
0.537656	-2.061378	29.936337
0.538262	-1.726041	24.850854
0.538867	-1.387058	19.910965
0.539473	-1.051113	14.787795
0.540078	-0.778955	9.563496
0.540684	-0.364036	4.427312
0.541289	0.016257	-0.682843
0.541895	0.414166	-5.864847
0.542500	0.750719	-11.024618
0.543105	1.072084	-16.252442
0.543711	1.431721	-21.301594
0.544316	1.734861	-26.524267
0.544922	2.116369	-31.575588
0.545527	2.403106	-36.290444
0.546133	2.759706	-41.292964
0.546738	3.095651	-46.168054
0.547344	3.456504	-50.767682
0.547949	3.742026	-55.376529
0.548555	3.982595	-59.966125
0.549160	4.370784	-64.292731
0.549766	4.636260	-68.485943
0.550371	4.912670	-72.623033
0.550977	5.182398	-76.524244
0.551582	5.491006	-80.395360
0.552187	5.712134	-83.917810
0.552793	5.997657	-87.494214
0.553398	6.248553	-90.779702
0.554004	6.489729	-93.585841
0.554609	6.625808	-96.632196
0.555215	6.827496	-99.389533
0.555820	7.006100	-101.783021
0.556426	7.199891	-104.027119
0.557031	7.306810	-106.093901
0.557637	7.486629	-107.889017
0.558242	7.592941	-109.489194
0.558848	7.641540	-110.873285
0.559453	7.725982	-112.084940
0.560059	7.823789	-112.943321
0.560664	7.927671	-113.548471
0.561270	7.942858	-114.122713
0.561875	8.049777	-114.227367
0.562480	7.978093	-113.971425
0.563086	7.933746	-113.867042
0.563691	7.970803	-113.333740
0.564297	7.880286	-112.539888
0.564902	7.826826	-111.522628
0.565508	7.756357	-110.341610
0.566113	7.769114	-108.835513
0.566719	7.585651	-107.114143
0.567324	7.498779	-105.205426
0.567930	7.352980	-103.068965
0.568535	7.188956	-100.686051
0.569141	7.027362	-98.092744
0.569746	6.896751	-95.472326
0.570352	6.775859	-92.364696
0.570957	6.501879	-89.109846
0.571562	6.310518	-85.940671
0.572168	6.001302	-82.391108
0.572773	5.854288	-78.617325
0.573379	5.625263	-74.753800
0.573984	5.330020	-70.746580
0.574590	5.070012	-66.556621
0.575195	4.737104	-62.234895
0.575801	4.562145	-57.779777
0.576406	4.181853	-53.259317
0.577012	3.910910	-48.533074
0.577617	3.573750	-43.793816
0.578223	3.275470	-39.112851
0.578828	2.937095	-33.878520
0.579434	2.512456	-28.925075
0.580039	2.254877	-23.945330
0.580645	1.912250	-18.796132
0.581250	1.521630	-13.654526
0.581855	1.262230	-8.398777
0.582461	0.892265	-3.282657
0.583066	0.516225	1.923477
0.583672	0.189393	7.178142
0.584277	-0.131972	12.326798
0.584883	-0.534742	17.438851
0.585488	-0.852462	22.621126
0.586094	-1.240652	27.631236
0.586699	-1.572952	32.471081
0.587305	-1.883382	37.688602
0.587910	-2.207177	42.528988
0.588516	-2.588684	47.149493
0.589121	-2.857197	51.930775
0.589727	-3.137860	56.467773
0.590332	-3.459833	60.899033
0.590938	-3.727738	65.187139
0.591543	-3.976811	69.407735
0.592148	-4.298177	73.375642
0.592754	-4.609822	77.200397
0.593359	-4.860110	80.887419
0.593965	-5.078201	84.533231
0.594570	-5.312694	87.739550
0.595176	-5.514990	90.952647
0.595781	-5.754951	94.127787
0.596387	-5.988229	96.792399
0.596992	-6.204498	99.356695
0.597598	-6.347866	101.788140
0.598203	-6.366091	103.984520
0.598809	-6.613950	105.885374
0.599414	-6.719046	107.653107
0.600020	-6.861808	109.167608
0.600625	-6.933492	110.475242
0.601230	-6.998494	111.502533
0.601836	-7.124246	112.294759
0.602441	-7.225090	112.962810
0.603047	-7.220838	113.126027
0.603652	-7.181958	113.338046
0.604258	-7.250605	113.335606
0.604863	-7.271260	112.832941
0.605469	-7.205650	112.227520
0.606074	-7.195930	111.525036
0.606680	-7.164948	110.403394
0.607285	-7.105413	109.152968
0.607891	-6.982699	107.646057
0.608496	-6.880033	105.910047
0.609102	-6.733626	103.994823
0.609707	-6.600585	101.793292
0.610313	-6.470581	99.428001
0.610918	-6.263425	96.965377
0.611523	-6.106083	94.006052
0.612129	-5.900142	91.189339
0.612734	-5.734296	88.124818
0.613340	-5.542935	84.624871
0.613945	-5.289609	81.164780
0.614551	-5.049041	77.506496
0.615156	-4.819408	73.669270
0.615762	-4.511408	69.625990
0.616367	-4.311542	65.484562
0.616973	-4.024196	61.225196
0.617578	-3.735636	56.798274
0.618184	-3.449505	52.227656
0.618789	-3.112953	47.656496
0.619395	-2.818925	42.904496
0.620000	-2.496345	37.909839
0.620605	-2.153110	33.195255
0.621211	-1.914364	28.272175
0.621816	-1.566269	23.026457
0.622422	-1.169575	17.995470
0.623027	-0.783815	12.964482
0.623633	-0.471562	7.757806
0.624238	-0.114963	2.615116
0.624844	0.192430	-2.567430
0.625449	0.575152	-7.712289
0.626055	0.886798	-12.894835
0.626660	1.247650	-18.079821
0.627266	1.551398	-23.102133
0.627871	1.935942	-28.325889
0.628477	2.263382	-33.366095
0.629082	2.564093	-38.071733
0.629687	2.889710	-43.049037
0.630293	3.260283	-47.832217
0.630898	3.549450	-52.474140
0.631504	3.838011	-57.037709
0.632109	4.105916	-61.544070
0.632715	4.416954	-65.852239
0.633320	4.715234	-70.004512
0.633926	4.936970	-74.054841
0.634531	5.257120	-77.979640
0.635137	5.501941	-81.735800
0.635742	5.758912	-85.211075
0.636348	6.054154	-88.742472
0.636953	6.217571	-91.899717
0.637559	6.424727	-94.721853
0.638164	6.636135	-97.640509
0.638770	6.812916	-100.349314
0.639375	6.948995	-102.673123
0.639980	7.113019	-104.820429
0.640586	7.287370	-106.797741
0.641191	7.429524	-108.522093
0.641797	7.550416	-110.041475
0.642402	7.607520	-111.354531
0.643008	7.721730	-112.420864
0.643613	7.776404	-113.198449
0.644219	7.840799	-113.751543
0.644824	7.927063	-114.252581
0.645430	7.929493	-114.239025
0.646035	7.897903	-113.929130
0.646641	7.938606	-113.761304
0.647246	7.933746	-113.093253
0.647852	7.821359	-112.196102
0.648457	7.801312	-111.113230
0.649062	7.712010	-109.822406
0.649668	7.626353	-108.266151
0.650273	7.585043	-106.425758
0.650879	7.478731	-104.447904
0.651484	7.278258	-102.233630
0.652090	7.167694	-99.736844
0.652695	7.014605	-97.113171
0.653301	6.831141	-94.439883
0.653906	6.622770	-91.193980
0.654512	6.445989	-87.921778
0.655117	6.230328	-84.683466
0.655723	6.038360	-81.020845
0.656328	5.699377	-77.254925
0.656934	5.489184	-73.346664
0.657539	5.257728	-69.251870
0.658145	4.983747	-64.985996
0.658750	4.687897	-60.658848
0.659355	4.432749	-56.200205
0.659961	4.155731	-51.591359
0.660566	3.813103	-46.778084
0.661172	3.489308	-42.163544
0.661777	3.153363	-37.254834
0.662383	2.852046	-32.047345
0.662988	2.493016	-27.173339
0.663594	2.237260	-22.109546
0.664199	1.863650	-16.921306
0.664805	1.453591	-11.767228
0.665410	1.162601	-6.535880
0.666016	0.821188	-1.383429
0.666621	0.434821	3.865542
0.667227	0.106166	9.097162
0.667832	-0.283239	14.228736
0.668438	-0.570584	19.345941
0.669043	-0.979429	24.442269
0.669648	-1.283176	29.355589
0.670254	-1.637346	34.476047
0.670859	-2.066846	39.466637
0.671465	-2.333536	44.084701
0.672070	-2.653079	48.888215
0.672676	-3.009071	53.553184
0.673281	-3.276977	58.078795
0.673887	-3.619604	62.427091
0.674492	-3.943399	66.718992
0.675098	-4.198547	70.811618
0.675703	-4.424536	74.773018
0.676309	-4.713096	78.576625
0.676914	-5.026564	82.218641
0.677520	-5.248907	85.655145
0.678125	-5.481578	88.901861
0.678730	-5.729436	92.247538
0.679336	-5.952994	95.043104
0.679941	-6.146178	97.684399
0.680547	-6.364269	100.258184
0.681152	-6.513105	102.616155
0.681758	-6.716616	104.635761
0.682363	-6.799843	106.549901
0.682969	-6.934100	108.246056
0.683574	-7.034336	109.645330
0.684180	-7.152798	110.802218
0.684785	-7.217800	111.717264
0.685391	-7.354487	112.581067
0.685996	-7.386684	112.998327
0.686602	-7.434068	113.161544
0.687207	-7.362991	113.439989
0.687813	-7.454116	113.099457
0.688418	-7.367851	112.586489
0.689023	-7.345374	112.019568
0.689629	-7.303457	111.164441
0.690234	-7.264577	109.969053
0.690840	-7.139433	108.634849
0.691445	-7.037374	107.079136
0.692051	-6.934707	105.279411
0.692656	-6.822928	103.220220
0.693262	-6.633997	100.980189
0.693867	-6.485768	98.630081
0.694473	-6.338754	95.817706
0.695078	-6.113981	93.002349
0.695684	-5.940844	90.148763
0.696289	-5.712426	86.788445
0.696895	-5.479755	83.376885
0.697500	-5.227645	79.888325
0.698105	-5.056939	76.166056
0.698711	-4.680899	72.232310
0.699316	-4.455518	68.174118
0.699922	-4.155415	63.992293
0.700527	-3.882650	59.673550
0.701133	-3.557032	55.228463
0.701738	-3.295202	50.669774
0.702344	-2.911264	46.062013
0.702949	-2.631816	41.119141
0.703555	-2.377883	36.366598
0.704160	-1.972684	31.518349
0.704766	-1.639776	26.306251
0.705371	-1.287429	21.349009
0.705977	-0.937511	16.309888
0.706582	-0.603996	11.106466
0.707187	-0.256509	5.944254
0.707793	0.143831	0.782043
0.708398	0.515618	-4.387760
0.709004	0.778663	-9.569493
0.709609	1.172320	-14.765324
0.710215	1.519808	-19.836437
0.710820	1.871548	-24.975332
0.711426	2.227540	-30.136459
0.712031	2.522783	-34.886833
0.712637	2.845971	-39.829975
0.713242	3.218973	-44.778541
0.713848	3.536086	-49.422091
0.714453	3.803991	-54.090856
0.715059	4.175778	-58.619720
0.715664	4.458264	-63.028477
0.716270	4.727384	-67.306280
0.716875	5.020805	-71.393754
0.717480	5.271700	-75.431883
0.718086	5.508016	-79.300288
0.718691	5.731574	-82.920072
0.719297	5.986115	-86.490782
0.719902	6.222431	-89.891498
0.720508	6.413792	-92.806629
0.721113	6.589358	-95.895280
0.721719	6.769784	-98.688134
0.722324	6.930770	-101.143980
0.722930	7.163441	-103.421426
0.723535	7.267930	-105.536740
0.724141	7.387000	-107.454404
0.724746	7.490274	-109.073831
0.725352	7.606913	-110.550918
0.725957	7.745422	-111.735732
0.726562	7.743599	-112.737537
0.727168	7.786732	-113.465778
0.727773	7.814676	-114.078790
0.728379	7.840799	-114.227638
0.728984	7.871781	-114.141691
0.729590	7.766077	-114.111054
0.730195	7.799489	-113.557960
0.730801	7.738132	-112.797998
0.731406	7.725982	-111.876175
0.732012	7.654905	-110.726606
0.732617	7.527939	-109.312963
0.733223	7.456254	-107.674828
0.733828	7.324428	-105.808678
0.734434	7.152506	-103.753283
0.735039	7.015820	-101.390161
0.735645	6.817776	-98.913167
0.736250	6.658005	-96.332875
0.736855	6.480616	-93.215214
0.737461	6.229721	-90.215221
0.738066	6.133736	-87.061229
0.738672	5.861578	-83.380984
0.739277	5.604000	-79.703722
0.739883	5.367684	-75.962474
0.740488	5.178146	-71.952813
0.741094	4.905380	-67.789966
0.741699	4.576118	-63.507825
0.742305	4.259613	-59.114252
0.742910	4.034232	-54.573729
0.743516	3.743241	-49.884087
0.744121	3.352622	-45.253822
0.744727	3.164906	-40.433770
0.745332	2.810736	-35.256375
0.745938	2.471753	-30.508984
0.746543	2.151603	-25.406149
0.747148	1.739114	-20.129523
0.747754	1.515555	-15.051360
0.748359	1.185685	-9.857427
0.748965	0.858245	-4.694944
0.749570	0.440896	0.514172
0.750176	0.142008	5.761245
0.750781	-0.184217	10.959787
0.751387	-0.542639	16.142604
0.751992	-0.899847	21.244897
0.752598	-1.176257	26.209459
0.753203	-1.557157	31.351336
0.753809	-1.896747	36.288243
0.754414	-2.179232	40.972734
0.755020	-2.411903	46.003721
0.755625	-2.810420	50.714239
0.756230	-3.066176	55.312782
0.756836	-3.407588	59.694969
0.757441	-3.762366	64.078781
0.758047	-3.990176	68.291244
0.758652	-4.241680	72.386038
0.759258	-4.521735	76.251461
0.759863	-4.761088	80.020363
0.760469	-5.018666	83.592971
0.761074	-5.201522	86.874121
0.761680	-5.461531	90.310896
0.762285	-5.595180	93.281607
0.762891	-5.795046	96.007494
0.763496	-6.018604	98.847523
0.764102	-6.142533	101.234233
0.764707	-6.290154	103.468299
0.765312	-6.469366	105.518814
0.765918	-6.608482	107.294138
0.766523	-6.683204	108.860966
0.767129	-6.768861	110.226079
0.767734	-6.932277	111.313559
0.768340	-6.997887	112.212879
0.768945	-7.008822	112.812878
0.769551	-7.031299	113.159917
0.770156	-7.123638	113.528105
0.770762	-7.104198	113.260776
0.771367	-7.107236	112.964708
0.771973	-7.065926	112.654541
0.772578	-7.104198	111.841981
0.773184	-7.104198	110.802489
0.773789	-6.949895	109.634756
0.774395	-6.915267	108.196440
0.775000	-6.789516	106.516281
0.775605	-6.693531	104.624103
0.776211	-6.556845	102.549458
0.776816	-6.406186	100.225921
0.777422	-6.295014	97.599537
0.778027	-6.054446	94.955801
0.778633	-5.983369	92.089744
0.779238	-5.755558	88.782295
0.779844	-5.527748	85.660296
0.780449	-5.343676	82.295098
0.781055	-5.089743	78.606720
0.781660	-4.820623	74.794708
0.782266	-4.601924	70.793994
0.782871	-4.336449	66.693507
0.783477	-4.099526	62.422753
0.784082	-3.789703	58.071746
0.784687	-3.527872	53.610120
0.785293	-3.270902	48.941084
0.785898	-2.905189	44.128623
0.786504	-2.667659	39.466908
0.787109	-2.373023	34.505599
0.787715	-1.997591	29.409271
0.788320	-1.636131	24.522793
0.788926	-1.362151	19.507260
0.789531	-1.036533	14.322545
0.790137	-0.698766	9.137830
0.790742	-0.326371	3.997580
0.791348	-0.045708	-1.220483
0.791953	0.270190	-6.367783
0.792559	0.697866	-11.510745
0.793164	1.026522	-16.652893
0.793770	1.362467	-21.858755
0.794375	1.763414	-26.975689
0.794980	2.007627	-31.832072
0.795586	2.337497	-36.905897
0.796191	2.725079	-41.830875
0.796797	3.015462	-46.445415
0.797402	3.396969	-51.177080
0.798008	3.639967	-55.850183
0.798613	4.009932	-60.286323
0.799219	4.274800	-64.665256
0.799824	4.522658	-68.905915
0.800430	4.802106	-72.984713
0.801035	5.130761	-76.919543
0.801641	5.371329	-80.651302
0.802246	5.612505	-84.396345
0.802852	5.845176	-87.804652
0.803457	6.015275	-90.964609
0.804063	6.255843	-94.172283
0.804668	6.485476	-97.008517
0.805273	6.677445	-99.478462
0.805879	6.817776	-102.031913
0.806484	7.005492	-104.285229
0.807090	7.125169	-106.322459
0.807695	7.299520	-108.057114
0.808301	7.444104	-109.647260
0.808906	7.606913	-110.990411
0.809512	7.647008	-112.110155
0.810117	7.700467	-113.011915
0.810723	7.749067	-113.768624
0.811328	7.825611	-114.013992
0.811934	7.829864	-114.175853
0.812539	7.833509	-114.349644
0.813145	7.859631	-113.797634
0.813750	7.789769	-113.169168
0.814355	7.789769	-112.437945
0.814961	7.713832	-111.446171
0.815566	7.680420	-110.188695
0.816172	7.619063	-108.666602
0.816777	7.497564	-106.969634
0.817383	7.352980	-104.999371
0.817988	7.251528	-102.873755
0.818594	7.086289	-100.538288
0.819199	6.893106	-98.039333
0.819805	6.685950	-95.110645
0.820410	6.455709	-92.224796
0.821016	6.319022	-89.128824
0.821621	6.100932	-85.599325
0.822227	5.942375	-81.990115
0.822832	5.701807	-78.251036
0.823438	5.466706	-74.412726
0.824043	5.210951	-70.313865
0.824648	4.938793	-66.127702
0.825254	4.625325	-61.862099
0.825859	4.348307	-57.342182
0.826465	4.042737	-52.769666
0.827070	3.745671	-48.203657
0.827676	3.401829	-43.455995
0.828281	3.077426	-38.387051
0.828887	2.694704	-33.700934
0.829492	2.499698	-28.626024
0.830098	2.112724	-23.299240
0.830703	1.806546	-18.269337
0.831309	1.429899	-13.183583
0.831914	1.064186	-7.931087
0.832520	0.745251	-2.767249
0.833125	0.377109	2.417195
0.833730	0.029621	7.671589
0.834336	-0.358568	12.855490
0.834941	-0.666568	17.962935
0.835547	-1.001906	22.965996
0.836152	-1.329954	28.135257
0.836758	-1.692021	33.150248
0.837363	-2.018853	37.878118
0.837969	-2.347509	42.966583
0.838574	-2.629386	47.794498
0.839180	-2.968976	52.351831
0.839785	-3.239312	56.886932
0.840391	-3.588014	61.323614
0.840996	-3.858350	65.636663
0.841602	-4.156023	69.754232
0.842207	-4.372899	73.769586
0.842812	-4.685151	77.628231
0.843418	-4.908102	81.323117
0.844023	-5.159605	84.714885
0.844629	-5.405641	88.253874
0.845234	-5.640742	91.320835
0.845840	-5.814485	94.187434
0.846445	-5.994912	97.238941
0.847051	-6.209358	99.696143
0.847656	-6.332072	102.021036
0.848262	-6.534975	104.212265
0.848867	-6.667409	106.142401
0.849473	-6.736664	107.833947
0.850078	-6.851480	109.314558
0.850684	-6.962044	110.623005
0.851289	-7.023401	111.642976
0.851895	-7.110273	112.445233
0.852500	-7.119386	112.983958
0.853105	-7.156443	113.487165
0.853711	-7.193500	113.337504
0.854316	-7.130928	113.252642
0.854922	-7.118778	113.123587
0.855527	-7.117563	112.329192
0.856133	-7.116956	111.519343
0.856738	-7.016112	110.519707
0.857344	-6.975409	109.176555
0.857949	-6.917090	107.596170
0.858555	-6.762178	105.866667
0.859160	-6.609697	103.919450
0.859766	-6.558060	101.708972
0.860371	-6.339362	99.209746
0.860977	-6.257957	96.698590
0.861582	-6.063559	93.964570
0.862187	-5.880702	90.741712
0.862793	-5.641349	87.763680
0.863398	-5.460923	84.478193
0.864004	-5.196055	80.859494
0.864609	-4.904457	77.240523
0.865215	-4.722208	73.337685
0.865820	-4.448228	69.294676
0.866426	-4.211305	65.151892
0.867031	-3.906342	60.862973
0.867637	-3.636007	56.468315
0.868242	-3.263004	51.947313
0.868848	-3.043091	47.203989
0.869453	-2.716258	42.567488
0.870059	-2.455643	37.668810
0.870664	-2.111193	32.559196
0.871270	-1.816557	27.875248
0.871875	-1.523745	22.719273
0.872480	-1.155602	17.562484
0.873086	-0.834237	12.486761
0.873691	-0.517732	7.298793
0.874297	-0.175105	2.119229
0.874902	0.184533	-3.084464
0.875508	0.513188	-8.211159
0.876113	0.814506	-13.399127
0.876719	1.133441	-18.607972
0.877324	1.460273	-23.763134
0.877930	1.796826	-28.720647
0.878535	2.084779	-33.877978
0.879141	2.429836	-38.795093
0.879746	2.689844	-43.383605
0.880352	3.067706	-48.273879
0.880957	3.365379	-53.011509
0.881563	3.616275	-57.505670
0.882168	3.980772	-61.953197
0.882773	4.211013	-66.280616
0.883379	4.492283	-70.444276
0.883984	4.794209	-74.426011
0.884590	5.073657	-78.300110
0.885195	5.299037	-82.108867
0.885801	5.534746	-85.623997
0.886406	5.750407	-88.954220
0.887012	5.949665	-92.308844
0.887617	6.191448	-95.168937
0.888223	6.322060	-97.849817
0.888828	6.568703	-100.587633
0.889434	6.683520	-102.961328
0.890039	6.849974	-105.098603
0.890645	6.975118	-107.016267
0.891250	7.121524	-108.778577
0.891855	7.266108	-110.215266
0.892461	7.311670	-111.539709
0.893066	7.411299	-112.548563
0.893672	7.518219	-113.400708
0.894277	7.601445	-113.873549
0.894883	7.552238	-114.232518
0.895488	7.657335	-114.435862
0.896094	7.650653	-114.006400
0.896699	7.578968	-113.626012
0.897305	7.654298	-113.050415
0.897910	7.597801	-112.143775
0.898516	7.511536	-111.047076
0.899121	7.479339	-109.706636
0.899727	7.422842	-108.132758
0.900332	7.357232	-106.264981
0.900937	7.179236	-104.265979
0.901543	7.074747	-102.023508
0.902148	6.997595	-99.574169
0.902754	6.861516	-96.831473
0.903359	6.622770	-94.038348
0.903965	6.509776	-91.099358
0.904570	6.329350	-87.609714
0.905176	6.080277	-84.242347
0.905781	5.873121	-80.668383
0.906387	5.659890	-76.878875
0.906992	5.408994	-72.909882
0.907598	5.170248	-68.833796
0.908203	4.873183	-64.590154
0.908809	4.594343	-60.219626
0.909414	4.354989	-55.679375
0.910020	4.042737	-51.103606
0.910625	3.765111	-46.351877
0.911230	3.483233	-41.485462
0.911836	3.182523	-36.770877
0.912441	2.807091	-31.681598
0.913047	2.499091	-26.431542
0.913652	2.200810	-21.465354
0.914258	1.869725	-16.371737
0.914863	1.553828	-11.119241
0.915469	1.175358	-5.928561
0.916074	0.841235	-0.792106
0.916680	0.491925	4.444664
0.917285	0.166915	9.680351
0.917891	-0.072438	14.843647
0.918496	-0.523807	19.865687
0.919102	-0.850640	25.023560
0.919707	-1.229717	30.090065
0.920312	-1.589962	34.845861
0.920918	-1.921047	39.920770
0.921523	-2.162222	44.871233
0.922129	-2.538262	49.451883
0.922734	-2.851730	54.061814
0.923340	-3.129355	58.568175
0.923945	-3.483525	62.971238
0.924551	-3.815218	67.148454
0.925156	-4.071581	71.293135
0.925762	-4.364394	75.224712
0.926367	-4.680899	78.949150
0.926973	-4.906280	82.594691
0.927578	-5.196662	86.077286
0.928184	-5.486438	89.406966
0.928789	-5.649854	92.276549
0.929395	-5.934162	95.409935
0.930000	-6.144355	98.137990
0.930605	-6.315669	100.563471
0.931211	-6.534975	102.852304
0.931816	-6.711756	104.865133
0.932422	-6.835685	106.763818
0.933027	-6.925595	108.348270
0.933633	-7.053169	109.770860
0.934238	-7.205650	110.962182
0.934844	-7.305887	111.861231
0.935449	-7.361169	112.533891
0.936055	-7.380001	113.165611
0.936660	-7.429816	113.289515
0.937266	-7.401871	113.199773
0.937871	-7.478416	113.175914
0.938477	-7.489958	112.673249
0.939082	-7.394581	111.943382
0.939688	-7.397619	111.020202
0.940293	-7.403086	109.893951
0.940898	-7.270652	108.475156
0.941504	-7.175275	106.886637
0.942109	-7.044056	105.102367
0.942715	-6.959007	103.039651
0.943320	-6.821713	100.786064
0.943926	-6.653437	98.233697
0.944531	-6.562312	95.707630
0.945137	-6.380671	92.685947
0.945742	-6.122486	89.669686
0.946348	-5.940237	86.624686
0.946953	-5.713034	83.119859
0.947559	-5.440268	79.480825
0.948164	-5.182690	75.765877
0.948770	-4.955487	71.793088
0.949375	-4.618934	67.708055
0.949980	-4.390516	63.517283
0.950586	-4.088591	59.157600
0.951191	-3.766618	54.753181
0.951797	-3.524227	50.073843
0.952402	-3.111738	45.449813
0.953008	-2.814673	40.765323
0.953613	-2.505457	35.716984
0.954219	-2.125165	30.893136
0.954824	-1.845110	26.045971
0.955430	-1.515847	20.854749
0.956035	-1.091815	15.745407
0.956641	-0.738253	10.632540
0.957246	-0.429645	5.442945
0.957852	-0.060895	0.240607
0.958457	0.266545	-4.944650
0.959063	0.604312	-10.055077
0.959668	1.018017	-15.259041
0.960273	1.317512	-20.442943
0.960879	1.702057	-25.474472
0.961484	1.993654	-30.552635
0.962090	2.435304	-35.642457
0.962695	2.692882	-40.254014
0.963301	2.983872	-45.131274
0.963906	3.373277	-49.926383
0.964512	3.684314	-54.527638
0.965117	3.975912	-59.019087
0.965723	4.282698	-63.396935
0.966328	4.587053	-67.663351
0.966934	4.902343	-71.780649
0.967539	5.145949	-75.751810
0.968145	5.395022	-79.584156
0.968750	5.673862	-83.317812
0.969355	5.896813	-86.688161
0.969961	6.101539	-90.132256
0.970566	6.312948	-93.267541
0.971172	6.540758	-95.965772
0.971777	6.712680	-98.796855
0.972383	6.936845	-101.347052
0.972988	7.035260	-103.584643
0.973594	7.179844	-105.673387
0.974199	7.303773	-107.576953
0.974805	7.397934	-109.204784
0.975410	7.523686	-110.644456
0.976016	7.580183	-111.797277
0.976621	7.684672	-112.818604
0.977227	7.735095	-113.534915
0.977832	7.761217	-113.903915
0.978437	7.806779	-114.322803
0.979043	7.829864	-114.203237
0.979648	7.778834	-113.768624
0.980254	7.771544	-113.449239
0.980859	7.703505	-112.695784
0.981465	7.642148	-111.742239
0.982070	7.603875	-110.567456
0.982676	7.556491	-109.140528
0.983281	7.410692	-107.476908
0.983887	7.279473	-105.610486
0.984492	7.142786	-103.469958
0.985098	7.009137	-101.204170
0.985703	6.846936	-98.643127
0.986309	6.690202	-95.839971
0.986914	6.518281	-93.111373
0.987520	6.309910	-89.772745
0.988125	6.052332	-86.443065
0.988730	5.881626	-83.049941
0.989336	5.646525	-79.340686
0.989941	5.453341	-75.443541
0.990547	5.130761	-71.451503
0.991152	4.850098	-67.362403
0.991758	4.590698	-62.984826
0.992363	4.254753	-58.619720
0.992969	4.025727	-54.069979
0.993574	3.701324	-49.441341
0.994180	3.400614	-44.628067
0.994785	3.041584	-39.889352
0.995391	2.743911	-35.040018
0.995996	2.412826	-29.745226
0.996602	2.079919	-24.811031
0.997207	1.782853	-19.693826
0.997812	1.485788	-14.520227
0.998418	1.076336	-9.401124
0.999023	0.781701	-4.213698
0.999629	0.409306	0.970203
1.000234	0.087333	6.251981
1.000840	-0.257116	11.441576
1.001445	-0.538387	16.573150
1.002051	-0.913819	21.652669
1.002656	-1.258877	26.785599
1.003262	-1.570522	31.624359
1.003867	-1.894924	36.658057
1.004473	-2.230262	41.758995
1.005078	-2.534617	46.369197
1.005684	-2.894254	51.026032
1.006289	-3.190712	55.706184
1.006895	-3.434925	60.156151
1.007500	-3.757506	64.446969
1.008105	-4.034524	68.676512
1.008711	-4.369254	72.722232
1.009316	-4.684544	76.584402
1.009922	-4.851605	80.315618
1.010527	-5.067266	83.944620
1.011133	-5.364939	87.338015
1.011738	-5.526533	90.391691
1.012344	-5.762848	93.571439
1.012949	-5.959069	96.528866
1.013555	-6.174123	98.940790
1.014160	-6.326604	101.396094
1.014766	-6.585397	103.601692
1.015371	-6.699606	105.635127
1.015977	-6.767646	107.400961
1.016582	-6.918912	108.955589
1.017187	-6.996064	110.313110
1.017793	-7.096908	111.387034
1.018398	-7.159480	112.226436
1.019004	-7.211725	112.921599
1.019609	-7.281587	113.263487
1.020215	-7.303457	113.265385
1.020820	-7.301027	113.417757
1.021426	-7.314999	113.104337
1.022031	-7.322289	112.398057
1.022637	-7.208080	111.679848
1.023242	-7.263362	110.718441
1.023848	-7.123638	109.475335
1.024453	-7.056206	107.992826
1.025059	-6.976624	106.338153
1.025664	-6.786478	104.438925
1.026270	-6.677129	102.285925
1.026875	-6.585397	99.904638
1.027480	-6.409224	97.459094
1.028086	-6.268892	94.619065
1.028691	-6.050194	91.650251
1.029297	-5.867338	88.768468
1.029902	-5.711211	85.363957
1.030508	-5.430548	81.819546
1.031113	-5.186943	78.224976
1.031719	-4.991329	74.414863
1.032324	-4.777491	70.387036
1.032930	-4.459770	66.219852
1.033535	-4.258082	62.009559
1.034141	-3.985316	57.604056
1.034746	-3.659699	53.084952
1.035352	-3.307351	48.479901
1.035957	-3.078326	43.814390
1.036563	-2.778830	38.836814
1.037168	-2.317741	34.055533
1.037773	-2.076566	29.213790
1.038379	-1.743050	23.997625
1.038984	-1.406498	18.958233
1.039590	-1.050506	13.904471
1.040195	-0.704841	8.730330
1.040801	-0.384083	3.519587
1.041406	-0.004398	-1.591653
1.042012	0.272620	-6.813512
1.042617	0.681464	-11.957829
1.043223	1.013764	-17.112720
1.043828	1.341812	-22.216911
1.044434	1.682617	-27.316764
1.045039	2.048329	-32.501208
1.045645	2.339927	-37.259986
1.046250	2.662507	-42.062686
1.046855	3.012424	-46.936692
1.047461	3.373884	-51.611964
1.048066	3.629032	-56.256599
1.048672	3.975305	-60.678369
1.049277	4.246248	-65.065165
1.049883	4.530556	-69.248616
1.050488	4.816079	-73.286474
1.051094	5.105246	-77.235675
1.051699	5.352497	-81.025725
1.052305	5.586990	-84.614601
1.052910	5.826344	-88.036735
1.053516	6.077847	-91.402475
1.054121	6.249768	-94.264737
1.054727	6.489121	-97.066538
1.055332	6.665902	-99.824688
1.055937	6.874273	-102.209229
1.056543	6.987268	-104.426756
1.057148	7.168301	-106.418166
1.057754	7.274613	-108.201352
1.058359	7.339615	-109.772519
1.058965	7.534013	-111.070664
1.059570	7.600838	-112.199626
1.060176	7.693177	-113.090813
1.060781	7.715047	-113.654752
1.061387	7.798274	-114.163924
1.061992	7.852341	-114.288641
1.062598	7.885753	-113.965189
1.063203	7.769114	-113.787603
1.063809	7.835939	-113.185435
1.064414	7.723552	-112.376128
1.065020	7.671915	-111.350193
1.065625	7.661588	-110.017074
1.066230	7.551023	-108.511519
1.066836	7.468404	-106.727248
1.067441	7.346905	-104.798468
1.068047	7.190779	-102.611306
1.068652	7.048625	-100.199653
1.069258	6.874273	-97.538295
1.069863	6.719970	-94.943904
1.070469	6.536506	-91.841697
1.071074	6.305658	-88.491139
1.071680	6.090604	-85.322778
1.072285	5.907748	-81.736342
1.072891	5.631945	-77.913215
1.073496	5.438761	-74.015799
1.074102	5.129546	-70.016170
1.074707	4.842808	-65.767648
1.075312	4.519013	-61.474120
1.075918	4.272978	-56.945797
1.076523	3.961332	-52.432929
1.077129	3.694642	-47.680658
1.077734	3.345332	-42.845152
1.078340	3.082286	-38.207295
1.078945	2.759706	-33.018784
1.079551	2.336889	-27.920558
1.080156	2.044077	-23.037876
1.080762	1.708132	-17.781042
1.081367	1.341204	-12.623169
1.081973	1.004652	-7.464753
1.082578	0.586087	-2.326129
1.083184	0.248927	2.904406
1.083789	-0.061503	8.153377
1.084395	-0.435720	13.269226
1.085000	-0.762553	18.421678
1.085605	-1.173220	23.594463
1.086211	-1.491547	28.593457
1.086816	-1.790435	33.455534
1.087422	-2.198672	38.564876
1.088027	-2.483588	43.419633
1.088633	-2.771540	48.019261
1.089238	-3.105663	52.765838
1.089844	-3.428243	57.277351
1.090449	-3.741711	61.666857
1.091055	-3.975597	65.991836
1.091660	-4.324299	70.147091
1.092266	-4.583700	74.109306
1.092871	-4.877120	77.898813
1.093477	-5.076986	81.560079
1.094082	-5.330919	85.164138
1.094688	-5.534430	88.442305
1.095293	-5.739763	91.484323
1.095898	-5.952387	94.662174
1.096504	-6.222722	97.346849
1.097109	-6.390391	99.843906
1.097715	-6.537405	102.212450
1.098320	-6.675914	104.360028
1.098926	-6.765216	106.321343
1.099531	-6.921950	107.952428
1.100137	-7.080506	109.437377
1.100742	-7.160695	110.675874
1.101348	-7.155836	111.676866
1.101953	-7.249997	112.413240
1.102559	-7.317429	113.124400
1.103164	-7.326542	113.242882
1.103770	-7.320467	113.329099
1.104375	-7.355702	113.407725
1.104980	-7.337477	112.891233
1.105586	-7.240885	112.180073
1.106191	-7.232380	111.384594
1.106797	-7.120601	110.353507
1.107402	-7.019149	108.997342
1.108008	-7.006999	107.410992
1.108613	-6.859378	105.684200
1.109219	-6.756711	103.716920
1.109824	-6.575070	101.511864
1.110430	-6.486983	99.052765
1.111035	-6.318099	96.532662
1.111641	-6.155898	93.521824
1.112246	-5.946312	90.607777
1.112852	-5.759203	87.630287
1.113457	-5.516813	84.102957
1.114062	-5.273207	80.588911
1.114668	-5.070911	76.902702
1.115273	-4.756836	73.048124
1.115879	-4.530847	68.970682
1.116484	-4.245325	64.788314
1.117090	-3.987139	60.468216
1.117695	-3.735028	56.080607
1.118301	-3.339549	51.504296
1.118906	-3.095943	46.823330
1.119512	-2.807383	42.143992
1.120117	-2.439240	37.095652
1.120723	-2.173157	32.303526
1.121328	-1.871232	27.385869
1.121934	-1.494585	22.177837
1.122539	-1.189015	17.108350
1.123145	-0.831807	12.029645
1.123750	-0.563902	6.801008
1.124355	-0.145337	1.646388
1.124961	0.132288	-3.512299
1.125566	0.575152	-8.686982
1.126172	0.857030	-13.842145
1.126777	1.183255	-19.042856
1.127383	1.547145	-24.047002
1.127988	1.873978	-29.160682
1.128594	2.200203	-34.290359
1.129199	2.503951	-38.946652
1.129805	2.846578	-43.791105
1.130410	3.081679	-48.700629
1.131016	3.486878	-53.303510
1.131621	3.786981	-57.806618
1.132227	4.022689	-62.286138
1.132832	4.347700	-66.566381
1.133438	4.624110	-70.754171
1.134043	4.927250	-74.732924
1.134648	5.150201	-78.675075
1.135254	5.435724	-82.399513
1.135859	5.608860	-85.844150
1.136465	5.865831	-89.319154
1.137070	6.173224	-92.494565
1.137676	6.295330	-95.257866
1.138281	6.472719	-98.215293
1.138887	6.648893	-100.796127
1.139492	6.781327	-103.063000
1.140098	6.927125	-105.230369
1.140703	7.107552	-107.132037
1.141309	7.216901	-108.858016
1.141914	7.348727	-110.339712
1.142520	7.456862	-111.547301
1.143125	7.533406	-112.556426
1.143730	7.636073	-113.347839
1.144336	7.648830	-113.840201
1.144941	7.718692	-114.318465
1.145547	7.648223	-114.236585
1.146152	7.667663	-113.957869
1.146758	7.669485	-113.697589
1.147363	7.650045	-113.021405
1.147969	7.625745	-112.050508
1.148574	7.550416	-110.913411
1.149180	7.446534	-109.565109
1.149785	7.354195	-107.984182
1.150391	7.278865	-106.144059
1.150996	7.115449	-104.082699
1.151602	7.043765	-101.809591
1.152207	6.877918	-99.345882
1.152813	6.704175	-96.600475
1.153418	6.537113	-93.884349
1.154023	6.343322	-90.675590
1.154629	6.165934	-87.280568
1.155234	5.885878	-84.048221
1.155840	5.751622	-80.344660
1.156445	5.403527	-76.520719
1.157051	5.167211	-72.626015
1.157656	4.963700	-68.458831
1.158262	4.703692	-64.213291
1.158867	4.462516	-59.798841
1.159473	4.183068	-55.250184
1.160078	3.884788	-50.682278
1.160684	3.541553	-45.925127
1.161289	3.207430	-41.178278
1.161895	2.914010	-36.380187
1.162500	2.532503	-31.171342
1.163105	2.224503	-26.095348
1.163711	1.896455	-21.178775
1.164316	1.595745	-15.933328
1.164922	1.265267	-10.780606
1.165527	0.926892	-5.559832
1.166133	0.563002	-0.376201
1.166738	0.222805	4.886869
1.167344	-0.102813	10.048538
1.167949	-0.472170	15.186890
1.168555	-0.803862	20.302469
1.169160	-1.161677	25.439737
1.169766	-1.504305	30.404841
1.170371	-1.837820	35.275864
1.170977	-2.137923	40.438618
1.171582	-2.506672	45.106841
1.172187	-2.831682	49.739275
1.172793	-3.157908	54.470669
1.173398	-3.428243	58.940700
1.174004	-3.786665	63.298485
1.174609	-4.008401	67.516641
1.175215	-4.310327	71.619026
1.175820	-4.571550	75.582325
1.176426	-4.790248	79.339298
1.177031	-5.137735	82.936308
1.177637	-5.299937	86.467163
1.178242	-5.554477	89.553916
1.178848	-5.754343	92.730140
1.179453	-5.902572	95.819333
1.180059	-6.161365	98.265419
1.180664	-6.338147	100.779828
1.181270	-6.591472	103.046158
1.181875	-6.759141	105.110501
1.182480	-6.782226	106.946285
1.183086	-6.945035	108.572219
1.183691	-7.053169	109.959834
1.184297	-7.181958	111.109674
1.184902	-7.280372	111.988388
1.185508	-7.308317	112.671893
1.186113	-7.377571	113.183234
1.186719	-7.359954	113.209533
1.187324	-7.364206	113.435109
1.187930	-7.443788	113.154495
1.188535	-7.381824	112.522775
1.189141	-7.350842	111.911118
1.189746	-7.367851	110.987668
1.190352	-7.223875	109.878497
1.190957	-7.116348	108.444790
1.191563	-7.054991	106.792286
1.192168	-6.986952	104.928034
1.192773	-6.875780	102.866403
1.193379	-6.632174	100.621491
1.193984	-6.566565	98.198451
1.194590	-6.385531	95.385263
1.195195	-6.166833	92.443019
1.195801	-6.008276	89.598651
1.196406	-5.826635	86.205528
1.197012	-5.538682	82.740556
1.197617	-5.374659	79.251454
1.198223	-5.091566	75.458150
1.198828	-4.809688	71.501901
1.199434	-4.560615	67.408733
1.200039	-4.285419	63.176479
1.200645	-4.016299	58.866141
1.201250	-3.646334	54.405057
1.201855	-3.363241	49.798109
1.202461	-3.083793	45.164048
1.203066	-2.781260	40.251000
1.203672	-2.455035	35.321142
1.204277	-2.077781	30.605202
1.204883	-1.824455	25.476338
1.205488	-1.419255	20.398447
1.206094	-1.112470	15.320284
1.206699	-0.736430	10.158343
1.207305	-0.398663	5.026769
1.207910	-0.099168	-0.192379
1.208516	0.324257	-5.357030
1.209121	0.607350	-10.576449
1.209727	0.951192	-15.729443
1.210332	1.302325	-20.863728
1.210937	1.621260	-25.945958
1.211543	1.974215	-31.136367
1.212148	2.310767	-35.912226
1.212754	2.658255	-40.751528
1.213359	3.005134	-45.703347
1.213965	3.347762	-50.331443
1.214570	3.612630	-54.963064
1.215176	3.848946	-59.520396
1.215781	4.197041	-63.870319
1.216387	4.510508	-68.098235
1.216992	4.809396	-72.204959
1.217598	5.073657	-76.142772
1.218203	5.312402	-79.994638
1.218809	5.512268	-83.626623
1.219414	5.737649	-87.108946
1.220020	6.009807	-90.525116
1.220625	6.215141	-93.439976
1.221230	6.337855	-96.344262
1.221836	6.582068	-99.220351
1.222441	6.767354	-101.605434
1.223047	6.902826	-103.839501
1.223652	7.035867	-105.927973
1.224258	7.210826	-107.759148
1.224863	7.339007	-109.370441
1.225469	7.419804	-110.769173
1.226074	7.475086	-111.924164
1.226680	7.551631	-112.874455
1.227285	7.628783	-113.480147
1.227891	7.633643	-114.031073
1.228496	7.747244	-114.292437
1.229102	7.619063	-114.057101
1.229707	7.701075	-113.915302
1.230312	7.677990	-113.461711
1.230918	7.616025	-112.576760
1.231523	7.563173	-111.663071
1.232129	7.555276	-110.422947
1.232734	7.429524	-108.953723
1.233340	7.289193	-107.252145
1.233945	7.255173	-105.362136
1.234551	7.160404	-103.211847
1.235156	6.952033	-100.918405
1.235762	6.789224	-98.310729
1.236367	6.614265	-95.716880
1.236973	6.463606	-92.762707
1.237578	6.243086	-89.396967
1.238184	6.056584	-86.207186
1.238789	5.803259	-82.742214
1.239395	5.647740	-78.971143
