LabVIEW Measurement	
Writer_Version	2
Reader_Version	2
Separator	Tab
Decimal_Separator	.
Multi_Headings	No
X_Columns	One
Time_Pref	Absolute
Operator	AlunosGDS-JT
Date	2019/10/09
Time	15:11:28.9575998562499047959
***End_of_Header***	
	
Channels	2		
Samples	2048	2048	
Date	2019/10/09	2019/10/09	
Time	15:12:47.0927365749999042364	15:12:47.0927365749999042364	
Y_Unit_Label	g	Newtons	
X_Dimension	Time	Time	
X0	0.0000000000000000E+0	0.0000000000000000E+0	
Delta_X	0.000605	0.000605	
***End_of_Header***			
X_Value	Acceleration (Trigger)	Force (Trigger)	Comment
0.000000	0.029621	1.669976
0.000605	0.018686	2.926367
0.001211	-0.031736	4.202550
0.001816	-0.034166	5.509371
0.002422	0.046631	6.779047
0.003027	0.002892	7.982027
0.003633	0.015042	9.376962
0.004238	0.015649	10.623864
0.004844	0.146261	11.795393
0.005449	-0.014118	13.208223
0.006055	-0.000753	14.466512
0.006660	0.010182	15.676541
0.007266	-0.022016	16.953267
0.007871	-0.054820	18.221859
0.008477	0.004107	19.523799
0.009082	0.058174	20.797271
0.009687	0.055744	22.052306
0.010293	-0.026268	23.309782
0.010898	0.013827	24.531469
0.011504	0.075184	25.712217
0.012109	0.024761	27.163547
0.012715	-0.048138	28.218492
0.013320	0.028406	29.412254
0.013926	0.059996	30.919706
0.014531	-0.028698	32.046771
0.015137	0.059996	33.224265
0.015742	-0.008043	34.412604
0.016348	0.053314	35.671164
0.016953	0.028406	36.837271
0.017559	0.056351	38.070345
0.018164	0.077614	39.277121
0.018770	0.132288	40.499079
0.019375	0.105558	41.579781
0.019980	0.112241	42.811500
0.020586	0.107381	44.115609
0.021191	0.163878	45.049905
0.021797	0.127428	46.352658
0.022402	0.180888	47.653243
0.023008	0.200935	48.720660
0.023613	0.155980	49.882700
0.024219	0.162663	51.060736
0.024824	0.207010	52.210304
0.025430	0.174813	53.263623
0.026035	0.169345	54.409666
0.026641	0.191823	55.493894
0.027246	0.248320	56.664338
0.027852	0.234347	57.627102
0.028457	0.230702	58.802698
0.029062	0.103128	59.858186
0.029668	0.157195	60.732020
0.030273	0.263507	62.094963
0.030879	0.179673	63.135268
0.031484	0.278087	64.140869
0.032090	0.269582	65.169244
0.032695	0.239815	66.205211
0.033301	0.255610	67.216506
0.033906	0.312107	68.280128
0.034512	0.238600	69.252109
0.035117	0.258647	70.286992
0.035723	0.239815	71.254906
0.036328	0.296919	72.124674
0.036934	0.227665	73.238182
0.037539	0.290237	74.072433
0.038145	0.473093	75.034925
0.038750	0.281732	76.134606
0.039355	0.251357	77.013863
0.039961	0.245282	77.890951
0.040566	0.234955	78.801929
0.041172	0.270797	79.741105
0.041777	0.268367	80.604365
0.042383	0.207010	81.472235
0.042988	0.273227	82.350679
0.043594	0.247712	83.161341
0.044199	0.256217	83.943264
0.044805	0.210655	84.833366
0.045410	0.212478	85.771999
0.046016	0.214300	86.330516
0.046621	0.239207	87.258846
0.047227	0.268975	88.246553
0.047832	0.216123	88.841129
0.048438	0.242245	89.629831
0.049043	0.235562	90.438324
0.049648	0.253787	91.135656
0.050254	0.157195	91.813197
0.050859	0.185140	92.527881
0.051465	0.135933	93.271033
0.052070	0.227665	93.927697
0.052676	0.149906	94.530678
0.053281	0.124391	95.289556
0.053887	0.142616	95.920734
0.054492	0.120138	96.388152
0.055098	0.091586	97.244364
0.055703	0.104343	97.913770
0.056309	0.084904	98.402066
0.056914	0.052099	98.999082
0.057520	0.093408	99.610197
0.058125	0.059996	100.150006
0.058730	0.103736	100.697948
0.059336	0.039949	101.237757
0.059941	0.000462	101.749912
0.060547	0.081259	102.263422
0.061152	0.036911	102.695865
0.061758	0.044201	103.331923
0.062363	0.097053	103.703364
0.062969	0.052099	104.085921
0.063574	-0.020801	104.787862
0.064180	0.022939	105.123243
0.064785	-0.025661	105.511494
0.065391	0.023546	105.944209
0.065996	-0.022016	106.342219
0.066602	-0.051783	106.660520
0.067207	-0.105850	107.057988
0.067812	-0.083373	107.395809
0.068418	-0.080943	107.784331
0.069023	-0.052998	108.053829
0.069629	-0.045708	108.385414
0.070234	-0.056643	108.776918
0.070840	-0.096738	108.759566
0.071445	-0.123467	109.180080
0.072051	-0.097953	109.558299
0.072656	-0.112533	109.699555
0.073262	-0.105850	109.913472
0.073867	-0.107673	110.204931
0.074473	-0.108280	110.357574
0.075078	-0.145945	110.511573
0.075684	-0.131972	110.717899
0.076289	-0.150197	110.860510
0.076895	-0.127720	110.999868
0.077500	-0.124075	111.051924
0.078105	-0.117393	111.274517
0.078711	-0.106458	111.350161
0.079316	-0.234639	111.204296
0.079922	-0.172067	111.557571
0.080527	-0.164170	111.661412
0.081133	-0.186039	111.555131
0.081738	-0.172067	111.584955
0.082344	-0.160525	111.676053
0.082949	-0.062110	111.665208
0.083555	-0.126505	111.604476
0.084160	-0.073653	111.641891
0.084766	-0.112533	111.589564
0.085371	-0.068185	111.536152
0.085977	-0.133187	111.376460
0.086582	-0.108280	111.469456
0.087188	-0.116785	111.183419
0.087793	0.025369	110.994717
0.088398	-0.032951	111.115096
0.089004	-0.110103	110.866746
0.089609	-0.033558	110.631410
0.090215	-0.046316	110.547903
0.090820	-0.031128	110.336155
0.091426	-0.057858	110.149622
0.092031	-0.034166	109.870634
0.092637	0.002892	109.696301
0.093242	-0.015941	109.435479
0.093848	-0.043278	109.128838
0.094453	0.074576	108.830872
0.095059	0.036304	108.686362
0.095664	0.143831	108.281031
0.096270	0.059996	107.906337
0.096875	0.103736	107.823644
0.097480	0.138971	107.380626
0.098086	0.080651	106.951978
0.098691	0.150513	106.657808
0.099297	0.113456	106.255731
0.099902	0.169953	105.835488
0.100508	0.224627	105.433952
0.101113	0.215515	105.051124
0.101719	0.219768	104.596719
0.102324	0.225235	104.108966
0.102930	0.271405	103.678692
0.103535	0.253180	103.224829
0.104141	0.255610	102.491980
0.104746	0.369211	102.220855
0.105352	0.234955	101.766721
0.105957	0.279302	101.052850
0.106563	0.270797	100.540696
0.107168	0.364959	100.032066
0.107773	0.323042	99.464061
0.108379	0.289629	98.842101
0.108984	0.268367	98.231257
0.109590	0.350379	97.602790
0.110195	0.318182	96.979204
0.110801	0.266545	96.312238
0.111406	0.363136	95.792221
0.112012	0.292059	94.989963
0.112617	0.326687	94.224036
0.113223	0.295097	93.819247
0.113828	0.308462	93.009669
0.114434	0.304817	92.238591
0.115039	0.333369	91.624223
0.115645	0.295097	90.814645
0.116250	0.256825	90.027842
0.116855	0.304209	89.265710
0.117461	0.295097	88.507104
0.118066	0.227057	87.695357
0.118672	0.293274	86.925363
0.119277	0.247712	86.056680
0.119883	0.289629	85.407879
0.120488	0.227665	84.295726
0.121094	0.418419	83.664819
0.121699	0.298742	82.928987
0.122305	0.168130	81.780504
0.122910	0.208225	80.981228
0.123516	0.163270	80.094922
0.124121	0.151728	79.197771
0.124727	0.172383	78.307669
0.125332	0.133503	77.403198
0.125938	0.100698	76.457786
0.126543	0.136541	75.529998
0.127148	0.111633	74.509756
0.127754	0.112241	73.632669
0.128359	0.099483	72.634388
0.128965	0.011397	71.515728
0.129570	-0.108280	70.708590
0.130176	0.041771	69.752605
0.130781	-0.001361	68.591107
0.131387	-0.003183	67.677960
0.131992	0.027191	66.736344
0.132598	0.023546	65.652117
0.133203	-0.018371	64.606390
0.133809	-0.067578	63.563916
0.134414	-0.011081	62.552079
0.135020	-0.043886	61.451313
0.135625	-0.081550	60.396368
0.136230	-0.040241	59.423844
0.136836	-0.125290	58.194023
0.137441	-0.034773	57.021138
0.138047	0.040556	56.238130
0.138652	-0.116178	54.946764
0.139258	-0.108280	53.757612
0.139863	-0.133187	52.635698
0.140469	-0.025053	51.603527
0.141074	-0.141692	50.466160
0.141680	-0.130757	49.274296
0.142285	-0.121037	48.209590
0.142891	-0.130150	46.977600
0.143496	-0.148375	45.849180
0.144102	-0.119215	44.663552
0.144707	-0.129542	43.575800
0.145313	-0.060288	42.255695
0.145918	-0.073045	41.091757
0.146523	-0.128935	40.138754
0.147129	-0.074260	38.756833
0.147734	-0.101598	37.628683
0.148340	-0.072438	36.434108
0.148945	-0.025661	35.307857
0.149551	0.004107	34.063938
0.150156	-0.017763	32.816765
0.150762	-0.054820	31.643066
0.151367	-0.034773	30.376101
0.151973	-0.026268	29.164175
0.152578	0.013827	27.949808
0.153184	-0.056643	26.724867
0.153789	0.073969	25.300650
0.154395	-0.072438	24.154335
0.155000	-0.032951	22.980366
0.155605	0.152336	21.602782
0.156211	0.109203	20.461619
0.156816	0.066679	19.243456
0.157422	0.095231	17.998723
0.158027	0.159018	16.745043
0.158633	0.194253	15.503835
0.159238	0.208833	14.226838
0.159844	0.194860	12.968007
0.160449	0.225842	11.725443
0.161055	0.210048	10.527073
0.161660	0.278087	9.211847
0.162266	0.247712	7.785190
0.162871	0.126213	6.702319
0.163477	0.285985	5.388449
0.164082	0.377109	4.081086
0.164687	0.332154	2.891663
0.165293	0.355239	1.615751
0.165898	0.378324	0.337399
0.166504	0.360099	-0.986774
0.167109	0.381969	-2.207377
0.167715	0.309677	-3.490609
0.168320	0.408699	-4.768690
0.168926	0.395941	-6.048127
0.169531	0.423886	-7.261680
0.170137	0.454261	-8.662581
0.170742	0.445148	-9.898367
0.171348	0.568470	-10.885260
0.171953	0.417204	-12.429043
0.172559	0.495570	-13.659678
0.173164	0.485851	-14.901157
0.173770	0.562395	-16.123115
0.174375	0.479776	-17.440239
0.174980	0.499215	-18.698799
0.175586	0.497393	-19.929433
0.176191	0.498000	-21.268246
0.176797	0.504683	-22.479631
0.177402	0.543563	-23.702945
0.178008	0.426316	-24.976959
0.178613	0.500430	-26.375419
0.179219	0.340659	-27.523632
0.179824	0.332154	-28.700584
0.180430	0.523515	-30.069220
0.181035	0.450616	-31.266777
0.181641	0.438466	-32.416888
0.182246	0.428746	-33.661892
0.182852	0.488888	-34.872734
0.183457	0.431783	-36.106351
0.184062	0.420849	-37.324785
0.184668	0.392296	-38.532373
0.185273	0.450616	-39.739962
0.185879	0.379539	-40.883294
0.186484	0.388651	-42.118538
0.187090	0.394726	-43.469280
0.187695	0.327902	-44.400593
0.188301	0.398371	-45.650477
0.188906	0.341874	-46.990646
0.189512	0.380146	-47.955849
0.190117	0.363744	-49.098368
0.190723	0.280517	-50.318429
0.191328	0.337622	-51.447391
0.191934	0.251357	-52.542464
0.192539	0.289022	-53.728091
0.193145	0.250750	-54.852445
0.193750	0.260470	-55.976527
0.194355	0.243460	-57.049096
0.194961	0.241030	-58.285966
0.195566	0.247105	-59.335760
0.196172	0.322434	-60.163504
0.196777	0.136541	-61.605344
0.197383	0.134111	-62.651885
0.197988	0.193038	-63.557983
0.198594	0.087941	-64.683150
0.199199	0.143831	-65.709085
0.199805	0.154158	-66.763489
0.200410	0.120138	-67.799998
0.201016	0.117708	-68.835423
0.201621	0.100698	-69.829907
0.202227	0.121961	-70.795111
0.202832	0.110418	-71.823486
0.203437	0.079436	-72.936995
0.204043	0.103128	-73.729763
0.204648	0.175420	-74.615798
0.205254	0.077614	-75.906622
0.205859	0.065464	-76.646250
0.206465	0.035696	-77.537979
0.207070	-0.007436	-78.587773
0.207676	-0.009258	-79.436393
0.208281	0.058174	-80.281217
0.208887	0.046631	-81.182435
0.209492	0.050884	-82.065488
0.210098	0.087333	-82.959114
0.210703	0.100698	-83.737242
0.211309	0.085511	-84.702987
0.211914	0.086118	-85.619117
0.212520	0.001677	-86.251108
0.213125	0.083081	-87.207365
0.213730	0.123176	-88.039446
0.214336	0.115886	-88.651103
0.214941	0.136541	-89.466646
0.215547	0.156588	-90.202749
0.216152	0.179673	-90.991992
0.216758	0.142008	-91.712099
0.217363	0.186355	-92.473688
0.217969	0.152943	-93.162344
0.218574	0.176635	-93.902514
0.219180	0.244675	-94.617199
0.219785	0.219768	-95.373907
0.220391	0.240422	-95.913716
0.220996	0.146261	-96.565771
0.221602	0.303602	-97.411137
0.222207	0.286592	-97.837074
0.222812	0.274442	-98.436259
0.223418	0.270797	-99.080722
0.224023	0.292667	-99.675027
0.224629	0.363136	-100.246829
0.225234	0.315144	-100.810226
0.225840	0.389259	-101.393144
0.226445	0.394726	-101.902858
0.227051	0.431176	-102.416097
0.227656	0.392296	-102.973258
0.228262	0.454868	-103.572714
0.228867	0.451223	-103.905926
0.229473	0.352809	-104.582924
0.230078	0.456691	-105.057392
0.230684	0.505898	-105.268327
0.231289	0.499823	-105.727341
0.231895	0.499215	-106.230006
0.232500	0.536273	-106.612562
0.233105	0.531413	-106.996204
0.233711	0.614032	-107.362493
0.234316	0.604312	-107.766740
0.234922	0.564825	-108.123268
0.235527	0.598845	-108.420692
0.236133	0.606742	-108.865608
0.236738	0.608565	-109.168996
0.237344	0.597022	-109.262263
0.237949	0.502860	-109.814001
0.238555	0.640762	-110.027105
0.239160	0.635902	-110.097869
0.239766	0.631649	-110.395835
0.240371	0.694829	-110.617343
0.240977	0.642584	-110.841834
0.241582	0.640154	-111.033519
0.242187	0.641977	-111.211919
0.242793	0.645622	-111.390862
0.243398	0.606742	-111.592849
0.244004	0.638939	-111.687743
0.244609	0.620715	-111.926333
0.245215	0.607957	-111.972424
0.245820	0.504683	-111.992216
0.246426	0.524730	-112.350914
0.247031	0.657164	-112.180376
0.247637	0.579405	-112.129405
0.248242	0.555713	-112.280421
0.248848	0.605527	-112.284488
0.249453	0.556320	-112.299942
0.250059	0.506505	-112.305636
0.250664	0.554498	-112.283946
0.251270	0.559965	-112.225925
0.251875	0.496178	-112.144859
0.252480	0.417204	-112.193119
0.253086	0.506505	-112.146486
0.253691	0.400194	-111.905456
0.254297	0.480383	-111.840657
0.254902	0.499823	-111.835506
0.255508	0.386221	-111.561128
0.256113	0.395334	-111.415263
0.256719	0.350379	-111.292986
0.257324	0.390474	-111.080966
0.257930	0.379539	-110.904193
0.258535	0.345519	-110.723082
0.259141	0.327294	-110.494253
0.259746	0.304817	-110.253223
0.260352	0.300564	-109.991046
0.260957	0.298134	-109.786347
0.261562	0.239815	-109.501395
0.262168	0.196683	-109.082507
0.262773	0.112848	-109.061631
0.263379	0.185140	-108.616444
0.263984	0.196075	-108.075551
0.264590	0.142008	-107.868683
0.265195	0.159018	-107.472841
0.265801	0.140186	-107.082692
0.266406	0.141401	-106.679259
0.267012	0.174205	-106.296431
0.267617	0.084904	-105.849076
0.268223	0.075184	-105.425579
0.268828	0.042986	-104.984460
0.269434	0.067894	-104.636064
0.270039	0.098876	-104.032541
0.270645	0.107988	-103.458842
0.271250	0.236777	-103.096890
0.271855	0.049061	-102.497163
0.272461	0.032659	-101.870052
0.273066	0.087941	-101.383654
0.273672	0.119531	-100.812937
0.274277	0.052099	-100.230290
0.274883	0.055136	-99.630021
0.275488	0.094623	-99.015381
0.276094	0.086118	-98.409960
0.276699	0.027799	-97.796134
0.277305	0.028406	-97.171192
0.277910	0.113456	-96.591528
0.278516	0.080044	-95.784661
0.279121	0.112848	-95.129895
0.279727	0.201543	-94.491668
0.280332	0.063034	-93.624883
0.280938	0.077006	-92.955205
0.281543	0.067286	-92.297999
0.282148	0.179065	-91.447753
0.282754	0.126821	-90.747438
0.283359	0.070931	-90.008081
0.283965	0.070324	-89.216398
0.284570	0.107988	-88.402211
0.285176	0.201543	-87.515904
0.285781	0.184533	-86.837822
0.286387	0.248320	-85.998420
0.286992	0.141401	-84.997157
0.287598	0.241030	-84.358117
0.288203	0.358276	-83.401860
0.288809	0.190000	-82.395175
0.289414	0.233740	-81.606203
0.290020	0.285377	-80.707696
0.290625	0.287200	-79.761200
0.291230	0.282947	-78.890348
0.291836	0.297527	-77.946292
0.292441	0.324257	-77.027180
0.293047	0.278695	-76.107525
0.293652	0.323649	-75.129579
0.294258	0.366174	-74.267674
0.294863	0.326079	-73.191852
0.295469	0.398371	-72.201705
0.296074	0.266545	-71.451503
0.296680	0.354632	-70.154172
0.297285	0.418419	-69.049611
0.297891	0.441503	-68.151646
0.298496	0.484636	-67.097514
0.299102	0.454261	-66.072663
0.299707	0.473093	-65.024767
0.300312	0.494355	-63.983649
0.300918	0.475523	-62.888034
0.301523	0.535665	-61.833089
0.302129	0.547815	-60.780854
0.302734	0.514403	-59.765764
0.303340	0.496178	-58.557633
0.303945	0.488888	-57.604901
0.304551	0.471271	-56.617195
0.305156	0.499215	-55.192435
0.305762	0.505898	-54.171651
0.306367	0.538703	-53.049466
0.306973	0.566647	-51.900441
0.307578	0.535665	-50.769580
0.308184	0.538703	-49.640346
0.308789	0.578190	-48.492947
0.309395	0.587910	-47.246317
0.310000	0.580620	-46.146093
0.310605	0.558750	-45.015233
0.311211	0.591555	-43.774024
0.311816	0.555713	-42.583245
0.312422	0.451223	-41.643799
0.313027	0.440288	-40.291158
0.313633	0.544170	-38.890529
0.314238	0.487673	-37.836939
0.314844	0.531413	-36.645889
0.315449	0.445148	-35.459990
0.316055	0.447578	-34.221493
0.316660	0.477346	-33.031798
0.317266	0.443326	-31.815805
0.317871	0.386829	-30.568903
0.318477	0.440896	-29.346402
0.319082	0.422064	-28.122546
0.319688	0.340052	-26.875644
0.320293	0.354024	-25.597834
0.320898	0.314537	-24.599554
0.321504	0.344912	-23.072038
0.322109	0.377109	-21.761422
0.322715	0.267152	-20.688311
0.323320	0.304209	-19.380948
0.323926	0.328509	-18.053522
0.324531	0.279910	-16.812585
0.325137	0.226450	-15.560532
0.325742	0.236170	-14.289771
0.326348	0.142616	-13.040158
0.326953	0.187570	-11.771566
0.327559	0.194253	-10.550692
0.328164	0.112848	-9.191274
0.328770	0.096446	-8.067192
0.329375	-0.061503	-6.886715
0.329980	0.019901	-5.341576
0.330586	-0.005613	-4.114738
0.331191	0.017472	-2.907962
0.331797	0.008967	-1.587044
0.332402	-0.023231	-0.282121
0.333008	-0.033558	0.924112
0.333613	-0.045708	2.219274
0.334219	-0.048138	3.531788
0.334824	-0.073653	4.801735
0.335430	-0.094308	6.079546
0.336035	-0.035988	7.319127
0.336641	-0.131972	8.681257
0.337246	-0.067578	9.784191
0.337852	-0.154450	11.078269
0.338457	-0.185432	12.548849
0.339062	-0.131972	13.648530
0.339668	-0.149590	14.907090
0.340273	-0.091878	16.281420
0.340879	-0.178142	17.531847
0.341484	-0.155665	18.803692
0.342090	-0.176320	20.037309
0.342695	-0.141692	21.313492
0.343301	-0.172675	22.582626
0.343906	-0.144122	23.783166
0.344512	-0.122252	25.080768
0.345117	-0.173890	26.358035
0.345723	0.020509	27.460157
0.346328	-0.074260	28.933448
0.346934	-0.159917	30.122871
0.347539	-0.121037	31.229873
0.348145	-0.104635	32.519883
0.348750	-0.013511	33.796067
0.349355	-0.065755	34.982779
0.349961	-0.058465	36.174642
0.350566	-0.062718	37.372471
0.351172	-0.025053	38.593073
0.351777	-0.057858	39.804458
0.352383	0.007752	40.949146
0.352988	0.010789	42.235089
0.353594	-0.028698	43.356189
0.354199	0.049061	44.390259
0.354805	-0.086410	45.759980
0.355410	0.023546	46.946692
0.356016	0.041771	48.066707
0.356621	0.102521	49.280532
0.357227	0.100698	50.472667
0.357832	0.126821	51.598105
0.358438	0.132896	52.685857
0.359043	0.118923	53.809939
0.359648	0.128036	54.929412
0.360254	0.175420	56.007132
0.360859	0.207010	57.155345
0.361465	0.183925	58.336635
0.362070	0.225842	59.196099
0.362676	0.268975	60.349192
0.363281	0.191823	61.642185
0.363887	0.267152	62.557773
0.364492	0.272012	63.559578
0.365098	0.355239	64.697488
0.365703	0.350379	65.725050
0.366309	0.325472	66.744478
0.366914	0.348557	67.735438
0.367520	0.374679	68.813158
0.368125	0.337622	69.756130
0.368730	0.364959	70.789656
0.369336	0.364959	71.707684
0.369941	0.364959	72.773475
0.370547	0.337622	73.509849
0.371152	0.436036	74.631220
0.371758	0.398979	75.742831
0.372363	0.391689	76.473241
0.372969	0.480991	77.450645
0.373574	0.407484	78.375722
0.374180	0.466411	79.352312
0.374785	0.416596	80.159450
0.375391	0.431176	81.060668
0.375996	0.409306	81.904408
0.376602	0.454261	82.794238
0.377207	0.389866	83.552032
0.377812	0.390474	84.481989
0.378418	0.413559	85.289940
0.379023	0.385006	85.887498
0.379629	0.412344	86.957356
0.380234	0.364351	87.783472
0.380840	0.358276	88.395401
0.381445	0.377109	89.236971
0.382051	0.323042	90.027842
0.382656	0.356454	90.749575
0.383262	0.340052	91.453957
0.383867	0.275657	92.154000
0.384473	0.196075	92.846452
0.385078	0.200935	93.564932
0.385684	0.216123	94.261451
0.386289	0.248927	95.003248
0.386895	0.149906	95.531941
0.387500	0.196075	96.089915
0.388105	0.222805	96.999538
0.388711	0.079436	97.491901
0.389316	0.139578	98.046892
0.389922	0.117708	98.675359
0.390527	0.082474	99.283220
0.391133	-0.022623	99.827096
0.391738	-0.003791	100.356060
0.392344	-0.002576	100.930573
0.392949	-0.061503	101.409650
0.393555	-0.069400	101.964642
0.394160	-0.071830	102.429079
0.394766	-0.160525	103.003592
0.395371	-0.128935	103.303726
0.395977	-0.239499	103.781448
0.396582	-0.173282	104.461699
0.397187	-0.187254	104.746380
0.397793	-0.160525	105.189940
0.398398	-0.212769	105.606387
0.399004	-0.251649	106.069739
0.399609	-0.262584	106.408374
0.400215	-0.254686	106.792828
0.400820	-0.327586	107.148544
0.401426	-0.345811	107.501548
0.402031	-0.277164	107.793278
0.402637	-0.326371	108.178275
0.403242	-0.309361	108.525043
0.403848	-0.309969	108.560832
0.404453	-0.267444	109.120704
0.405059	-0.286276	109.389117
0.405664	-0.385298	109.384508
0.406270	-0.296604	109.793635
0.406875	-0.305109	110.034394
0.407480	-0.359176	110.157484
0.408086	-0.325763	110.382789
0.408691	-0.378008	110.543837
0.409297	-0.342773	110.655269
0.409902	-0.345203	110.839633
0.410508	-0.259546	110.998512
0.411113	-0.232209	111.176099
0.411719	-0.244359	111.146546
0.412324	-0.268659	111.192638
0.412930	-0.299034	111.500093
0.413535	-0.236462	111.432854
0.414141	-0.175105	111.500093
0.414746	-0.181180	111.616405
0.415352	-0.162955	111.627250
0.415957	-0.116785	111.638909
0.416563	-0.109495	111.615321
0.417168	-0.113748	111.638638
0.417773	-0.043278	111.669546
0.418379	-0.063325	111.587666
0.418984	-0.075475	111.483554
0.419590	-0.025661	111.505787
0.420195	-0.011081	111.233849
0.420801	-0.009866	111.181250
0.421406	0.042986	111.211616
0.422012	0.032659	110.824179
0.422617	0.086726	110.744740
0.423223	0.073969	110.653913
0.423828	0.115278	110.455992
0.424434	0.176635	110.268916
0.425039	0.149298	110.064488
0.425645	0.173598	109.839726
0.426250	0.147476	109.590834
0.426855	0.176635	109.342484
0.427461	0.224020	109.180351
0.428066	0.205795	108.785594
0.428672	0.326079	108.411171
0.429277	0.126821	108.281302
0.429883	0.213693	107.841538
0.430488	0.344912	107.466844
0.431094	0.267152	107.293324
0.431699	0.299349	106.867930
0.432305	0.350987	106.533362
0.432910	0.380754	106.096581
0.433516	0.379539	105.731647
0.434121	0.400194	105.299203
0.434727	0.375286	104.865675
0.435332	0.400801	104.361654
0.435937	0.381361	104.034136
0.436543	0.366174	103.373134
0.437148	0.452438	102.881586
0.437754	0.319397	102.518279
0.438359	0.279302	101.783531
0.438965	0.465803	101.298489
0.439570	0.376501	100.870926
0.440176	0.381361	100.309156
0.440781	0.385006	99.766907
0.441387	0.406876	99.141422
0.441992	0.349772	98.572874
0.442598	0.330332	97.870662
0.443203	0.323649	97.235146
0.443809	0.360099	96.677985
0.444414	0.301779	96.039486
0.445020	0.298134	95.212285
0.445625	0.285377	94.625572
0.446230	0.139578	93.997918
0.446836	0.267152	93.141165
0.447441	0.263507	92.588884
0.448047	0.242852	91.918393
0.448652	0.323649	91.164125
0.449258	0.205795	90.382472
0.449863	0.169953	89.602176
0.450469	0.186355	88.838960
0.451074	0.233132	88.115329
0.451680	0.197898	87.249357
0.452285	0.157803	86.453607
0.452891	0.140186	85.686324
0.453496	0.131073	84.683163
0.454102	0.044201	83.981764
0.454707	0.129251	83.183031
0.455313	0.064249	82.091484
0.455918	0.071539	81.334504
0.456523	0.004714	80.531433
0.457129	0.038734	79.679831
0.457734	0.035696	78.707307
0.458340	-0.042063	77.847300
0.458945	-0.011081	76.910564
0.459551	-0.043278	75.932076
0.460156	-0.054213	74.985038
0.460762	-0.059680	74.071077
0.461367	-0.143515	72.992001
0.461973	-0.076690	71.995076
0.462578	-0.191507	71.208273
0.463184	-0.098560	70.101813
0.463789	-0.091270	69.067202
0.464395	-0.138047	68.237019
0.465000	-0.147767	67.203763
0.465605	-0.169030	66.117367
0.466211	-0.148375	65.123696
0.466816	-0.103420	64.122433
0.467422	-0.060895	63.092701
0.468027	-0.138655	61.970788
0.468633	-0.090055	60.940786
0.469238	-0.165385	59.862524
0.469844	-0.137440	58.683674
0.470449	-0.148375	57.621137
0.471055	-0.039633	56.746489
0.471660	-0.051783	55.393035
0.472266	-0.090663	54.359508
0.472871	-0.073653	53.383731
0.473477	-0.101598	52.150657
0.474082	-0.028698	51.063176
0.474687	-0.059680	49.912523
0.475293	-0.048746	48.784103
0.475898	-0.060288	47.649718
0.476504	-0.041456	46.468428
0.477109	-0.009866	45.343804
0.477715	-0.026268	44.180137
0.478320	0.019901	42.889584
0.478926	-0.052998	41.857413
0.479531	-0.164777	40.664736
0.480137	0.058174	39.347613
0.480742	0.069716	38.288329
0.481348	0.032659	37.208711
0.481953	0.066679	35.904602
0.482559	0.098876	34.734700
0.483164	0.120138	33.535245
0.483770	0.171168	32.302984
0.484375	0.118923	31.084279
0.484980	0.146868	29.839546
0.485586	0.178458	28.616232
0.486191	0.175420	27.382073
0.486797	0.222197	26.071457
0.487402	0.162663	24.939783
0.488008	0.138971	23.608019
0.488613	0.315752	22.315297
0.489219	0.241030	21.186335
0.489824	0.309677	20.017246
0.490430	0.220983	18.645626
0.491035	0.276265	17.452678
0.491641	0.259255	16.201167
0.492246	0.250142	14.926611
0.492852	0.282947	13.647445
0.493457	0.261685	12.445279
0.494063	0.350987	11.224134
0.494668	0.309069	9.765484
0.495273	0.315144	8.520751
0.495879	0.222197	7.340275
0.496484	0.245890	5.867526
0.497090	0.338837	4.707926
0.497695	0.298134	3.554563
0.498301	0.341874	2.222528
0.498906	0.347342	0.942006
0.499512	0.334584	-0.353698
0.500117	0.312107	-1.591382
0.500723	0.346127	-2.897389
0.501328	0.323649	-4.151068
0.501934	0.307854	-5.408544
0.502539	0.329724	-6.699639
0.503145	0.376501	-8.063938
0.503750	0.326687	-9.197510
0.504355	0.393511	-10.427060
0.504961	0.439073	-11.935597
0.505566	0.352809	-13.033651
0.506172	0.316967	-14.251000
0.506777	0.311499	-15.606894
0.507383	0.262900	-16.895007
0.507988	0.317574	-18.077381
0.508594	0.346127	-19.377152
0.509199	0.325472	-20.676923
0.509805	0.367996	-21.880445
0.510410	0.307247	-23.129787
0.511016	0.304209	-24.409766
0.511621	0.310284	-25.806058
0.512227	0.327294	-26.847176
0.512832	0.267760	-28.273291
0.513437	0.299349	-29.569809
0.514043	0.286592	-30.542333
0.514648	0.298134	-31.767002
0.515254	0.301779	-33.096326
0.515859	0.267760	-34.312862
0.516465	0.294489	-35.494423
0.517070	0.332154	-36.712043
0.517676	0.270190	-37.910414
0.518281	0.287807	-39.119087
0.518887	0.336407	-40.280584
0.519492	0.311499	-41.612890
0.520098	0.313929	-42.788487
0.520703	0.279910	-43.826351
0.521309	0.329117	-45.228608
0.521914	0.297527	-46.345912
0.522520	0.350379	-47.352055
0.523125	0.302387	-48.563168
0.523730	0.300564	-49.722768
0.524336	0.317574	-50.861220
0.524941	0.349772	-51.969306
0.525547	0.270190	-53.153849
0.526152	0.344304	-54.268985
0.526758	0.312107	-55.328268
0.527363	0.318789	-56.424696
0.527969	0.286592	-57.743988
0.528574	0.356454	-58.660389
0.529180	0.253180	-59.823785
0.529785	0.245282	-61.110271
0.530391	0.371641	-61.874571
0.530996	0.253787	-62.934126
0.531602	0.287807	-64.064986
0.532207	0.318789	-65.161143
0.532813	0.311499	-66.173251
0.533418	0.289022	-67.223858
0.534023	0.284770	-68.250336
0.534629	0.373464	-69.196289
0.535234	0.336407	-70.242830
0.535840	0.279302	-71.312688
0.536445	0.306639	-72.329405
0.537051	0.322434	-73.175584
0.537656	0.239207	-74.289364
0.538262	0.357061	-75.277342
0.538867	0.304209	-75.992026
0.539473	0.304817	-76.979462
0.540078	0.278087	-77.975845
0.540684	0.220983	-78.886823
0.541289	0.305424	-79.750084
0.541895	0.324257	-80.634221
0.542500	0.259255	-81.551435
0.543105	0.259255	-82.471090
0.543711	0.262292	-83.307509
0.544316	0.308462	-84.250209
0.544922	0.255610	-85.108318
0.545527	0.257432	-85.807820
0.546133	0.182103	-86.919159
0.546738	0.230095	-87.612696
0.547344	0.247105	-88.234927
0.547949	0.224627	-89.120691
0.548555	0.344304	-89.853811
0.549160	0.284162	-90.656882
0.549766	0.272012	-91.379429
0.550371	0.281125	-92.157828
0.550977	0.284770	-92.852449
0.551582	0.235562	-93.585841
0.552187	0.255002	-94.279378
0.552793	0.242245	-95.108748
0.553398	0.259862	-95.646659
0.554004	0.225842	-96.304407
0.554609	0.234955	-97.206438
0.555215	0.258040	-97.612041
0.555820	0.168738	-98.207972
0.556426	0.238600	-98.893918
0.557031	0.180888	-99.526451
0.557637	0.244675	-100.062735
0.558242	0.293882	-100.653787
0.558848	0.234347	-101.253786
0.559453	0.247712	-101.784919
0.560059	0.253787	-102.303309
0.560664	0.261077	-102.865892
0.561270	0.236777	-103.512253
0.561875	0.247105	-103.816726
0.562480	0.302387	-104.396119
0.563086	0.365566	-104.933759
0.563691	0.254395	-105.209493
0.564297	0.258040	-105.680979
0.564902	0.264115	-106.155989
0.565508	0.301779	-106.548306
0.566113	0.268367	-106.982919
0.566719	0.310284	-107.345954
0.567324	0.284770	-107.780025
0.567930	0.366174	-108.081786
0.568535	0.337622	-108.376499
0.569141	0.322434	-108.818974
0.569746	0.315144	-109.132123
0.570352	0.354024	-109.296967
0.570957	0.273835	-109.798005
0.571562	0.306032	-110.113594
0.572168	0.425708	-110.088650
0.572773	0.376501	-110.461718
0.573379	0.417811	-110.680515
0.573984	0.433606	-110.920189
0.574590	0.501645	-111.043551
0.575195	0.455476	-111.283225
0.575801	0.466411	-111.442104
0.576406	0.460336	-111.610744
0.577012	0.505290	-111.750373
0.577617	0.491318	-111.961579
0.578223	0.503468	-112.041289
0.578828	0.462766	-112.043458
0.579434	0.646837	-112.253580
0.580039	0.544778	-112.243277
0.580645	0.483421	-112.170616
0.581250	0.526553	-112.340340
0.581855	0.538703	-112.399445
0.582461	0.538095	-112.343322
0.583066	0.546600	-112.338713
0.583672	0.563610	-112.353083
0.584277	0.522300	-112.315939
0.584883	0.504075	-112.280692
0.585488	0.561180	-112.257376
0.586094	0.576367	-112.185528
0.586699	0.513795	-112.061353
0.587305	0.523515	-111.935822
0.587910	0.474916	-112.062166
0.588516	0.490103	-111.641381
0.589121	0.527160	-111.469759
0.589727	0.563610	-111.381915
0.590332	0.488888	-111.234423
0.590938	0.435428	-111.027012
0.591543	0.539918	-110.787338
0.592148	0.464588	-110.620597
0.592754	0.528375	-110.344592
0.593359	0.501038	-110.077534
0.593965	0.443933	-109.882325
0.594570	0.491318	-109.654038
0.595176	0.399586	-109.231083
0.595781	0.381969	-109.064342
0.596387	0.452438	-108.772612
0.596992	0.363136	-108.253137
0.597598	0.364351	-107.976319
0.598203	0.411129	-107.655579
0.598809	0.338229	-107.297423
0.599414	0.288415	-106.882331
0.600020	0.329117	-106.474560
0.600625	0.332762	-105.990332
0.601230	0.262292	-105.618891
0.601836	0.194253	-105.188074
0.602441	0.318789	-104.755902
0.603047	0.247105	-104.270317
0.603652	0.204580	-103.694991
0.604258	0.341267	-103.343614
0.604863	0.281125	-102.781573
0.605469	0.210655	-102.141176
0.606074	0.169953	-101.725000
0.606680	0.209440	-101.178413
0.607285	0.118923	-100.572721
0.607891	0.117708	-99.960250
0.608496	0.197290	-99.381671
0.609102	0.190000	-98.791161
0.609707	0.165700	-98.154832
0.610313	0.137148	-97.545615
0.610918	0.124391	-96.946972
0.611523	0.208225	-96.200024
0.612129	0.111633	-95.505403
0.612734	0.256825	-94.927908
0.613340	0.154765	-94.119143
0.613945	0.118316	-93.342913
0.614551	0.114063	-92.704686
0.615156	0.147476	-91.919509
0.615762	0.123176	-91.232751
0.616367	0.148083	-90.439441
0.616973	0.145653	-89.719605
0.617578	0.172990	-88.907858
0.618184	0.248320	-88.027788
0.618789	0.185140	-87.338047
0.619395	0.237385	-86.532807
0.620000	0.208833	-85.624268
0.620605	0.222805	-84.860511
0.621211	0.281125	-84.104886
0.621816	0.258647	-82.997614
0.622422	0.282947	-82.141131
0.623027	0.268367	-81.320708
0.623633	0.240422	-80.447687
0.624238	0.262292	-79.502276
0.624844	0.340659	-78.548731
0.625449	0.293882	-77.618231
0.626055	0.366781	-76.685563
0.626660	0.377109	-75.724698
0.627266	0.380146	-74.790673
0.627871	0.415381	-73.902198
0.628477	0.440896	-72.754799
0.629082	0.347949	-72.001615
0.629687	0.350379	-71.018518
0.630293	0.418419	-69.690278
0.630898	0.422671	-68.797736
0.631504	0.485851	-67.814096
0.632109	0.461551	-66.800362
0.632715	0.463373	-65.742976
0.633320	0.488888	-64.742797
0.633926	0.515618	-63.636880
0.634531	0.493140	-62.561872
0.635137	0.507113	-61.486320
0.635742	0.503468	-60.483702
0.636348	0.532628	-59.347961
0.636953	0.471271	-58.194597
0.637559	0.562395	-57.295548
0.638164	0.557535	-55.991439
0.638770	0.462158	-54.820452
0.639375	0.498608	-53.786383
0.639980	0.459121	-52.701885
0.640586	0.472486	-51.514902
0.641191	0.537488	-50.366689
0.641797	0.478561	-49.274870
0.642402	0.451223	-48.100901
0.643008	0.457906	-46.942657
0.643613	0.439073	-45.792818
0.644219	0.445756	-44.684189
0.644824	0.401409	-43.422647
0.645430	0.363136	-42.243797
0.646035	0.384399	-41.271816
0.646641	0.399586	-39.758127
0.647246	0.371034	-38.566806
0.647852	0.355847	-37.476343
0.648457	0.390474	-36.261434
0.649062	0.431176	-34.967357
0.649668	0.331547	-33.821584
0.650273	0.347342	-32.603693
0.650879	0.290844	-31.352724
0.651484	0.299349	-30.068949
0.652090	0.224020	-28.877628
0.652695	0.307854	-27.688204
0.653301	0.196683	-26.359965
0.653906	0.155980	-25.298513
0.654512	0.018079	-24.118579
0.655117	0.146868	-22.585098
0.655723	0.136541	-21.403266
0.656328	0.065464	-20.214385
0.656934	0.084904	-18.964501
0.657539	0.033266	-17.630297
0.658145	0.033874	-16.416201
0.658750	0.167523	-15.083353
0.659355	0.068501	-13.787649
0.659961	0.059389	-12.561352
0.660566	0.042379	-11.341834
0.661172	0.010789	-10.028235
0.661777	-0.032343	-8.726566
0.662383	0.015649	-7.623632
0.662988	0.039341	-6.150612
0.663594	0.013219	-4.780077
0.664199	-0.005613	-3.635932
0.664805	-0.038418	-2.344837
0.665410	0.032051	-1.007108
0.666016	-0.044493	0.211868
0.666621	-0.012903	1.498083
0.667227	-0.082765	2.748780
0.667832	-0.014726	4.073224
0.668438	-0.004398	5.362692
0.669043	-0.003791	6.592513
0.669648	-0.027483	7.941629
0.670254	-0.017156	9.171721
0.670859	-0.071223	10.248628
0.671465	-0.124075	11.674201
0.672070	-0.025053	13.093267
0.672676	0.056959	14.253137
0.673281	0.066071	15.594662
0.673887	0.033266	16.867320
0.674492	0.078829	18.117747
0.675098	0.109811	19.412909
0.675703	0.116493	20.661980
0.676309	0.138971	21.963649
0.676914	0.076399	23.155783
0.677520	0.089156	24.394280
0.678125	0.142616	25.763188
0.678730	0.143831	26.846331
0.679336	0.190000	28.033314
0.679941	0.216123	29.529108
0.680547	0.152336	30.632856
0.681152	0.264722	31.929374
0.681758	0.197290	33.099276
0.682363	0.245890	34.325844
0.682969	0.289022	35.508218
0.683574	0.295704	36.760271
0.684180	0.280517	38.000666
0.684785	0.321219	39.196597
0.685391	0.335799	40.336133
0.685996	0.300564	41.540197
0.686602	0.309677	42.792793
0.687207	0.354632	43.809239
0.687813	0.427531	45.112805
0.688418	0.289629	46.408510
0.689023	0.370426	47.389167
0.689629	0.338229	48.646643
0.690234	0.350379	49.789704
0.690840	0.273227	50.869051
0.691445	0.327294	52.061999
0.692051	0.379539	53.214821
0.692656	0.285985	54.292541
0.693262	0.357061	55.372701
0.693867	0.373464	56.467502
0.694473	0.324257	57.589415
0.695078	0.303602	58.637041
0.695684	0.401409	59.597364
0.696289	0.225235	60.881681
0.696895	0.259255	61.940964
0.697500	0.261685	62.889358
0.698105	0.299957	63.947828
0.698711	0.237992	65.012263
0.699316	0.222197	66.027625
0.699922	0.232525	67.010180
0.700527	0.221590	68.108235
0.701133	0.159625	69.081030
0.701738	0.165700	70.054638
0.702344	0.199113	71.051563
0.702949	0.160840	72.062586
0.703555	0.142616	72.913104
0.704160	0.167523	73.818931
0.704766	0.237385	75.074780
0.705371	0.078829	75.801123
0.705977	0.109811	76.672246
0.706582	0.093408	77.624978
0.707187	0.128643	78.630307
0.707793	0.032051	79.457237
0.708398	-0.000753	80.344899
0.709004	0.081259	81.258860
0.709609	0.053314	82.056237
0.710215	0.019294	82.890216
0.710820	-0.057250	83.729347
0.711426	-0.063325	84.618093
0.712031	-0.035988	85.286686
0.712637	-0.184825	86.149405
0.713242	-0.155057	87.108643
0.713848	-0.086410	87.756360
0.714453	-0.122860	88.597931
0.715059	-0.105243	89.347861
0.715664	-0.123467	90.117313
0.716270	-0.092485	90.842029
0.716875	-0.153235	91.558611
0.717480	-0.085195	92.325622
0.718086	-0.125897	93.029733
0.718691	-0.130757	93.652506
0.719297	-0.132580	94.362039
0.719902	-0.131972	95.105462
0.720508	-0.162955	95.526519
0.721113	0.041164	96.443733
0.721719	-0.079728	97.074640
0.722324	-0.088840	97.542872
0.722930	-0.015333	98.163747
0.723535	-0.089448	98.822038
0.724141	-0.046316	99.434237
0.724746	0.029621	100.014986
0.725352	-0.014726	100.553168
0.725957	0.006537	101.090537
0.726562	0.000462	101.642004
0.727168	0.036304	102.080412
0.727773	-0.010473	102.655197
0.728379	0.030229	103.075711
0.728984	-0.034773	103.433866
0.729590	-0.008651	104.161022
0.730195	0.016864	104.569607
0.730801	0.011397	104.851848
0.731406	0.115278	105.394910
0.732012	-0.023838	105.766622
0.732617	0.110418	106.194185
0.733223	0.090371	106.597890
0.733828	0.074576	106.975024
0.734434	0.154765	107.345380
0.735039	0.185140	107.720345
0.735645	0.116493	108.041357
0.736250	0.183925	108.398970
0.736855	0.095231	108.557307
0.737461	0.181495	108.911125
0.738066	0.121353	109.371494
0.738672	0.150513	109.388033
0.739277	0.167523	109.627707
0.739883	0.121961	109.980711
0.740488	0.165700	110.195713
0.741094	0.194253	110.380077
0.741699	0.142008	110.546819
0.742305	0.129251	110.715458
0.742910	0.173598	110.825535
0.743516	0.155373	110.985227
0.744121	0.127428	111.119434
0.744727	0.121961	111.234933
0.745332	0.155373	111.115638
0.745938	-0.018978	111.353957
0.746543	0.058174	111.489248
0.747148	0.128036	111.448579
0.747754	0.089156	111.529374
0.748359	0.126213	111.655718
0.748965	0.152943	111.645958
0.749570	0.103736	111.560825
0.750176	0.074576	111.608000
0.750781	0.094623	111.546726
0.751387	0.067286	111.546184
0.751992	0.130466	111.419298
0.752598	0.070324	111.424991
0.753203	0.069109	111.250658
0.753809	0.141401	111.009900
0.754414	0.075791	111.126483
0.755020	0.025369	110.929105
0.755625	0.078829	110.612702
0.756230	0.083081	110.571491
0.756836	0.081259	110.415595
0.757441	-0.013511	110.199237
0.758047	0.030229	110.052830
0.758652	0.063034	109.792008
0.759258	0.036304	109.623640
0.759863	0.052706	109.308051
0.760469	-0.021408	109.050483
0.761074	0.011397	108.841988
0.761680	0.006537	108.464040
0.762285	0.008967	108.052473
0.762891	-0.096738	107.948632
0.763496	-0.037811	107.483112
0.764102	0.081866	107.149628
0.764707	-0.035381	106.883926
0.765312	0.018686	106.498929
0.765918	-0.001968	106.139960
0.766523	-0.004398	105.647598
0.767129	-0.028698	105.337161
0.767734	0.021724	104.867302
0.768340	0.057566	104.434316
0.768945	0.056351	103.988587
0.769551	0.008359	103.548552
0.770156	0.014434	102.888093
0.770762	0.094623	102.502553
0.771367	0.009574	102.106440
0.771973	0.026584	101.345665
0.772578	0.087941	100.904274
0.773184	0.030836	100.411912
0.773789	0.028406	99.852853
0.774395	0.077614	99.236316
0.775000	0.083689	98.732838
0.775605	0.103736	98.104100
0.776211	0.124998	97.466144
0.776816	0.129251	96.842286
0.777422	0.179065	96.249337
0.778027	0.117708	95.521367
0.778633	0.155373	94.762218
0.779238	0.053921	94.320014
0.779844	0.061819	93.447536
0.780449	0.193038	92.718482
0.781055	0.122568	92.170539
0.781660	0.152336	91.443654
0.782266	0.152336	90.691012
0.782871	0.174205	89.933490
0.783477	0.201543	89.157532
0.784082	0.201543	88.369915
0.784687	0.204580	87.622967
0.785293	0.258647	86.881170
0.785898	0.213693	86.084335
0.786504	0.244067	85.140550
0.787109	0.255002	84.366219
0.787715	0.344304	83.709555
0.788320	0.242852	82.616652
0.788926	0.226450	81.718145
0.789531	0.248927	81.023253
0.790137	0.206403	80.170566
0.790742	0.301172	79.212412
0.791348	0.258040	78.345898
0.791953	0.231917	77.378525
0.792559	0.244675	76.475952
0.793164	0.228272	75.490685
0.793770	0.171775	74.610344
0.794375	0.186963	73.653545
0.794980	0.200935	72.515093
0.795586	0.096446	71.718800
0.796191	-0.015333	70.673886
0.796797	0.094623	69.556582
0.797402	0.184533	68.713927
0.798008	0.117708	67.760653
0.798613	0.134718	66.758848
0.799219	0.092801	65.690888
0.799824	0.114063	64.662784
0.800430	0.044809	63.619496
0.801035	0.090371	62.567262
0.801641	0.071539	61.516383
0.802246	0.061211	60.461438
0.802852	0.060604	59.336000
0.803457	0.084904	58.139527
0.804063	-0.007436	57.192218
0.804668	-0.092485	56.032076
0.805273	0.039949	54.746674
0.805879	0.008967	53.801534
0.806484	-0.006221	52.729508
0.807090	-0.018978	51.548489
0.807695	-0.063933	50.439861
0.808301	-0.019586	49.351025
0.808906	-0.023231	48.206337
0.809512	-0.028091	47.028029
0.810117	0.018686	45.911810
0.810723	-0.028091	44.778509
0.811328	-0.078513	43.537030
0.811934	-0.002576	42.289043
0.812539	-0.230994	41.278833
0.813145	-0.133187	39.876035
0.813750	0.024761	38.757917
0.814355	-0.025053	37.721679
0.814961	-0.011688	36.500534
0.815566	-0.115570	35.238449
0.816172	-0.032951	34.027878
0.816777	0.004714	32.815951
0.817383	-0.035381	31.550884
0.817988	-0.014726	30.367968
0.818594	-0.013511	29.130555
0.819199	-0.000753	27.972040
0.819805	0.050276	26.576833
0.820410	0.035696	25.387681
0.821016	0.111026	24.257091
0.821621	0.182710	22.797357
0.822227	0.121353	21.690084
0.822832	0.168738	20.561935
0.823438	0.101306	19.249150
0.824043	0.162055	17.949379
0.824648	0.172990	16.769444
0.825254	0.184533	15.445814
0.825859	0.163878	14.156617
0.826465	0.239815	12.933574
0.827070	0.282947	11.719207
0.827676	0.289022	10.420250
0.828281	0.299957	9.009860
0.828887	0.316359	7.943798
0.829492	0.421456	6.673579
0.830098	0.408699	5.192968
0.830703	0.313322	4.126093
0.831309	0.321827	2.870515
0.831914	0.376501	1.560713
0.832520	0.361314	0.230847
0.833125	0.382576	-1.000059
0.833730	0.369819	-2.294679
0.834336	0.432391	-3.554594
0.834941	0.395334	-4.800683
0.835547	0.408091	-6.044602
0.836152	0.411129	-7.392905
0.836758	0.437858	-8.664208
0.837363	0.392904	-9.788290
0.837969	0.324257	-11.372200
0.838574	0.427531	-12.510110
0.839180	0.435428	-13.623889
0.839785	0.456691	-14.962702
0.840391	0.454868	-16.173002
0.840996	0.437251	-17.471147
0.841602	0.479776	-18.735401
0.842207	0.428138	-20.036527
0.842812	0.435428	-21.315693
0.843418	0.445148	-22.523824
0.844023	0.420849	-23.782655
0.844629	0.436643	-25.146141
0.845234	0.382576	-26.349934
0.845840	0.459121	-27.435788
0.846445	0.474308	-28.927244
0.847051	0.350379	-30.046175
0.847656	0.408699	-31.123081
0.848262	0.408699	-32.435867
0.848867	0.455476	-33.670026
0.849473	0.380146	-34.906625
0.850078	0.385614	-36.152442
0.850684	0.386221	-37.357591
0.851289	0.354024	-38.511497
0.851895	0.285985	-39.723152
0.852500	0.272012	-40.991744
0.853105	0.341874	-42.251118
0.853711	0.245890	-43.285187
0.854316	0.406876	-44.481388
0.854922	0.392904	-45.836740
0.855527	0.208833	-46.832038
0.856133	0.237992	-48.015226
0.856738	0.256217	-49.223628
0.857344	0.295097	-50.315989
0.857949	0.247712	-51.455525
0.858555	0.174813	-52.650913
0.859160	0.186355	-53.769844
0.859766	0.203973	-54.823163
0.860371	0.155373	-56.032379
0.860977	0.197290	-57.146430
0.861582	0.219768	-58.237977
0.862187	0.184533	-59.219177
0.862793	0.042986	-60.582120
0.863398	0.268367	-61.536750
0.864004	0.177850	-62.430647
0.864609	0.185140	-63.580486
0.865215	0.202758	-64.643295
0.865820	0.195468	-65.683600
0.866426	0.200935	-66.739630
0.867031	0.193038	-67.799727
0.867637	0.165093	-68.804514
0.868242	0.199113	-69.742876
0.868848	0.179065	-70.769625
0.869453	0.213085	-71.892081
0.870059	0.222197	-72.780827
0.870664	0.118316	-73.738439
0.871270	0.059996	-74.989950
0.871875	0.227057	-75.629262
0.872480	0.211870	-76.507434
0.873086	0.208833	-77.522796
0.873691	0.225235	-78.439739
0.874297	0.277480	-79.316556
0.874902	0.261077	-80.230517
0.875508	0.282947	-81.156678
0.876113	0.275657	-82.016685
0.876719	0.277480	-82.918445
0.877324	0.337014	-83.813156
0.877930	0.310284	-84.713832
0.878535	0.261077	-85.415231
0.879141	0.324864	-86.363625
0.879746	0.484028	-87.190284
0.880352	0.285377	-87.813870
0.880957	0.360099	-88.696381
0.881563	0.326687	-89.507043
0.882168	0.378931	-90.204918
0.882773	0.350987	-91.007989
0.883379	0.353417	-91.776356
0.883984	0.378324	-92.523304
0.884590	0.412951	-93.168851
0.885195	0.439073	-93.877029
0.885801	0.400194	-94.680642
0.886406	0.471878	-95.313718
0.887012	0.420241	-95.923477
0.887617	0.476131	-96.768572
0.888223	0.438466	-97.331427
0.888828	0.473093	-97.847648
0.889434	0.439681	-98.587005
0.890039	0.430568	-99.206795
0.890645	0.511365	-99.731692
0.891250	0.498608	-100.371817
0.891855	0.417204	-100.943619
0.892461	0.473701	-101.481259
0.893066	0.431176	-102.060381
0.893672	0.459121	-102.618084
0.894277	0.477346	-103.208051
0.894883	0.457298	-103.597929
0.895488	0.363744	-104.137738
0.896094	0.508328	-104.741532
0.896699	0.454261	-105.011030
0.897305	0.388044	-105.428833
0.897910	0.460943	-105.949663
0.898516	0.398979	-106.375057
0.899121	0.389259	-106.790691
0.899727	0.415989	-107.184906
0.900332	0.386221	-107.600540
0.900937	0.359491	-107.971710
0.901543	0.378931	-108.269134
0.902148	0.398371	-108.687750
0.902754	0.370426	-109.058377
0.903359	0.312107	-109.256298
0.903965	0.379539	-109.638584
0.904570	0.231310	-110.107087
0.905176	0.315144	-110.066960
0.905781	0.306639	-110.397461
0.906387	0.290237	-110.650420
0.906992	0.330332	-110.886841
0.907598	0.332762	-111.096149
0.908203	0.271405	-111.266144
0.908809	0.317574	-111.452949
0.909414	0.282947	-111.623758
0.910020	0.318182	-111.836862
0.910625	0.282947	-112.003332
0.911230	0.320004	-112.123169
0.911836	0.236777	-112.137539
0.912441	0.333977	-112.360674
0.913047	0.328509	-112.349287
0.913652	0.224627	-112.320819
0.914258	0.279910	-112.445807
0.914863	0.253180	-112.548292
0.915469	0.231310	-112.488645
0.916074	0.225842	-112.525247
0.916680	0.272620	-112.511419
0.917285	0.298134	-112.492712
0.917891	0.307247	-112.415170
0.918496	0.318789	-112.403512
0.919102	0.340052	-112.344678
0.919707	0.306032	-112.182003
0.920312	0.389259	-112.102021
0.920918	0.284770	-112.203151
0.921523	0.300564	-111.807038
0.922129	0.364959	-111.714313
0.922734	0.359491	-111.625384
0.923340	0.402016	-111.404689
0.923945	0.383184	-111.253130
0.924551	0.394119	-111.033519
0.925156	0.420849	-110.859458
0.925762	0.418419	-110.563932
0.926367	0.498608	-110.262983
0.926973	0.472486	-110.093531
0.927578	0.502860	-109.832438
0.928184	0.441503	-109.465064
0.928789	0.533235	-109.308896
0.929395	0.507113	-108.983547
0.930000	0.467018	-108.426657
0.930605	0.499823	-108.254764
0.931211	0.455476	-107.928601
0.931816	0.518048	-107.513238
0.932422	0.448793	-107.119837
0.933027	0.574545	-106.675192
0.933633	0.504075	-106.281248
0.934238	0.546600	-105.818710
0.934844	0.544170	-105.383826
0.935449	0.544170	-105.015368
0.936055	0.587910	-104.504298
0.936660	0.532020	-103.928158
0.937266	0.601882	-103.649984
0.937871	0.522300	-103.054595
0.938477	0.488281	-102.404981
0.939082	0.530198	-101.947322
0.939688	0.585480	-101.424865
0.940293	0.529590	-100.784740
0.940898	0.604312	-100.231646
0.941504	0.524123	-99.697531
0.942109	0.556320	-99.040325
0.942715	0.494355	-98.456594
0.943320	0.529590	-97.840870
0.943926	0.496785	-97.264188
0.944531	0.464588	-96.519409
0.945137	0.405661	-95.927544
0.945742	0.569077	-95.323478
0.946348	0.582442	-94.334958
0.946953	0.408699	-93.742280
0.947559	0.431783	-93.136316
0.948164	0.370426	-92.412685
0.948770	0.365566	-91.594160
0.949375	0.346127	-90.923669
0.949980	0.363744	-90.131443
0.950586	0.332154	-89.353316
0.951191	0.287200	-88.591456
0.951797	0.235562	-87.825258
0.952402	0.264115	-86.984500
0.953008	0.216123	-86.142930
0.953613	0.261077	-85.436108
0.954219	0.137756	-84.611889
0.954824	0.104951	-83.594359
0.955430	0.167523	-82.819485
0.956035	0.144438	-81.995266
0.956641	0.157803	-80.999426
0.957246	0.131073	-80.114204
0.957852	0.154765	-79.157948
0.958457	0.083689	-78.295229
0.959063	0.022331	-77.386691
0.959668	0.077006	-76.461614
0.960273	0.062426	-75.559040
0.960879	0.082474	-74.519549
0.961484	0.050884	-73.599081
0.962090	0.070324	-72.707352
0.962695	-0.002576	-71.593844
0.963301	0.004107	-70.516666
0.963906	0.051491	-69.645001
0.964512	-0.014118	-68.553995
0.965117	0.019294	-67.486036
0.965723	-0.020801	-66.513512
0.966328	0.048454	-65.463446
0.966934	0.035089	-64.411212
0.967539	0.052099	-63.323189
0.968145	0.060604	-62.281800
0.968750	0.060604	-61.202995
0.969355	0.039341	-60.058036
0.969961	0.041771	-59.064094
0.970566	0.072146	-58.024873
0.971172	0.002892	-56.702870
0.971777	0.055744	-55.730075
0.972383	0.145046	-54.643408
0.972988	0.119531	-53.400031
0.973594	0.124998	-52.261036
0.974199	0.153550	-51.109841
0.974805	0.186355	-49.932347
0.975410	0.177243	-48.778712
0.976016	0.241637	-47.614775
0.976621	0.210655	-46.451379
0.977227	0.229487	-45.275512
0.977832	0.253180	-44.065483
0.978437	0.257432	-43.009995
0.979043	0.311499	-41.710495
0.979648	0.364959	-40.383612
0.980254	0.344304	-39.426542
0.980859	0.346734	-38.085289
0.981465	0.428746	-36.834320
0.982070	0.344912	-35.658182
0.982676	0.391689	-34.473368
0.983281	0.457298	-33.205318
0.983887	0.519263	-31.924797
0.984492	0.468841	-30.755437
0.985098	0.492533	-29.516126
0.985703	0.524730	-28.184091
0.986309	0.428138	-26.967555
0.986914	0.601882	-25.884142
0.987520	0.471878	-24.449893
0.988125	0.438466	-23.284599
0.988730	0.572722	-22.126084
0.989336	0.541740	-20.745518
0.989941	0.566647	-19.446289
0.990547	0.603097	-18.160888
0.991152	0.635294	-16.927271
0.991758	0.593985	-15.632109
0.992363	0.550853	-14.348334
0.992969	0.585480	-13.117971
0.993574	0.550245	-11.874594
0.994180	0.590340	-10.496468
0.994785	0.575760	-9.358829
0.995391	0.566647	-8.148529
0.995996	0.447578	-6.692048
0.996602	0.533843	-5.512114
0.997207	0.565432	-4.281750
0.997812	0.532628	-2.864582
0.998418	0.481598	-1.642624
0.999023	0.562395	-0.323603
0.999629	0.499215	0.897542
1.000234	0.451831	2.198126
1.000840	0.431176	3.474852
1.001445	0.453653	4.743444
1.002051	0.438466	5.996581
1.002656	0.446363	7.382570
1.003262	0.384399	8.428569
1.003867	0.396549	9.783649
1.004473	0.289629	11.159877
1.005078	0.266545	12.160327
1.005684	0.328509	13.579122
1.006289	0.301779	14.917664
1.006895	0.268975	16.123897
1.007500	0.232525	17.387608
1.008105	0.229487	18.676535
1.008711	0.174205	19.895511
1.009316	0.128643	21.139972
1.009922	0.146261	22.371420
1.010527	0.127428	23.647874
1.011133	0.100698	24.853565
1.011738	0.103736	25.998524
1.012344	0.094623	27.488625
1.012949	0.047846	28.474976
1.013555	0.032051	29.667924
1.014160	0.016864	31.101631
1.014766	-0.014118	32.260146
1.015371	-0.008043	33.427879
1.015977	-0.006828	34.651193
1.016582	-0.051175	35.913007
1.017187	0.022331	37.104871
1.017793	-0.099168	38.271791
1.018398	-0.076083	39.501341
1.019004	-0.068793	40.702693
1.019609	-0.072438	41.764146
1.020215	-0.105850	42.989900
1.020820	0.013219	44.345252
1.021426	0.101306	45.302593
1.022031	-0.074868	46.509368
1.022637	-0.119822	47.795854
1.023242	-0.099168	48.861645
1.023848	-0.094915	50.032632
1.024453	-0.075475	51.219886
1.025059	-0.072438	52.335564
1.025664	-0.111318	53.418164
1.026270	-0.114355	54.514049
1.026875	-0.082158	55.675005
1.027480	-0.100383	56.754894
1.028086	-0.046316	57.740974
1.028691	-0.064540	58.994383
1.029297	0.003499	59.993477
1.029902	0.042986	61.012363
1.030508	-0.049353	62.228356
1.031113	-0.017156	63.312312
1.031719	-0.008651	64.268569
1.032324	0.042379	65.306976
1.032930	0.000462	66.356499
1.033535	0.118316	67.379181
1.034141	0.040556	68.406200
1.034746	0.064249	69.430238
1.035352	0.099483	70.436652
1.035957	0.077006	71.328923
1.036563	0.140186	72.333711
1.037168	0.110418	73.451557
1.037773	0.083689	74.109034
1.038379	0.115278	75.191906
1.038984	0.152336	76.276675
1.039590	0.153550	77.133700
1.040195	0.121961	78.082907
1.040801	0.155373	78.987921
1.041406	0.159625	79.924114
1.042012	0.140793	80.759991
1.042617	0.246497	81.703504
1.043223	0.191823	82.491392
1.043828	0.199113	83.400473
1.044434	0.138363	84.115971
1.045039	0.215515	85.060026
1.045645	0.097661	85.895903
1.046250	0.104951	86.457131
1.046855	0.227665	87.620527
1.047461	0.213693	88.388894
1.048066	0.247105	89.075652
1.048672	0.209440	89.856220
1.049277	0.227057	90.608048
1.049883	0.220983	91.315141
1.050488	0.208225	92.010575
1.051094	0.225842	92.745052
1.051699	0.255002	93.505014
1.052305	0.216123	94.139174
1.052910	0.217945	94.731039
1.053516	0.220983	95.552275
1.054121	0.168738	96.131126
1.054727	0.188785	96.561401
1.055332	0.237385	97.425746
1.055937	0.172990	98.102744
1.056543	0.203973	98.650958
1.057148	0.248927	99.285932
1.057754	0.231310	99.812184
1.058359	0.213085	100.370159
1.058965	0.199720	100.940605
1.059570	0.232525	101.450319
1.060176	0.216123	102.015071
1.060781	0.149906	102.442364
1.061387	0.171168	102.889990
1.061992	0.277480	103.536080
1.062598	0.163270	103.853838
1.063203	0.171775	104.225821
1.063809	0.207618	104.941590
1.064414	0.161448	105.271549
1.065020	0.252572	105.663866
1.065625	0.201543	106.101732
1.066230	0.170560	106.472088
1.066836	0.241030	106.844884
1.067441	0.198505	107.227441
1.068047	0.145653	107.584512
1.068652	0.172383	107.914742
1.069258	0.218553	108.153060
1.069863	0.178458	108.519078
1.070469	0.186355	108.886723
1.071074	0.171168	108.941219
1.071680	0.157803	109.270907
1.072285	0.249535	109.728023
1.072891	0.169345	109.866025
1.073496	0.177243	110.069640
1.074102	0.168130	110.219572
1.074707	0.213693	110.466566
1.075312	0.225235	110.586132
1.075918	0.172383	110.760194
1.076523	0.248927	110.960013
1.077129	0.201543	111.021829
1.077734	0.265330	111.109402
1.078340	0.153550	111.246049
1.078945	0.242245	111.404657
1.079551	0.266545	111.274246
1.080156	0.171775	111.514734
1.080762	0.196683	111.667377
1.081367	0.241637	111.599324
1.081973	0.198505	111.596342
1.082578	0.201543	111.597156
1.083184	0.233740	111.546997
1.083789	0.190000	111.524223
1.084395	0.225842	111.492773
1.085000	0.142008	111.482741
1.085605	0.212478	111.355041
1.086211	0.135326	111.172846
1.086816	0.156588	111.235204
1.087422	0.097053	111.012882
1.088027	0.317574	110.781071
1.088633	0.249535	110.871897
1.089238	0.137756	110.648220
1.089844	0.187570	110.461686
1.090449	0.103736	110.253462
1.091055	0.106773	110.061777
1.091660	0.089763	109.846775
1.092266	0.172383	109.645059
1.092871	0.083689	109.371494
1.093477	0.099483	109.181165
1.094082	0.059996	108.838463
1.094688	0.090978	108.463227
1.095293	-0.002576	108.370231
1.095898	0.198505	107.970593
1.096504	0.078829	107.556315
1.097109	-0.027483	107.450577
1.097715	0.033874	107.037112
1.098320	-0.021408	106.604668
1.098926	-0.043886	106.234312
1.099531	-0.027483	105.794006
1.100137	-0.033558	105.407653
1.100742	-0.018978	104.966533
1.101348	-0.049960	104.564456
1.101953	-0.048746	104.100019
1.102559	-0.091878	103.525235
1.103164	-0.113748	103.056461
1.103770	-0.071223	102.734365
1.104375	-0.175712	101.942681
1.104980	-0.175105	101.516745
1.105586	-0.163562	101.177025
1.106191	-0.160525	100.550728
1.106797	-0.147160	100.019324
1.107402	-0.155057	99.458638
1.108008	-0.204264	98.846168
1.108613	-0.172675	98.255930
1.109219	-0.114963	97.682501
1.109824	-0.180572	97.033158
1.110430	-0.159917	96.424754
1.111035	-0.161740	95.670757
1.111641	-0.108888	95.193307
1.112246	-0.068793	94.490552
1.112852	-0.022016	93.679618
1.113457	-0.111318	93.207319
1.114062	-0.110103	92.467963
1.114668	-0.079728	91.712610
1.115273	-0.071223	90.996027
1.115879	-0.087625	90.278903
1.116484	-0.054213	89.488846
1.117090	-0.063325	88.732137
1.117695	-0.062110	87.998745
1.118301	-0.059680	87.213569
1.118906	-0.042671	86.357900
1.119512	0.007752	85.587364
1.120117	-0.034773	84.866443
1.120723	-0.014726	83.846473
1.121328	0.168130	83.094644
1.121934	0.092801	82.434185
1.122539	0.058781	81.431024
1.123145	0.112848	80.550683
1.123750	0.203973	79.740291
1.124355	0.122568	78.834193
1.124961	0.197290	77.928095
1.125566	0.284162	77.009254
1.126172	0.245282	76.124303
1.126777	0.310284	75.197057
1.127383	0.332762	74.170580
1.127988	0.329724	73.280478
1.128594	0.316359	72.422369
1.129199	0.415381	71.269276
1.129805	0.483421	70.420114
1.130410	0.412344	69.564716
1.131016	0.448793	68.488351
1.131621	0.473701	67.430152
1.132227	0.506505	66.437294
1.132832	0.525945	65.436573
1.133438	0.476738	64.334994
1.134043	0.505290	63.338340
1.134648	0.509543	62.238388
1.135254	0.496178	61.185069
1.135859	0.562395	60.057462
1.136465	0.580620	59.074093
1.137070	0.545385	57.960314
1.137676	0.633472	56.680335
1.138281	0.718521	55.915492
1.138887	0.566040	54.715766
1.139492	0.609780	53.500586
1.140098	0.594592	52.377046
1.140703	0.659594	51.320202
1.141309	0.525945	50.114511
1.141914	0.629219	49.037876
1.142520	0.580012	47.895628
1.143125	0.578190	46.724370
1.143730	0.608565	45.546605
1.144336	0.626790	44.365044
1.144941	0.499823	43.305760
1.145547	0.698474	41.994602
1.146152	0.508935	40.766950
1.146758	0.420849	39.761078
1.147363	0.521693	38.480285
1.147969	0.470663	37.266461
1.148574	0.404446	36.047485
1.149180	0.415381	34.799227
1.149785	0.432391	33.607635
1.150391	0.355847	32.335790
1.150996	0.411736	31.138504
1.151602	0.358276	29.914105
1.152207	0.315752	28.627077
1.152813	0.306032	27.457446
1.153418	0.231310	26.180449
1.154023	0.270190	24.678148
1.154629	0.306639	23.746022
1.155234	0.281732	22.448148
1.155840	0.158410	20.999259
1.156445	0.140186	19.875176
1.157051	0.185140	18.641017
1.157656	0.075791	17.317658
1.158262	0.102521	16.055845
1.158867	0.129251	14.816263
1.159473	0.075184	13.512154
1.160078	0.101913	12.264710
1.160684	0.082474	10.946774
1.161289	0.029621	9.810491
1.161895	0.049061	8.312256
1.162500	0.049061	7.106836
1.163105	0.025976	6.055415
1.163711	-0.031128	4.547692
1.164316	-0.018978	3.304857
1.164922	-0.001361	2.042772
1.165527	-0.068185	0.798853
1.166133	-0.056643	-0.509866
1.166738	-0.008651	-1.772764
1.167344	-0.078513	-3.036747
1.167949	-0.099168	-4.336789
1.168555	-0.065755	-5.614328
1.169160	-0.126505	-6.885902
1.169766	-0.089448	-8.139853
1.170371	-0.080943	-9.531806
1.170977	-0.052998	-10.730990
1.171582	-0.176927	-11.893844
1.172187	-0.073045	-13.305047
1.172793	-0.085803	-14.553575
1.173398	-0.023838	-15.720224
1.174004	-0.003183	-16.999661
1.174609	-0.032951	-18.296179
1.175215	0.015649	-19.511901
1.175820	0.050884	-20.779680
1.176426	-0.040241	-22.037426
1.177031	0.027191	-23.312254
1.177637	0.048454	-24.463178
1.178242	0.097053	-25.760238
1.178848	0.056959	-27.219701
1.179453	0.075184	-28.113057
1.180059	0.162055	-29.389240
1.180664	0.106773	-30.769535
1.181270	0.168130	-31.853491
1.181875	0.196075	-33.055115
1.182480	0.188785	-34.322080
1.183086	0.217338	-35.547563
1.183691	0.254395	-36.707976
1.184297	0.263507	-37.934815
1.184902	0.306639	-39.105802
1.185508	0.333369	-40.355686
1.186113	0.312107	-41.426357
1.186719	0.358276	-42.772761
1.187324	0.372249	-43.969776
1.187930	0.538095	-44.869368
1.188535	0.434821	-46.229328
1.189141	0.444541	-47.450473
1.189746	0.479168	-48.464479
1.190352	0.462766	-49.621639
1.190957	0.528983	-50.763886
1.191563	0.510150	-51.904507
1.192168	0.499215	-53.029674
1.192773	0.553283	-54.113901
1.193379	0.525338	-55.301427
1.193984	0.577582	-56.331971
1.194590	0.589125	-57.436804
1.195195	0.598845	-58.722477
1.195801	0.538095	-59.650536
1.196406	0.687539	-60.594049
1.197012	0.579405	-61.912799
1.197617	0.638939	-62.880985
1.198223	0.643799	-63.870861
1.198828	0.691792	-64.964577
1.199434	0.682679	-65.988615
1.200039	0.662632	-67.014550
1.200645	0.679642	-68.086848
1.201250	0.618285	-69.072928
1.201855	0.650482	-70.099405
1.202461	0.624360	-71.082774
1.203066	0.645014	-72.068854
1.203672	0.632257	-73.183176
1.204277	0.660809	-73.938258
1.204883	0.552068	-75.027094
1.205488	0.642584	-76.048149
1.206094	0.584872	-76.836308
1.206699	0.629219	-77.779822
1.207305	0.671137	-78.707068
1.207910	0.602490	-79.664408
1.208516	0.649874	-80.472631
1.209121	0.597630	-81.449493
1.209727	0.604312	-82.342306
1.210332	0.550245	-83.272263
1.210937	0.583657	-84.025989
1.211543	0.576975	-85.029421
1.212148	0.602490	-85.809989
1.212754	0.518655	-86.502712
1.213359	0.490103	-87.532172
1.213965	0.552068	-88.280747
1.214570	0.519263	-88.970488
1.215176	0.563002	-89.741024
1.215781	0.567255	-90.518609
1.216387	0.524730	-91.305683
1.216992	0.506505	-92.051818
1.217598	0.460943	-92.810696
1.218203	0.515618	-93.538123
1.218809	0.537488	-94.258230
1.219414	0.437251	-94.900524
1.220020	0.465196	-95.763242
1.220625	0.436036	-96.310101
1.221230	0.501645	-96.859128
1.221836	0.519263	-97.763870
1.222441	0.505290	-98.317507
1.223047	0.473093	-98.855960
1.223652	0.476131	-99.464364
1.224258	0.493748	-100.089035
1.224863	0.381969	-100.687135
1.225469	0.491925	-101.219353
1.226074	0.451831	-101.853784
1.226680	0.426923	-102.353196
1.227285	0.443326	-102.878364
1.227891	0.405054	-103.439050
1.228496	0.458513	-104.006242
1.229102	0.533843	-104.220159
1.229707	0.471271	-104.878721
1.230312	0.461551	-105.458114
1.230918	0.426316	-105.711616
1.231523	0.439073	-106.136468
1.232129	0.413559	-106.640488
1.232734	0.410521	-107.052598
1.233340	0.417811	-107.428647
1.233945	0.378931	-107.827472
1.234551	0.438466	-108.175867
1.235156	0.405661	-108.556526
1.235762	0.382576	-108.814907
1.236367	0.398979	-109.271210
1.236973	0.381969	-109.547757
1.237578	0.331547	-109.726699
1.238184	0.310892	-110.197100
1.238789	0.375286	-110.434876
1.239395	0.372856	-110.511334
