LabVIEW Measurement	
Writer_Version	2
Reader_Version	2
Separator	Tab
Decimal_Separator	.
Multi_Headings	No
X_Columns	One
Time_Pref	Absolute
Operator	AlunosGDS-JT
Date	2019/10/09
Time	15:11:28.9575998562499047959
***End_of_Header***	
	
Channels	2		
Samples	2048	2048	
Date	2019/10/09	2019/10/09	
Time	15:13:29.7679904812499039258	15:13:29.7679904812499039258	
Y_Unit_Label	g	Newtons	
X_Dimension	Time	Time	
X0	0.0000000000000000E+0	0.0000000000000000E+0	
Delta_X	0.000605	0.000605	
***End_of_Header***			
X_Value	Acceleration (Trigger)	Force (Trigger)	Comment
0.000000	-0.035381	1.516790
0.000605	-0.105243	4.117417
0.001211	-0.144122	6.728347
0.001816	-0.103420	9.418444
0.002422	-0.187862	12.026934
0.003027	-0.108888	14.720556
0.003633	-0.225527	17.327690
0.004238	-0.196367	19.997996
0.004844	-0.285061	22.574763
0.005449	-0.205479	25.022476
0.006055	-0.315436	27.785506
0.006660	-0.385906	30.173571
0.007266	-0.322118	32.692318
0.007871	-0.397448	35.369131
0.008477	-0.387728	37.849650
0.009082	-0.419318	40.279739
0.009687	-0.467917	42.794148
0.010293	-0.502545	45.209055
0.010898	-0.491610	47.608236
0.011504	-0.535349	49.981931
0.012109	-0.523200	52.406327
0.012715	-0.574229	54.698685
0.013320	-0.624651	56.914044
0.013926	-0.640446	59.401883
0.014531	-0.563902	61.584436
0.015137	-0.729748	63.656098
0.015742	-0.750403	66.011357
0.016348	-0.805685	68.137516
0.016953	-0.807507	70.262861
0.017559	-0.780778	72.314461
0.018164	-0.864004	74.344099
0.018770	-0.834237	76.324935
0.019375	-0.831807	78.256698
0.019980	-0.931436	80.183309
0.020586	-0.885874	82.060304
0.021191	-0.915034	83.818005
0.021797	-0.910782	85.741905
0.022402	-0.971531	87.433180
0.023008	-0.858537	89.023596
0.023613	-0.968494	90.842300
0.024219	-1.031066	92.359513
0.024824	-1.071160	93.850698
0.025430	-1.041393	95.457111
0.026035	-1.069338	96.947754
0.026641	-1.082095	98.285482
0.027246	-1.031066	99.697228
0.027852	-1.135555	101.014351
0.028457	-1.050506	102.297312
0.029062	-1.075413	103.449591
0.029668	-1.091815	104.680226
0.030273	-1.080273	105.737340
0.030879	-0.998261	106.672178
0.031484	-1.045038	107.840996
0.032090	-1.153172	108.726218
0.032695	-1.107610	109.485909
0.033301	-1.079058	110.342391
0.033906	-1.119153	111.127297
0.034512	-1.154387	111.788841
0.035117	-1.092423	112.444962
0.035723	-1.135555	113.009986
0.036328	-1.193267	113.563351
0.036934	-1.148312	113.974647
0.037539	-1.059011	114.453995
0.038145	-1.050506	114.849837
0.038750	-1.039571	114.961811
0.039355	-1.164715	115.239985
0.039961	-1.003728	115.527377
0.040566	-0.997046	115.466916
0.041172	-1.034711	115.560996
0.041777	-0.984896	115.688967
0.042383	-0.944194	115.599767
0.042988	-0.964241	115.434381
0.043594	-0.974569	115.290956
0.044199	-0.979429	114.986755
0.044805	-0.987934	114.632666
0.045410	-0.908352	114.333073
0.046016	-0.966671	113.904154
0.046621	-0.891949	113.305511
0.047227	-1.004943	112.808811
0.047832	-0.929614	112.276323
0.048438	-0.799002	111.465118
0.049043	-0.867649	110.859426
0.049648	-0.796572	110.159653
0.050254	-0.871294	109.230509
0.050859	-0.874332	108.339865
0.051465	-0.789283	107.413432
0.052070	-0.737645	106.418405
0.052676	-0.733393	105.334449
0.053281	-0.752833	104.257543
0.053887	-0.716991	103.087369
0.054492	-0.724281	101.818235
0.055098	-0.674466	100.534731
0.055703	-0.672643	99.304639
0.056309	-0.688438	97.710969
0.056914	-0.631941	96.458103
0.057520	-0.619791	95.076994
0.058125	-0.577874	93.476004
0.058730	-0.624651	91.868235
0.059336	-0.602781	90.297339
0.059941	-0.541424	88.607149
0.060547	-0.509835	86.883610
0.061152	-0.545069	85.121843
0.061758	-0.559042	83.253523
0.062363	-0.489787	81.443767
0.062969	-0.501937	79.497635
0.063574	-0.556612	77.641516
0.064180	-0.377401	75.528914
0.064785	-0.421140	73.664119
0.065391	-0.512265	71.712564
0.065996	-0.475815	69.442981
0.066602	-0.457590	67.342308
0.067207	-0.427215	65.235941
0.067812	-0.419925	63.046068
0.068418	-0.410813	60.728495
0.069023	-0.408990	58.496869
0.069629	-0.412635	56.205324
0.070234	-0.404130	53.845456
0.070840	-0.369503	51.473388
0.071445	-0.422355	49.173438
0.072051	-0.391980	46.643846
0.072656	-0.339128	44.267710
0.073262	-0.447263	41.968303
0.073867	-0.372541	39.287966
0.074473	-0.375578	36.858418
0.075078	-0.430860	34.397150
0.075684	-0.320296	31.907142
0.076289	-0.308146	29.318173
0.076895	-0.371326	26.784243
0.077500	-0.382868	24.132916
0.078105	-0.351886	21.601155
0.078711	-0.334268	18.988328
0.079316	-0.379223	16.403426
0.079922	-0.369503	13.643378
0.080527	-0.309969	11.046818
0.081133	-0.333661	8.605342
0.081738	-0.284454	5.687228
0.082344	-0.345203	3.135946
0.082949	-0.295389	0.569481
0.083555	-0.312399	-2.063952
0.084160	-0.308146	-4.819390
0.084766	-0.284454	-7.383415
0.085371	-0.318474	-10.082189
0.085977	-0.266229	-12.669531
0.086582	-0.201227	-15.294288
0.087188	-0.301464	-17.871869
0.087793	-0.257116	-20.656589
0.088398	-0.232817	-23.173167
0.089004	-0.255294	-25.648534
0.089609	-0.258939	-28.497240
0.090215	-0.150805	-30.873105
0.090820	-0.246182	-33.321902
0.091426	-0.182395	-35.953979
0.092031	-0.171460	-38.474624
0.092637	-0.196367	-40.950533
0.093242	-0.121645	-43.432136
0.093848	-0.128935	-45.882560
0.094453	-0.135617	-48.274963
0.095059	-0.077905	-50.714813
0.095664	-0.053605	-53.105860
0.096270	-0.020801	-55.466000
0.096875	-0.034166	-57.656957
0.097480	-0.135010	-60.209324
0.098086	0.005322	-62.245198
0.098691	0.067286	-64.349667
0.099297	0.000462	-66.784094
0.099902	0.067894	-68.858739
0.100508	0.073969	-71.004148
0.101113	0.067286	-73.068490
0.101719	0.092801	-75.143949
0.102324	0.148083	-77.102010
0.102930	0.176028	-79.057361
0.103535	0.183925	-80.989936
0.104141	0.196683	-82.919801
0.104746	0.180280	-84.637104
0.105352	0.222197	-86.659964
0.105957	0.394726	-88.342563
0.106563	0.402016	-89.846491
0.107168	0.297527	-91.785845
0.107773	0.329117	-93.340744
0.108379	0.379539	-94.818102
0.108984	0.357669	-96.384931
0.109590	0.429961	-97.837074
0.110195	0.395334	-99.218182
0.110801	0.394726	-100.617456
0.111406	0.428138	-101.941900
0.112012	0.447578	-103.159520
0.112617	0.514403	-104.329965
0.113223	0.506505	-105.552737
0.113828	0.539918	-106.699593
0.114434	0.385614	-107.610030
0.115039	0.426316	-108.768274
0.115645	0.604920	-109.636957
0.116250	0.584872	-110.374958
0.116855	0.657772	-111.188874
0.117461	0.637724	-111.991674
0.118066	0.615247	-112.668672
0.118672	0.655342	-113.280329
0.119277	0.673567	-113.833152
0.119883	0.651089	-114.354253
0.120488	0.708194	-114.787510
0.121094	0.696651	-115.219683
0.121699	0.728849	-115.667038
0.122305	0.707586	-115.765185
0.122910	0.720951	-116.119545
0.123516	0.732494	-116.350814
0.124121	0.689362	-116.237484
0.124727	0.743429	-116.312857
0.125332	0.671744	-116.318822
0.125938	0.699081	-116.259716
0.126543	0.717306	-116.055288
0.127148	0.759224	-115.855741
0.127754	0.700296	-115.610373
0.128359	0.733709	-115.271196
0.128965	0.758616	-114.862883
0.129570	0.756186	-114.526146
0.130176	0.710016	-113.884123
0.130781	0.660809	-113.396099
0.131387	0.589125	-112.968264
0.131992	0.764083	-111.891629
0.132598	0.688147	-111.214360
0.133203	0.737961	-110.468767
0.133809	0.708801	-109.567820
0.134414	0.691792	-108.637050
0.135020	0.696044	-107.719835
0.135625	0.671744	-106.622323
0.136230	0.634687	-105.536740
0.136836	0.614032	-104.409133
0.137441	0.631042	-103.282611
0.138047	0.601882	-101.983382
0.138652	0.550245	-100.627488
0.139258	0.583657	-99.461381
0.139863	0.688147	-97.757635
0.140469	0.535058	-96.347516
0.141074	0.502253	-95.006805
0.141680	0.500430	-93.379786
0.142285	0.470663	-91.769578
0.142891	0.450616	-90.082912
0.143496	0.477953	-88.401668
0.144102	0.403839	-86.657253
0.144707	0.431783	-84.839363
0.145313	0.412344	-83.022015
0.145918	0.375286	-81.119263
0.146523	0.395334	-79.141951
0.147129	0.327902	-77.363917
0.147734	0.258040	-75.258363
0.148340	0.270797	-72.999354
0.148945	0.256217	-71.120731
0.149551	0.216730	-69.007044
0.150156	0.225842	-66.706281
0.150762	0.165700	-64.607777
0.151367	0.124998	-62.375067
0.151973	0.146868	-60.097349
0.152578	0.096446	-57.756731
0.153184	0.135933	-55.489316
0.153789	0.054529	-53.132702
0.154395	-0.000753	-50.715084
0.155000	-0.038418	-48.436011
0.155605	0.040556	-45.967151
0.156211	0.066071	-43.248314
0.156816	-0.008651	-41.083926
0.157422	-0.008651	-38.530747
0.158027	-0.072438	-35.876166
0.158633	-0.087018	-33.380736
0.159238	-0.146552	-30.838130
0.159844	-0.145945	-28.264615
0.160449	-0.212162	-25.691101
0.161055	-0.175712	-23.117858
0.161660	-0.241929	-20.500964
0.162266	-0.299034	-17.901964
0.162871	-0.284454	-15.319773
0.163477	-0.272911	-12.733516
0.164082	-0.313006	-9.828417
0.164687	-0.429038	-7.495661
0.165293	-0.353708	-4.735884
0.165898	-0.405953	-1.934354
0.166504	-0.434505	0.604998
0.167109	-0.410205	3.278829
0.167715	-0.460627	5.901417
0.168320	-0.455160	8.592599
0.168926	-0.496470	11.214373
0.169531	-0.521985	13.840757
0.170137	-0.536564	16.522179
0.170742	-0.565724	19.079155
0.171348	-0.494040	21.700929
0.171953	-0.670821	24.411632
0.172559	-0.488572	26.833859
0.173164	-0.492217	29.420658
0.173770	-0.647736	32.146816
0.174375	-0.607034	34.535694
0.174980	-0.599744	37.111106
0.175586	-0.662316	39.545805
0.176191	-0.675681	42.067534
0.176797	-0.643484	44.524736
0.177402	-0.657456	46.956181
0.178008	-0.685401	49.352651
0.178613	-0.713953	51.698963
0.179219	-0.667783	54.049342
0.179824	-0.701196	56.488107
0.180430	-0.673858	58.671473
0.181035	-0.702411	60.883036
0.181641	-0.656241	63.407206
0.182246	-0.734608	65.461788
0.182852	-0.624651	67.619668
0.183457	-0.682971	69.785953
0.184062	-0.694513	71.872257
0.184668	-0.655634	73.909758
0.185273	-0.700588	75.906319
0.185879	-0.696943	77.919148
0.186484	-0.641661	79.826509
0.187090	-0.659886	81.673409
0.187695	-0.674466	83.627946
0.188301	-0.625866	85.377784
0.188906	-0.664746	87.002634
0.189512	-0.568762	89.008413
0.190117	-0.576659	90.521017
0.190723	-0.665961	91.968280
0.191328	-0.672643	93.771800
0.191934	-0.634979	95.206321
0.192539	-0.686616	96.674731
0.193145	-0.661708	98.134195
0.193750	-0.627081	99.530757
0.194355	-0.646521	100.837849
0.194961	-0.662316	102.121623
0.195566	-0.658064	103.363374
0.196172	-0.637409	104.549815
0.196777	-0.669606	105.474892
0.197383	-0.628904	106.762191
0.197988	-0.565117	107.762370
0.198594	-0.670821	108.444790
0.199199	-0.597921	109.504616
0.199805	-0.688438	110.377908
0.200410	-0.713953	111.056262
0.201016	-0.685401	111.799414
0.201621	-0.673858	112.470448
0.202227	-0.696336	113.059059
0.202832	-0.693906	113.601850
0.203437	-0.671428	114.105329
0.204043	-0.692083	114.513913
0.204648	-0.699981	114.753045
0.205254	-0.680541	115.126655
0.205859	-0.734608	115.453902
0.206465	-0.608856	115.462578
0.207070	-0.676896	115.677580
0.207676	-0.744935	115.783319
0.208281	-0.692691	115.717435
0.208887	-0.735215	115.700626
0.209492	-0.714561	115.561810
0.210098	-0.740075	115.386935
0.210703	-0.777133	115.110116
0.211309	-0.761338	114.792630
0.211914	-0.766805	114.447488
0.212520	-0.779563	113.982509
0.213125	-0.710308	113.503974
0.213730	-0.826947	113.050112
0.214336	-0.682971	112.258971
0.214941	-0.729140	111.713468
0.215547	-0.822087	111.128652
0.216152	-0.788068	110.235568
0.216758	-0.837275	109.435208
0.217363	-0.799610	108.557578
0.217969	-0.871294	107.602135
0.218574	-0.846387	106.577284
0.219180	-0.788675	105.564634
0.219785	-0.864004	104.446245
0.220391	-0.888912	103.251399
0.220996	-0.903492	102.077159
0.221602	-0.890734	100.835951
0.222207	-0.886482	99.357237
0.222812	-0.849425	98.068311
0.223418	-0.815405	96.850962
0.224023	-0.928399	95.120374
0.224629	-0.867649	93.693446
0.225234	-0.925969	92.122008
0.225840	-0.899847	90.545689
0.226445	-0.901669	88.846010
0.227051	-0.884052	87.163953
0.227656	-0.857322	85.400288
0.228262	-0.921717	83.552032
0.228867	-0.885267	81.712723
0.229473	-0.863397	79.931163
0.230078	-0.911997	77.845673
0.230684	-0.816620	75.944005
0.231289	-0.699981	74.182238
0.231895	-0.884659	71.852465
0.232500	-0.829377	69.829333
0.233105	-0.844565	67.796170
0.233711	-0.851247	65.665673
0.234316	-0.853070	63.488543
0.234922	-0.841527	61.245259
0.235527	-0.850640	58.939616
0.236133	-0.830592	56.698229
0.236738	-0.816620	54.352459
0.237344	-0.832415	52.043020
0.237949	-0.791713	49.643839
0.238555	-0.768020	47.158440
0.239160	-0.759515	44.957993
0.239766	-0.902277	42.217195
0.240371	-0.670821	39.839975
0.240977	-0.670821	37.578254
0.241582	-0.727925	35.030497
0.242187	-0.675073	32.475419
0.242793	-0.621006	29.917359
0.243398	-0.574229	27.409457
0.244004	-0.536564	24.812897
0.244609	-0.494040	22.275442
0.245215	-0.557827	19.671833
0.245820	-0.442403	17.044094
0.246426	-0.465487	14.365383
0.247031	-0.382868	11.862632
0.247637	-0.486142	9.097975
0.248242	-0.386513	6.415198
0.248848	-0.359783	4.100336
0.249453	-0.347026	1.343000
0.250059	-0.268051	-1.337880
0.250664	-0.196974	-3.897567
0.251270	-0.256509	-6.621013
0.251875	-0.158095	-9.228147
0.252480	-0.121645	-11.853175
0.253086	-0.117393	-14.484981
0.253691	-0.075475	-17.060393
0.254297	-0.066970	-19.780043
0.254902	-0.014726	-22.249446
0.255508	-0.008651	-24.902400
0.256113	0.203973	-27.543424
0.256719	0.220375	-29.786980
0.257324	0.083689	-32.549739
0.257930	0.185140	-35.149281
0.258535	0.228272	-37.563103
0.259141	0.233132	-40.047417
0.259746	0.219160	-42.582432
0.260352	0.254395	-45.020926
0.260957	0.299349	-47.439086
0.261562	0.331547	-49.837996
0.262168	0.340659	-52.251276
0.262773	0.377109	-54.536585
0.263379	0.375286	-56.931428
0.263984	0.515618	-59.338743
0.264590	0.559358	-61.353740
0.265195	0.495570	-63.675922
0.265801	0.545993	-65.975330
0.266406	0.547815	-68.062989
0.267012	0.575152	-70.198908
0.267617	0.626790	-72.312324
0.268223	0.627397	-74.386698
0.268828	0.583050	-76.395189
0.269434	0.681464	-78.352166
0.270039	0.683894	-80.307245
0.270645	0.666277	-82.231416
0.271250	0.666277	-84.010806
0.271855	0.673567	-86.013061
0.272461	0.626790	-87.666107
0.273066	0.564825	-89.382055
0.273672	0.715484	-91.258779
0.274277	0.648052	-92.732341
0.274883	0.669922	-94.286427
0.275488	0.673567	-95.866270
0.276094	0.726419	-97.368842
0.276699	0.722774	-98.782756
0.277305	0.670529	-100.203720
0.277910	0.654127	-101.530062
0.278516	0.659594	-102.761509
0.279121	0.718521	-103.968014
0.279727	0.706371	-105.266971
0.280332	0.692399	-106.351470
0.280938	0.692399	-107.232624
0.281543	0.688147	-108.502843
0.282148	0.674174	-109.318928
0.282754	0.587302	-110.121456
0.283359	0.585480	-111.016439
0.283965	0.596415	-111.807309
0.284570	0.585480	-112.497050
0.285176	0.625575	-113.191942
0.285781	0.617070	-113.766726
0.286387	0.589125	-114.276983
0.286992	0.575760	-114.790492
0.287598	0.517440	-115.298580
0.288203	0.509543	-115.600613
0.288809	0.547208	-115.878244
0.289414	0.502860	-116.351085
0.290020	0.391081	-116.415613
0.290625	0.479776	-116.355966
0.291230	0.454868	-116.567172
0.291836	0.521693	-116.482310
0.292441	0.454868	-116.435405
0.293047	0.399586	-116.337529
0.293652	0.392904	-116.145573
0.294258	0.386829	-115.854114
0.294863	0.395941	-115.536627
0.295469	0.391689	-115.215345
0.296074	0.353417	-114.802964
0.296680	0.376501	-114.188596
0.297285	0.268367	-113.902017
0.297891	0.289022	-113.103827
0.298496	0.393511	-112.284488
0.299102	0.258040	-111.776130
0.299707	0.304817	-110.894704
0.300312	0.284770	-110.004331
0.300918	0.321827	-109.128327
0.301523	0.220375	-108.213553
0.302129	0.240422	-107.104654
0.302734	0.192430	-106.071127
0.303340	0.180280	-104.942164
0.303945	0.253787	-103.754910
0.304551	0.187570	-102.423146
0.305156	0.134718	-101.303401
0.305762	0.184533	-99.839058
0.306367	0.008967	-98.424872
0.306973	0.121353	-97.129981
0.307578	0.188178	-95.483984
0.308184	0.201543	-93.811688
0.308789	0.120746	-92.274954
0.309395	0.142616	-90.599675
0.310000	0.188178	-88.880474
0.310605	0.087333	-87.181608
0.311211	0.163878	-85.368056
0.311816	0.161448	-83.550437
0.312422	0.139578	-81.642262
0.313027	0.094016	-79.864227
0.313633	0.196683	-77.817779
0.314238	0.049669	-75.768077
0.314844	0.160233	-73.834146
0.315449	0.186355	-71.630174
0.316055	0.135933	-69.379841
0.316660	0.107381	-67.303840
0.317266	0.081866	-65.139453
0.317871	0.114671	-62.915418
0.318477	0.161448	-60.632549
0.319082	0.154158	-58.342631
0.319688	0.154765	-55.995777
0.320293	0.176028	-53.609339
0.320898	0.150513	-51.308033
0.321504	0.185748	-48.938134
0.322109	0.091586	-46.357299
0.322715	0.160840	-44.083106
0.323320	0.114671	-41.577102
0.323926	0.128643	-38.901103
0.324531	0.121961	-36.478063
0.325137	0.146868	-33.967720
0.325742	0.139578	-31.375770
0.326348	0.100091	-28.842111
0.326953	0.129858	-26.259378
0.327559	0.058174	-23.684508
0.328164	0.146261	-21.041586
0.328770	0.024154	-18.473494
0.329375	0.160233	-15.837892
0.329980	0.106773	-13.058323
0.330586	0.181495	-10.514362
0.331191	0.214908	-7.898552
0.331797	0.033266	-5.088888
0.332402	0.114671	-2.488804
0.333008	0.091586	0.124024
0.333613	0.084296	2.843945
0.334219	0.031444	5.422611
0.334824	0.077614	8.069871
0.335430	0.059996	10.706828
0.336035	0.061819	13.362764
0.336641	0.064856	16.003518
0.337246	0.033266	18.587063
0.337852	-0.006221	21.213989
0.338457	-0.059680	23.816785
0.339062	-0.047531	26.282663
0.339668	0.078221	29.147907
0.340273	-0.082765	31.580979
0.340879	-0.106458	33.948981
0.341484	-0.146552	36.593801
0.342090	-0.150805	39.027957
0.342695	-0.178142	41.496004
0.343301	-0.180572	43.985741
0.343906	-0.273519	46.447281
0.344512	-0.254686	48.848902
0.345117	-0.244967	51.172168
0.345723	-0.291136	53.571892
0.346328	-0.333661	55.951281
0.346934	-0.342166	58.077168
0.347539	-0.287491	60.604320
0.348145	-0.467310	62.657547
0.348750	-0.473992	64.664953
0.349355	-0.418710	67.100194
0.349961	-0.512872	69.186768
0.350566	-0.497685	71.249213
0.351172	-0.576052	73.301897
0.351777	-0.582127	75.302796
0.352383	-0.621006	77.280378
0.352988	-0.658671	79.189366
0.353594	-0.701803	81.087509
0.354199	-0.690261	83.007613
0.354805	-0.716383	84.687230
0.355410	-0.712738	86.629837
0.356016	-0.812975	88.200191
0.356621	-0.761945	89.701950
0.357227	-0.797180	91.565660
0.357832	-0.848817	93.185629
0.358438	-0.905314	94.616896
0.359043	-0.859145	96.176946
0.359648	-0.917464	97.572696
0.360254	-0.913819	98.983357
0.360859	-0.995831	100.284212
0.361465	-0.977606	101.602420
0.362070	-0.990364	102.816516
0.362676	-1.041393	103.907792
0.363281	-1.028636	105.087726
0.363887	-1.102143	106.171140
0.364492	-1.137985	106.933000
0.365098	-1.118545	108.056269
0.365703	-1.127050	109.091151
0.366309	-1.189622	109.773301
0.366914	-1.131303	110.608093
0.367520	-1.160462	111.363446
0.368125	-1.154387	112.087349
0.368730	-1.187192	112.638003
0.369336	-1.107003	113.288973
0.369941	-1.126443	113.734701
0.370547	-1.153172	114.160367
0.371152	-1.196912	114.540484
0.371758	-1.162892	114.887252
0.372363	-1.203594	114.942290
0.372969	-1.062048	115.343012
0.373574	-1.165930	115.539849
0.374180	-1.167145	115.386935
0.374785	-1.171397	115.564250
0.375391	-1.177472	115.502705
0.375996	-1.146490	115.449022
0.376602	-1.161070	115.236732
0.377207	-1.139200	115.022543
0.377812	-1.151957	114.730542
0.378418	-1.161677	114.341749
0.379023	-1.096068	114.007182
0.379629	-1.102750	113.612153
0.380234	-1.066300	112.898011
0.380840	-1.153780	112.399684
0.381445	-1.057796	111.930639
0.382051	-1.031066	111.009629
0.382656	-1.021953	110.411799
0.383262	-1.026813	109.687625
0.383867	-0.929614	108.804030
0.384473	-0.906529	107.860246
0.385078	-1.004943	106.854103
0.385684	-0.957559	105.839012
0.386289	-0.921717	104.759123
0.386895	-0.921717	103.635312
0.387500	-0.879799	102.516381
0.388105	-0.834845	101.148286
0.388711	-0.776525	99.804051
0.389316	-0.823302	98.700032
0.389922	-0.924147	97.009570
0.390527	-0.712131	95.620870
0.391133	-0.743113	94.348754
0.391738	-0.750403	92.739900
0.392344	-0.699981	91.138910
0.392949	-0.678111	89.484508
0.393555	-0.664746	87.843662
0.394160	-0.621006	86.032279
0.394766	-0.563294	84.301962
0.395371	-0.591846	82.455333
0.395977	-0.542032	80.574813
0.396582	-0.482497	78.564695
0.397187	-0.487965	76.834107
0.397793	-0.462450	74.723674
0.398398	-0.501937	72.552779
0.399004	-0.452123	70.805653
0.399609	-0.396233	68.565079
0.400215	-0.343381	66.472540
0.400820	-0.399270	64.244439
0.401426	-0.296604	62.059446
0.402031	-0.331231	59.783897
0.402637	-0.293566	57.494793
0.403242	-0.241322	55.219244
0.403848	-0.231602	52.867781
0.404453	-0.237677	50.434709
0.405059	-0.224919	48.183291
0.405664	-0.193937	45.715786
0.406270	-0.259546	43.051717
0.406875	-0.218237	40.920406
0.407480	-0.084588	38.383223
0.408086	-0.150805	35.826789
0.408691	-0.061503	33.378264
0.409297	-0.073045	30.805563
0.409902	-0.046923	28.233675
0.410508	-0.090055	25.683206
0.411113	-0.074260	23.108608
0.411719	-0.007436	20.500932
0.412324	-0.043886	17.835506
0.412930	-0.031736	15.329502
0.413535	-0.081550	12.566472
0.414141	0.072146	9.893183
0.414746	0.007144	7.509728
0.415352	-0.071830	4.704131
0.415957	-0.011081	2.026233
0.416563	0.008967	-0.561108
0.417168	0.053314	-3.166886
0.417773	-0.004398	-5.887621
0.418379	0.004714	-8.544100
0.418984	0.025369	-11.158825
0.419590	0.008359	-13.833197
0.420195	0.019294	-16.414574
0.420801	0.002892	-18.971008
0.421406	0.042379	-21.687676
0.422012	0.049669	-24.359879
0.422617	0.070931	-26.729237
0.423223	0.104951	-29.400356
0.423828	0.020509	-32.112957
0.424434	0.050276	-34.428903
0.425039	0.002892	-37.011907
0.425645	0.041771	-39.552073
0.426250	-0.022623	-42.049401
0.426855	0.013219	-44.505790
0.427461	0.025976	-47.010438
0.428066	0.038126	-49.368680
0.428672	0.041771	-51.793346
0.429277	0.078221	-54.156468
0.429883	0.092193	-56.588998
0.430488	0.017472	-58.716512
0.431094	0.093408	-61.139281
0.431699	0.214908	-63.405611
0.432305	0.098876	-65.412746
0.432910	0.046631	-67.704833
0.433516	0.103128	-69.892537
0.434121	0.122568	-71.980739
0.434727	0.083689	-74.050775
0.435332	0.137756	-76.115930
0.435937	0.063034	-78.094055
0.436543	0.158410	-80.072180
0.437148	0.106773	-81.990928
0.437754	0.180280	-83.943296
0.438359	0.145653	-85.613423
0.438965	0.147476	-87.461680
0.439570	0.056351	-89.411065
0.440176	0.063641	-90.807357
0.440781	0.190000	-92.523033
0.441387	0.215515	-94.183671
0.441992	0.211263	-95.663468
0.442598	0.233132	-97.142453
0.443203	0.220983	-98.592698
0.443809	0.286592	-100.005257
0.444414	0.291452	-101.343528
0.445020	0.290844	-102.599377
0.445625	0.343089	-103.846821
0.446230	0.337622	-104.991238
0.446836	0.275050	-106.135383
0.447441	0.398979	-107.321824
0.448047	0.470056	-108.002076
0.448652	0.378324	-109.166827
0.449258	0.396549	-110.119016
0.449863	0.410521	-110.857560
0.450469	0.425708	-111.645448
0.451074	0.431783	-112.383449
0.451680	0.459121	-113.053397
0.452285	0.451223	-113.639569
0.452891	0.467626	-114.194832
0.453496	0.507720	-114.695057
0.454102	0.507113	-115.040198
0.454707	0.504683	-115.466948
0.455313	0.620107	-115.899934
0.455918	0.612210	-115.905899
0.456523	0.669922	-116.179464
0.457129	0.607957	-116.497493
0.457734	0.629827	-116.331836
0.458340	0.612210	-116.379553
0.458945	0.615855	-116.389314
0.459551	0.580620	-116.238840
0.460156	0.688754	-116.020585
0.460762	0.652912	-115.795009
0.461367	0.658987	-115.536898
0.461973	0.657164	-115.143497
0.462578	0.660809	-114.719187
0.463184	0.723989	-114.317380
0.463789	0.709409	-113.652040
0.464395	0.578797	-113.125517
0.465000	0.648659	-112.608211
0.465605	0.764691	-111.613726
0.466211	0.697866	-110.833701
0.466816	0.778056	-110.039035
0.467422	0.787168	-109.169538
0.468027	0.725204	-108.226296
0.468633	0.722774	-107.199818
0.469238	0.762868	-106.103933
0.469844	0.771373	-105.029466
0.470449	0.778056	-103.802628
0.471055	0.723381	-102.709453
0.471660	0.768943	-101.275204
0.472266	0.669314	-99.979771
0.472871	0.862498	-98.695997
0.473477	0.738569	-97.018820
0.474082	0.725811	-95.634187
0.474687	0.772588	-94.187466
0.475293	0.725204	-92.509205
0.475898	0.704549	-90.874595
0.476504	0.707586	-89.230767
0.477109	0.675997	-87.489876
0.477715	0.681464	-85.705877
0.478320	0.657772	-83.898018
0.478926	0.631042	-82.097209
0.479531	0.627397	-80.130743
0.480137	0.523515	-78.201420
0.480742	0.638332	-76.347742
0.481348	0.448793	-74.123978
0.481953	0.518655	-72.098678
0.482559	0.560572	-70.057381
0.483164	0.522908	-67.843107
0.483770	0.500430	-65.715863
0.484375	0.508328	-63.507554
0.484980	0.427531	-61.292195
0.485586	0.431783	-58.951306
0.486191	0.365566	-56.702328
0.486797	0.386221	-54.349780
0.487402	0.297527	-51.988556
0.488008	0.280517	-49.550875
0.488613	0.255002	-47.335788
0.489219	0.272012	-44.673616
0.489824	0.055744	-42.299107
0.490430	0.158410	-39.989126
0.491035	0.182103	-37.271373
0.491641	0.049669	-34.829896
0.492246	0.060604	-32.227372
0.492852	0.048454	-29.693442
0.493457	0.011397	-27.087392
0.494063	0.008967	-24.516861
0.494668	-0.031736	-21.922470
0.495273	-0.124682	-19.349498
0.495879	-0.091878	-16.656146
0.496484	-0.104635	-14.170476
0.497090	-0.138047	-11.424527
0.497695	-0.282024	-8.739309
0.498301	-0.344596	-6.360462
0.498906	-0.220059	-3.477053
0.499512	-0.312399	-0.756318
0.500117	-0.360391	1.811232
0.500723	-0.338521	4.464728
0.501328	-0.452123	7.084333
0.501934	-0.440580	9.731864
0.502539	-0.460020	12.372889
0.503145	-0.449085	15.030452
0.503750	-0.470955	17.695335
0.504355	-0.491002	20.220318
0.504961	-0.579089	22.839652
0.505566	-0.613716	25.535444
0.506172	-0.631941	27.850305
0.506777	-0.586379	30.576462
0.507383	-0.686008	33.161635
0.507988	-0.622221	35.635918
0.508594	-0.690261	38.120232
0.509199	-0.718206	40.620543
0.509805	-0.692083	43.088318
0.510410	-0.709093	45.506207
0.511016	-0.681756	47.960698
0.511621	-0.771665	50.294809
0.512227	-0.769235	52.693719
0.512832	-0.709701	55.045182
0.513437	-0.777133	57.439212
0.514043	-0.766805	59.541241
0.514648	-0.727318	61.888366
0.515254	-0.831807	64.252572
0.515859	-0.837882	66.278957
0.516465	-0.831807	68.450394
0.517070	-0.811760	70.641622
0.517676	-0.774095	72.690511
0.518281	-0.813582	74.707406
0.518887	-0.823910	76.718337
0.519492	-0.767413	78.654709
0.520098	-0.813582	80.610330
0.520703	-0.740075	82.443945
0.521309	-0.779563	84.426950
0.521914	-0.830592	85.993779
0.522520	-0.727925	87.760969
0.523125	-0.796572	89.623866
0.523730	-0.839705	91.022326
0.524336	-0.724888	92.692725
0.524941	-0.755263	94.374782
0.525547	-0.774703	95.870576
0.526152	-0.724281	97.309705
0.526758	-0.738253	98.749105
0.527363	-0.703626	100.099034
0.527969	-0.708486	101.427816
0.528574	-0.696943	102.626728
0.529180	-0.699373	103.896134
0.529785	-0.659886	104.964364
0.530391	-0.687831	105.928754
0.530996	-0.696943	107.159931
0.531602	-0.636194	107.979541
0.532207	-0.603389	108.892688
0.532813	-0.635586	109.904254
0.533418	-0.636194	110.733895
0.534023	-0.624651	111.375918
0.534629	-0.678718	112.093585
0.535234	-0.614324	112.751604
0.535840	-0.576659	113.320152
0.536445	-0.535349	113.816581
0.537051	-0.628904	114.252007
0.537656	-0.535957	114.636191
0.538262	-0.598529	114.901350
0.538867	-0.590024	115.331354
0.539473	-0.556612	115.369583
0.540078	-0.579089	115.495384
0.540684	-0.563294	115.809075
0.541289	-0.558434	115.757833
0.541895	-0.514087	115.736414
0.542500	-0.601566	115.620915
0.543105	-0.521985	115.521683
0.543711	-0.557219	115.233749
0.544316	-0.560864	114.965065
0.544922	-0.604604	114.658152
0.545527	-0.546892	114.276137
0.546133	-0.521985	113.769677
0.546738	-0.565724	113.395254
0.547344	-0.564509	112.676502
0.547949	-0.605211	111.971307
0.548555	-0.564509	111.594173
0.549160	-0.603996	110.745553
0.549766	-0.563294	109.936246
0.550371	-0.617969	109.084915
0.550977	-0.603389	108.185595
0.551582	-0.610679	107.192195
0.552187	-0.658064	106.156228
0.552793	-0.625866	105.121074
0.553398	-0.656849	103.966084
0.554004	-0.668998	102.776389
0.554609	-0.644699	101.589677
0.555215	-0.639839	100.200977
0.555820	-0.662316	98.768626
0.556426	-0.675681	97.630987
0.557031	-0.697551	96.001800
0.557637	-0.663531	94.506277
0.558242	-0.708486	93.014278
0.558848	-0.755870	91.400545
0.559453	-0.771058	89.798741
0.560059	-0.718813	88.109906
0.560664	-0.735215	86.425410
0.561270	-0.718813	84.609960
0.561875	-0.789283	82.717510
0.562480	-0.753440	80.941915
0.563086	-0.783815	78.961351
0.563691	-0.714561	76.940388
0.564297	-0.802647	75.129276
0.564902	-0.817227	73.010980
0.565508	-0.736430	70.882110
0.566113	-0.741290	68.954685
0.566719	-0.713346	66.829611
0.567324	-0.785030	64.554334
0.567930	-0.803862	62.374764
0.568535	-0.781385	60.135275
0.569141	-0.746150	57.846441
0.569746	-0.720636	55.566555
0.570352	-0.699981	53.264707
0.570957	-0.710916	50.905653
0.571562	-0.664746	48.402089
0.572168	-0.686616	46.171005
0.572773	-0.631334	43.618367
0.573379	-0.718813	41.048920
0.573984	-0.692083	38.817022
0.574590	-0.626474	36.267367
0.575195	-0.608856	33.769225
0.575801	-0.599136	31.228246
0.576406	-0.616754	28.692418
0.577012	-0.592454	26.146829
0.577617	-0.546284	23.567893
0.578223	-0.464880	21.022575
0.578828	-0.491002	18.428727
0.579434	-0.466095	15.729682
0.580039	-0.450300	13.189245
0.580645	-0.470955	10.569639
0.581250	-0.523200	7.675114
0.581855	-0.371326	5.386822
0.582461	-0.383476	2.743358
0.583066	-0.331231	0.025876
0.583672	-0.315436	-2.629789
0.584277	-0.288099	-5.238549
0.584883	-0.210947	-7.870355
0.585488	-0.252864	-10.520055
0.586094	-0.197582	-13.128545
0.586699	-0.222489	-15.745439
0.587305	-0.188469	-18.395410
0.587910	-0.119215	-20.962418
0.588516	-0.110103	-23.489570
0.589121	-0.064540	-26.275646
0.589727	0.055744	-28.650426
0.590332	-0.037811	-31.178662
0.590938	0.066071	-33.893703
0.591543	0.062426	-36.331113
0.592148	0.123783	-38.781808
0.592754	0.124998	-41.343393
0.593359	0.165700	-43.807644
0.593965	0.166915	-46.201402
0.594570	0.248320	-48.642879
0.595176	0.284770	-51.071342
0.595781	0.286592	-53.414129
0.596387	0.342482	-55.688051
0.596992	0.364351	-58.182397
0.597598	0.258647	-60.356544
0.598203	0.307247	-62.539368
0.598809	0.459728	-64.878360
0.599414	0.462158	-67.008856
0.600020	0.525338	-69.063709
0.600625	0.560572	-71.197731
0.601230	0.524730	-73.310062
0.601836	0.547815	-75.351088
0.602441	0.660809	-77.331382
0.603047	0.598237	-79.311675
0.603652	0.617677	-81.268924
0.604258	0.638332	-83.087356
0.604863	0.659594	-85.020474
0.605469	0.761654	-86.813692
0.606074	0.739784	-88.361542
0.606680	0.754971	-90.373828
0.607285	0.765906	-91.936861
0.607891	0.794458	-93.414490
0.608496	0.836983	-95.077839
0.609102	0.821796	-96.553028
0.609707	0.912312	-97.992699
0.610313	0.866750	-99.396854
0.610918	0.887405	-100.772540
0.611523	0.871003	-102.075293
0.612129	0.856423	-103.283966
0.612734	0.843665	-104.582111
0.613340	0.867358	-105.743337
0.613945	0.893480	-106.648351
0.614551	1.038064	-107.816898
0.615156	0.936005	-108.789964
0.615762	0.858853	-109.584359
0.616367	0.846095	-110.596196
0.616973	0.862498	-111.367274
0.617578	0.948762	-112.072469
0.618184	0.832123	-112.778477
0.618789	0.843058	-113.451951
0.619395	0.837590	-113.995826
0.620000	0.848525	-114.506896
0.620605	0.849133	-114.964554
0.621211	0.805393	-115.375850
0.621816	0.743429	-115.614982
0.622422	0.863713	-116.075081
0.623027	0.735531	-116.304181
0.623633	0.673567	-116.239111
0.624238	0.775626	-116.439472
0.624844	0.707586	-116.483936
0.625449	0.744036	-116.409377
0.626055	0.595200	-116.353525
0.626660	0.644407	-116.196816
0.627266	0.641369	-115.978289
0.627871	0.641369	-115.673274
0.628477	0.689969	-115.349009
0.629082	0.637724	-115.004952
0.629687	0.525338	-114.465143
0.630293	0.572722	-114.120273
0.630898	0.645014	-113.405588
0.631504	0.499215	-112.686024
0.632109	0.549030	-112.157331
0.632715	0.544170	-111.332028
0.633320	0.466411	-110.501031
0.633926	0.514403	-109.588697
0.634531	0.431176	-108.731943
0.635137	0.463981	-107.684589
0.635742	0.410521	-106.638048
0.636348	0.457298	-105.539723
0.636953	0.377109	-104.383648
0.637559	0.361921	-103.178770
0.638164	0.331547	-101.979044
0.638770	0.343697	-100.714519
0.639375	0.277480	-99.150672
0.639980	0.324257	-97.887232
0.640586	0.346127	-96.477113
0.641191	0.273835	-94.774180
0.641797	0.236170	-93.257238
0.642402	0.318789	-91.565150
0.643008	0.241030	-89.907494
0.643613	0.214300	-88.180702
0.644219	0.223412	-86.481564
0.644824	0.190608	-84.643340
0.645430	0.182103	-82.797524
0.646035	0.202758	-80.868201
0.646641	0.154158	-79.073086
0.647246	0.172383	-76.853931
0.647852	0.149298	-75.024654
0.648457	0.091586	-73.009114
0.649062	0.070931	-70.666327
0.649668	0.051491	-68.581650
0.650273	0.041164	-66.448171
0.650879	0.090978	-64.267516
0.651484	0.041164	-62.016098
0.652090	0.044201	-59.756546
0.652695	-0.030521	-57.451174
0.653301	0.022331	-55.072327
0.653906	0.058174	-52.701071
0.654512	-0.014118	-50.414136
0.655117	-0.048138	-47.894846
0.655723	-0.024446	-45.486447
0.656328	-0.085803	-43.204934
0.656934	-0.062110	-40.417502
0.657539	-0.044493	-37.927223
0.658145	-0.029306	-35.506352
0.658750	-0.005613	-32.910063
0.659355	-0.073653	-30.330042
0.659961	0.004714	-27.744870
0.660566	-0.071223	-25.148852
0.661172	-0.000753	-22.541176
0.661777	-0.040848	-19.906116
0.662383	-0.091878	-17.345345
0.662988	-0.023838	-14.606987
0.663594	-0.065755	-12.036184
0.664199	0.002284	-9.513641
0.664805	-0.059680	-6.617217
0.665410	-0.054820	-4.103351
0.666016	-0.034773	-1.470460
0.666621	-0.023838	1.261120
0.667227	0.001069	3.931697
0.667832	-0.090055	6.548320
0.668438	-0.023231	9.215372
0.669043	-0.075475	11.836062
0.669648	-0.025661	14.515857
0.670254	-0.081550	17.134378
0.670859	0.002284	19.793839
0.671465	-0.000753	22.437032
0.672070	-0.024446	24.877695
0.672676	-0.001361	27.670549
0.673281	0.108596	30.253824
0.673887	-0.039633	32.519612
0.674492	-0.022016	35.196425
0.675098	-0.011081	37.736862
0.675703	0.007144	40.194335
0.676309	-0.040848	42.651266
0.676914	-0.026268	45.143171
0.677520	-0.016548	47.543979
0.678125	-0.106458	49.917946
0.678730	-0.021408	52.298420
0.679336	-0.076083	54.672386
0.679941	-0.115570	56.850872
0.680547	-0.068793	59.290722
0.681152	-0.122860	61.503640
0.681758	-0.081550	63.575574
0.682363	-0.100383	65.996988
0.682969	-0.142907	68.148090
0.683574	-0.218844	70.224362
0.684180	-0.180572	72.282468
0.684785	-0.188469	74.321867
0.685391	-0.249827	76.304601
0.685996	-0.276556	78.265916
0.686602	-0.266229	80.210964
0.687207	-0.325156	82.051899
0.687813	-0.402915	83.790350
0.688418	-0.353708	85.679004
0.689023	-0.451515	87.448362
0.689629	-0.257724	88.974523
0.690234	-0.342773	90.845824
0.690840	-0.529274	92.396386
0.691445	-0.505582	93.831719
0.692051	-0.582734	95.392583
0.692656	-0.599744	96.872923
0.693262	-0.605211	98.296056
0.693867	-0.632549	99.644901
0.694473	-0.654419	100.989407
0.695078	-0.676288	102.242274
0.695684	-0.740683	103.399162
0.696289	-0.730355	104.527854
0.696895	-0.841527	105.663323
0.697500	-0.722458	106.552341
0.698105	-0.842135	107.589663
0.698711	-0.937511	108.597976
0.699316	-0.873117	109.343568
0.699922	-0.904099	110.184054
0.700527	-0.891342	111.010171
0.701133	-1.004943	111.634300
0.701738	-1.000083	112.299910
0.702344	-0.995224	112.913465
0.702949	-1.000691	113.415588
0.703555	-1.016486	113.847218
0.704160	-0.997046	114.260954
0.704766	-1.071160	114.665201
0.705371	-1.063871	114.781242
0.705977	-1.052328	115.054807
0.706582	-1.040786	115.403473
0.707187	-1.046861	115.284178
0.707793	-1.082095	115.381241
0.708398	-1.036533	115.475321
0.709004	-1.144060	115.364160
0.709609	-1.156210	115.223989
0.710215	-1.137377	115.067550
0.710820	-1.093030	114.813235
0.711426	-1.144060	114.491681
0.712031	-1.091208	114.132170
0.712637	-1.131910	113.724670
0.713242	-1.091815	113.128738
0.713848	-1.099105	112.590556
0.714453	-1.226072	112.119613
0.715059	-1.106395	111.255539
0.715664	-1.074198	110.661505
0.716270	-1.037141	110.053372
0.716875	-1.117938	109.113112
0.717480	-1.027421	108.252563
0.718086	-1.018308	107.312032
0.718691	-0.986111	106.298839
0.719297	-1.040786	105.203767
0.719902	-1.035926	104.149364
0.720508	-0.956344	103.029348
0.721113	-0.947231	101.748014
0.721719	-0.944801	100.442549
0.722324	-0.943586	99.256379
0.722930	-0.841527	97.743775
0.723535	-0.849425	96.298139
0.724141	-0.896809	95.025752
0.724746	-0.780170	93.441300
0.725352	-0.828162	91.815908
0.725957	-0.855500	90.198108
0.726562	-0.720028	88.676286
0.727168	-0.778955	86.846195
0.727773	-0.722458	85.165765
0.728379	-0.634371	83.343537
0.728984	-0.599744	81.463559
0.729590	-0.576659	79.543726
0.730195	-0.600959	77.762980
0.730801	-0.535349	75.664476
0.731406	-0.407168	73.680658
0.732012	-0.469740	71.896116
0.732617	-0.494647	69.662863
0.733223	-0.470347	67.517725
0.733828	-0.431468	65.400243
0.734434	-0.424785	63.207658
0.735039	-0.312399	60.996095
0.735645	-0.378008	58.700484
0.736250	-0.261976	56.465604
0.736855	-0.254686	54.148031
0.737461	-0.295996	51.726889
0.738066	-0.295389	49.386813
0.738672	-0.217629	47.024776
0.739277	-0.200619	44.389174
0.739883	-0.111318	42.244850
0.740488	-0.135010	39.720680
0.741094	-0.114963	37.115444
0.741699	-0.061503	34.684542
0.742305	-0.069400	32.196974
0.742910	-0.014726	29.622104
0.743516	0.026584	27.061875
0.744121	0.097661	24.540145
0.744727	0.061819	21.944670
0.745332	0.087941	19.357871
0.745938	0.131681	16.768089
0.746543	0.193038	14.126793
0.747148	0.165700	11.301676
0.747754	0.241030	8.968649
0.748359	0.215515	6.222157
0.748965	0.235562	3.454246
0.749570	0.280517	0.990809
0.750176	0.237385	-1.676244
0.750781	0.265937	-4.363088
0.751387	0.268367	-6.999774
0.751992	0.297527	-9.639714
0.752598	0.365566	-12.327372
0.753203	0.375286	-14.916340
0.753809	0.308462	-17.562516
0.754414	0.350379	-20.154195
0.755020	0.350379	-22.922377
0.755625	0.390474	-25.318576
0.756230	0.358884	-27.986984
0.756836	0.385006	-30.682775
0.757441	0.431783	-33.025020
0.758047	0.422671	-35.566000
0.758652	0.358276	-38.149545
0.759258	0.406269	-40.662328
0.759863	0.366174	-43.119530
0.760469	0.429353	-45.583781
0.761074	0.427531	-48.032849
0.761680	0.412951	-50.426879
0.762285	0.386829	-52.796778
0.762891	0.380754	-55.276212
0.763496	0.360099	-57.512177
0.764102	0.372249	-59.754377
0.764707	0.505898	-62.158980
0.765312	0.374071	-64.289477
0.765918	0.364959	-66.369545
0.766523	0.411129	-68.655938
0.767129	0.351594	-70.811649
0.767734	0.345519	-72.873552
0.768340	0.394726	-74.989950
0.768945	0.336407	-77.030976
0.769551	0.417204	-78.999340
0.770156	0.338837	-80.914293
0.770762	0.353417	-82.854460
0.771367	0.360099	-84.704343
0.771973	0.313322	-86.406192
0.772578	0.345519	-88.409802
0.773184	0.171168	-90.042514
0.773789	0.307854	-91.557829
0.774395	0.321219	-93.344811
0.775000	0.292667	-94.911640
0.775605	0.305424	-96.388184
0.776211	0.313322	-97.905669
0.776816	0.357061	-99.353203
0.777422	0.392296	-100.636706
0.778027	0.345519	-102.004258
0.778633	0.310892	-103.304572
0.779238	0.350379	-104.510263
0.779844	0.367389	-105.550296
0.780449	0.395334	-106.770086
0.781055	0.413559	-107.822049
0.781660	0.275657	-108.664704
0.782266	0.402624	-109.709889
0.782871	0.403231	-110.565558
0.783477	0.428138	-111.361038
0.784082	0.372856	-112.118831
0.784687	0.407484	-112.824026
0.785293	0.382576	-113.461711
0.785898	0.431176	-113.992302
0.786504	0.390474	-114.560850
0.787109	0.434213	-115.052128
0.787715	0.442718	-115.373681
0.788320	0.466411	-115.770879
0.788926	0.482813	-116.171872
0.789531	0.539918	-116.103278
0.790137	0.547208	-116.438387
0.790742	0.517440	-116.599707
0.791348	0.494355	-116.532197
0.791953	0.479776	-116.546024
0.792559	0.518048	-116.421578
0.793164	0.503468	-116.283033
0.793770	0.521085	-116.040648
0.794375	0.512580	-115.800160
0.794980	0.537488	-115.454205
0.795586	0.611602	-114.995463
0.796191	0.609172	-114.584980
0.796797	0.621930	-114.162026
0.797402	0.588517	-113.445715
0.798008	0.730064	-112.812910
0.798613	0.686324	-112.287742
0.799219	0.618892	-111.295155
0.799824	0.674782	-110.556883
0.800430	0.648659	-109.761403
0.801035	0.614640	-108.855847
0.801641	0.693007	-107.793039
0.802246	0.673567	-106.784998
0.802852	0.710624	-105.693721
0.803457	0.686932	-104.511347
0.804063	0.742214	-103.326533
0.804668	0.704549	-102.164764
0.805273	0.784738	-100.671681
0.805879	0.742214	-99.372452
0.806484	0.914742	-98.046111
0.807090	0.791421	-96.378966
0.807695	0.743429	-94.999213
0.808301	0.782916	-93.412050
0.808906	0.784738	-91.774458
0.809512	0.726419	-90.139577
0.810117	0.827871	-88.424443
0.810723	0.769551	-86.713105
0.811328	0.771373	-84.894672
0.811934	0.779878	-83.059972
0.812539	0.760439	-81.175114
0.813145	0.739784	-79.200785
0.813750	0.727026	-77.281224
0.814355	0.669314	-75.472552
0.814961	0.688754	-73.168806
0.815566	0.764691	-71.003063
0.816172	0.706979	-69.054762
0.816777	0.740999	-66.814731
0.817383	0.749504	-64.612387
0.817988	0.641369	-62.470231
0.818594	0.706979	-60.194954
0.819199	0.641977	-57.844846
0.819805	0.649267	-55.526732
0.820410	0.668099	-53.165508
0.821016	0.663847	-50.772291
0.821621	0.576367	-48.365519
0.822227	0.657164	-46.075872
0.822832	0.434213	-43.492326
0.823438	0.443933	-41.077420
0.824043	0.544170	-38.689354
0.824648	0.448186	-36.004950
0.825254	0.521693	-33.450415
0.825859	0.354024	-30.988604
0.826465	0.400801	-28.374692
0.827070	0.320004	-25.826392
0.827676	0.298134	-23.243117
0.828281	0.233132	-20.649811
0.828887	0.206403	-18.049184
0.829492	0.210048	-15.400026
0.830098	0.158410	-12.916796
0.830703	0.188178	-10.098186
0.831309	0.207010	-7.402123
0.831914	0.080651	-5.027072
0.832520	0.075184	-2.135800
0.833125	0.010182	0.511461
0.833730	-0.065755	3.067894
0.834336	-0.060895	5.721661
0.834941	-0.123467	8.345876
0.835547	-0.106458	11.003167
0.836152	-0.089448	13.660188
0.836758	-0.211554	16.293350
0.837363	-0.200619	18.923529
0.837969	-0.242537	21.415164
0.838574	-0.297819	24.043174
0.839180	-0.331838	26.684741
0.839785	-0.439365	28.981166
0.840391	-0.443618	31.765072
0.840996	-0.430253	34.309848
0.841602	-0.519555	36.762983
0.842207	-0.607641	39.181956
0.842812	-0.579089	41.705583
0.843418	-0.569977	44.205352
0.844023	-0.594884	46.629747
0.844629	-0.626474	49.028115
0.845234	-0.661101	51.383645
0.845840	-0.655026	53.746767
0.846445	-0.699373	56.078438
0.847051	-0.731570	58.448338
0.847656	-0.784423	60.449779
0.848262	-0.858537	62.858450
0.848867	-0.739468	65.155417
0.849473	-0.819657	67.189393
0.850078	-0.791105	69.355679
0.850684	-0.778348	71.531453
0.851289	-0.876762	73.494395
0.851895	-0.843957	75.527558
0.852500	-0.822695	77.529542
0.853105	-0.855500	79.456424
0.853711	-0.823302	81.351585
0.854316	-0.831807	83.228038
0.854922	-0.827555	85.126994
0.855527	-0.840920	86.678640
0.856133	-0.825732	88.527709
0.856738	-0.832415	90.321198
0.857344	-0.808722	91.676550
0.857949	-0.900454	93.331765
0.858555	-0.818442	94.948481
0.859160	-0.818442	96.390593
0.859766	-0.820872	97.846803
0.860371	-0.809937	99.252041
0.860977	-0.822087	100.542052
0.861582	-0.771058	101.857006
0.862187	-0.788675	103.093334
0.862793	-0.857322	104.264321
0.863398	-0.782600	105.267482
0.864004	-0.740683	106.352793
0.864609	-0.857322	107.461422
0.865215	-0.704233	108.232771
0.865820	-0.702411	109.239727
0.866426	-0.744328	110.196255
0.867031	-0.688438	110.937238
0.867637	-0.589417	111.700183
0.868242	-0.642269	112.341664
0.868848	-0.594884	112.973926
0.869453	-0.583342	113.537323
0.870059	-0.589417	114.009893
0.870664	-0.569977	114.428780
0.871270	-0.586987	114.731355
0.871875	-0.501937	115.026881
0.872480	-0.614931	115.365516
0.873086	-0.630119	115.312104
0.873691	-0.429645	115.569672
0.874297	-0.558434	115.792537
0.874902	-0.533527	115.703066
0.875508	-0.489180	115.635827
0.876113	-0.495862	115.588380
0.876719	-0.526844	115.380699
0.877324	-0.448478	115.169222
0.877930	-0.398055	114.888608
0.878535	-0.423570	114.555124
0.879141	-0.459412	114.086350
0.879746	-0.419925	113.533527
0.880352	-0.472170	113.162900
0.880957	-0.347633	112.462314
0.881563	-0.271089	111.824358
0.882168	-0.408990	111.312475
0.882773	-0.401093	110.460059
0.883379	-0.351278	109.580531
0.883984	-0.342166	108.789390
0.884590	-0.355531	107.820662
0.885195	-0.351278	106.773036
0.885801	-0.407775	105.757946
0.886406	-0.346418	104.639286
0.887012	-0.359783	103.528489
0.887617	-0.334876	102.248510
0.888223	-0.381046	101.058815
0.888828	-0.402308	99.720273
0.889434	-0.306931	98.190317
0.890039	-0.263191	97.081960
0.890645	-0.387121	95.525434
0.891250	-0.339736	93.896789
0.891855	-0.350063	92.355988
0.892461	-0.326978	90.831726
0.893066	-0.435720	89.094089
0.893672	-0.383476	87.431011
0.894277	-0.317866	85.699067
0.894883	-0.399878	83.843219
0.895488	-0.419925	81.985745
0.896094	-0.465487	80.109021
0.896699	-0.450300	78.208167
0.897305	-0.422963	76.031850
0.897910	-0.278986	74.356571
0.898516	-0.440580	72.208722
0.899121	-0.388335	70.022103
0.899727	-0.421748	68.042351
0.900332	-0.361606	65.856816
0.900937	-0.426000	63.718999
0.901543	-0.430253	61.446433
0.902148	-0.380438	59.201793
0.902754	-0.429645	56.886660
0.903359	-0.459412	54.529504
0.903965	-0.432075	52.199459
0.904570	-0.474600	49.914150
0.905176	-0.435113	47.341178
0.905781	-0.414458	45.037433
0.906387	-0.505582	42.611139
0.906992	-0.404738	39.977978
0.907598	-0.422355	37.658778
0.908203	-0.432683	35.202932
0.908809	-0.376793	32.681202
0.909414	-0.417495	30.101181
0.910020	-0.407168	27.533903
0.910625	-0.321511	25.001870
0.911230	-0.463057	22.369251
0.911836	-0.391373	19.817698
0.912441	-0.356746	17.193754
0.913047	-0.385298	14.527516
0.913652	-0.353101	11.853956
0.914258	-0.284454	9.435796
0.914863	-0.227349	6.608510
0.915469	-0.292351	3.965858
0.916074	-0.280201	1.515435
0.916680	-0.259546	-1.167614
0.917285	-0.255294	-3.889162
0.917891	-0.265621	-6.518799
0.918496	-0.175105	-9.139489
0.919102	-0.218237	-11.806541
0.919707	-0.164777	-14.420724
0.920312	-0.135010	-17.016471
0.920918	-0.084588	-19.640685
0.921523	-0.090663	-22.307738
0.922129	-0.026268	-24.713968
0.922734	-0.081550	-27.538544
0.923340	-0.134402	-30.121547
0.923945	-0.034166	-32.339075
0.924551	0.061819	-35.040560
0.925156	0.026584	-37.544124
0.925762	0.107988	-40.014882
0.926367	0.068501	-42.499468
0.926973	0.149298	-44.955043
0.927578	0.165093	-47.430139
0.928184	0.145046	-49.845859
0.928789	0.220375	-52.229044
0.929395	0.278695	-54.600841
0.930000	0.319397	-56.781225
0.930605	0.309069	-59.217550
0.931211	0.371641	-61.535936
0.931816	0.403231	-63.492371
0.932422	0.432391	-65.834887
0.933027	0.475523	-68.041841
0.933633	0.500430	-70.120282
0.934238	0.511973	-72.242916
0.934844	0.519263	-74.305632
0.935449	0.603705	-76.333643
0.936055	0.572115	-78.308786
0.936660	0.591555	-80.222654
0.937266	0.663847	-82.159297
0.937871	0.667492	-83.956581
0.938477	0.696044	-85.761457
0.939082	0.753149	-87.715994
0.939688	0.852170	-89.196334
0.940293	0.855208	-90.870257
0.940898	0.816936	-92.746710
0.941504	0.819366	-94.200480
0.942109	0.819366	-95.714711
0.942715	0.849740	-97.217012
0.943320	0.900162	-98.643127
0.943926	0.929930	-100.025320
0.944531	0.891658	-101.369285
0.945137	0.938435	-102.672038
0.945742	0.949977	-103.892912
0.946348	0.939650	-105.013741
0.946953	0.961520	-106.324899
0.947559	0.999792	-107.204970
0.948164	1.027737	-108.097241
0.948770	0.948155	-109.329502
0.949375	0.998577	-110.100038
0.949980	0.953015	-110.858373
0.950586	1.064794	-111.678254
0.951191	1.031382	-112.433064
0.951797	1.101243	-113.034148
0.952402	0.993717	-113.671290
0.953008	0.978529	-114.224384
0.953613	1.043531	-114.642730
0.954219	1.008297	-115.044536
0.954824	1.027737	-115.553166
0.955430	1.024699	-115.834864
0.956035	1.007082	-115.927047
0.956641	1.151058	-116.304723
0.957246	1.049606	-116.333191
0.957852	0.989464	-116.290082
0.958457	1.028344	-116.398803
0.959063	0.935397	-116.324515
0.959668	0.985819	-116.185157
0.960273	0.949977	-115.972324
0.960879	0.903807	-115.822121
0.961484	0.965165	-115.436853
0.962090	0.886798	-115.075715
0.962695	0.901377	-114.720542
0.963301	0.936005	-114.259631
0.963906	0.871003	-113.572601
0.964512	0.789598	-113.180284
0.965117	0.864928	-112.430353
0.965723	0.789598	-111.499040
0.966328	0.771981	-110.885485
0.966934	0.771373	-110.051777
0.967539	0.773196	-109.128327
0.968145	0.821796	-108.164208
0.968750	0.764083	-107.173248
0.969355	0.762261	-106.060553
0.969961	0.773196	-104.929150
0.970566	0.684502	-103.793409
0.971172	0.689362	-102.615915
0.971777	0.666277	-101.206881
0.972383	0.673567	-100.010137
0.972988	0.579405	-98.701961
0.973594	0.558143	-96.985472
0.974199	0.597022	-95.661571
0.974805	0.513795	-94.125921
0.975410	0.499823	-92.442780
0.976016	0.469448	-90.776177
0.976621	0.472486	-89.135331
0.977227	0.484636	-87.357025
0.977832	0.433606	-85.594987
0.978437	0.422671	-83.779808
0.979043	0.364351	-81.946464
0.979648	0.336407	-79.984335
0.980254	0.283555	-78.109509
0.980859	0.453653	-76.176662
0.981465	0.295704	-73.870206
0.982070	0.211263	-72.013002
0.982676	0.259255	-69.844548
0.983281	0.216730	-67.632985
0.983887	0.171168	-65.471580
0.984492	0.109811	-63.281978
0.985098	0.171775	-61.005074
0.985703	0.118316	-58.746878
0.986309	0.097053	-56.427678
0.986914	0.025369	-54.096007
0.987520	0.056959	-51.681372
0.988125	0.066071	-49.262399
0.988730	0.066071	-46.997153
0.989336	0.029621	-44.288076
0.989941	0.142616	-41.860156
0.990547	0.073969	-39.529841
0.991152	0.005322	-36.846250
0.991758	-0.073045	-34.364918
0.992363	0.005322	-31.766189
0.992969	0.035696	-29.266963
0.993574	-0.046923	-26.625938
0.994180	-0.052390	-24.082790
0.994785	-0.034773	-21.430650
0.995391	-0.053605	-18.822974
0.995996	-0.085195	-16.176798
0.996602	-0.087018	-13.641241
0.997207	-0.051783	-10.863841
0.997812	-0.042671	-8.237458
0.998418	-0.119215	-5.779985
0.999023	-0.048746	-2.818491
0.999629	-0.073653	-0.169062
1.000234	-0.089448	2.384118
1.000840	-0.118607	5.036258
1.001445	-0.068793	7.734761
1.002051	-0.102813	10.321289
1.002656	-0.075475	12.993764
1.003262	-0.107673	15.637771
1.003867	-0.075475	18.305094
1.004473	-0.068793	20.794831
1.005078	-0.085195	23.529935
1.005684	-0.104028	26.144660
1.006289	-0.014726	28.516187
1.006895	0.112848	31.377635
1.007500	-0.102813	33.847038
1.008105	-0.006828	36.282008
1.008711	-0.021408	38.815938
1.009316	-0.011688	41.296456
1.009922	-0.042671	43.770468
1.010527	-0.021408	46.222789
1.011133	-0.046923	48.615192
1.011738	-0.013511	51.065345
1.012344	-0.028091	53.362855
1.012949	0.011397	55.766916
1.013555	-0.064540	58.108890
1.014160	0.022331	60.189771
1.014766	-0.011688	62.551537
1.015371	-0.078513	64.835490
1.015977	-0.045708	66.929385
1.016582	-0.108888	69.057713
1.017187	-0.037203	71.248941
1.017793	-0.052390	73.269904
1.018398	-0.122860	75.242064
1.019004	-0.071830	77.277125
1.019609	-0.124075	79.199127
1.020215	-0.080335	81.106217
1.020820	-0.060288	82.975350
1.021426	-0.144122	84.865630
1.022031	-0.153842	86.428663
1.022637	-0.121037	88.212120
1.023242	-0.353708	89.973074
1.023848	-0.218237	91.437147
1.024453	-0.150805	93.082331
1.025059	-0.198797	94.713687
1.025664	-0.226742	96.202161
1.026270	-0.282631	97.616889
1.026875	-0.265621	99.022399
1.027480	-0.280809	100.342233
1.028086	-0.281416	101.664507
1.028691	-0.308146	102.823023
1.029297	-0.385906	104.026002
1.029902	-0.367073	105.082575
1.030508	-0.412028	106.109595
1.031113	-0.446655	107.314743
1.031719	-0.384083	108.060336
1.032324	-0.494040	108.965621
1.032930	-0.506797	109.935162
1.033535	-0.500722	110.675332
1.034141	-0.616146	111.359922
1.034746	-0.627081	112.034208
1.035352	-0.573622	112.684094
1.035957	-0.577874	113.236103
1.036563	-0.651989	113.706233
1.037168	-0.687223	114.172568
1.037773	-0.689653	114.503068
1.038379	-0.709701	114.694211
1.038984	-0.756478	115.168679
1.039590	-0.872509	115.149158
1.040195	-0.885874	115.209348
1.040801	-0.820265	115.561539
1.041406	-0.862789	115.527377
1.042012	-0.805685	115.475050
1.042617	-0.869472	115.355484
1.043223	-0.944801	115.175457
1.043828	-0.931436	114.971029
1.044434	-0.955129	114.656796
1.045039	-0.883444	114.376724
1.045645	-0.941764	113.919337
1.046250	-0.975176	113.370852
1.046855	-0.947839	113.043605
1.047461	-1.043216	112.328107
1.048066	-0.959989	111.663581
1.048672	-0.955736	111.250387
1.049277	-1.086348	110.360014
1.049883	-1.050506	109.498380
1.050488	-1.069338	108.695038
1.051094	-1.035318	107.786771
1.051699	-1.013448	106.736706
1.052305	-1.062048	105.760386
1.052910	-1.047468	104.681581
1.053516	-0.978821	103.581358
1.054121	-1.026206	102.277520
1.054727	-0.972139	101.149371
1.055332	-1.014663	99.830350
1.055937	-0.924754	98.350281
1.056543	-1.078450	97.117478
1.057148	-0.994616	95.672655
1.057754	-0.907137	94.115315
1.058359	-0.861575	92.614370
1.058965	-0.846995	91.067062
1.059570	-0.845780	89.406424
1.060176	-0.785030	87.779134
1.060781	-0.757693	86.017638
1.061387	-0.700588	84.285695
1.061992	-0.681756	82.437710
1.062598	-0.683578	80.603552
1.063203	-0.644091	78.733877
1.063809	-0.593061	76.562169
1.064414	-0.541424	74.856254
1.065020	-0.582127	72.752327
1.065625	-0.485535	70.622644
1.066230	-0.429038	68.718265
1.066836	-0.435720	66.540864
1.067441	-0.376186	64.356413
1.068047	-0.408383	62.110688
1.068652	-0.274734	59.972600
1.069258	-0.282024	57.620866
1.069863	-0.237069	55.370261
1.070469	-0.136225	53.024220
1.071074	-0.190292	50.645373
1.071680	-0.107673	48.218266
1.072285	-0.059680	45.977422
1.072891	-0.091270	43.464097
1.073496	-0.002576	40.850185
1.074102	0.047239	38.648654
1.074707	0.078829	36.148343
1.075312	0.087333	33.533889
1.075918	0.166915	31.080212
1.076523	0.129251	28.496937
1.077129	0.215515	25.955144
1.077734	0.290844	23.418774
1.078340	0.233132	20.802151
1.078945	0.279910	18.223485
1.079551	0.351594	15.500582
1.080156	0.366781	13.046904
1.080762	0.380754	10.284687
1.081367	0.377716	7.507830
1.081973	0.429353	5.190257
1.082578	0.494355	2.451357
1.083184	0.570900	-0.231692
1.083789	0.497393	-2.872445
1.084395	0.520478	-5.513198
1.085000	0.496178	-8.195162
1.085605	0.533235	-10.813954
1.086211	0.562395	-13.446032
1.086816	0.558143	-16.078651
1.087422	0.567255	-18.705306
1.088027	0.598845	-21.267975
1.088633	0.581227	-23.882158
1.089238	0.686324	-26.629734
1.089844	0.482206	-29.054672
1.090449	0.583050	-31.643641
1.091055	0.636509	-34.287376
1.091660	0.665669	-36.724244
1.092266	0.561180	-39.258987
1.092871	0.625575	-41.733270
1.093477	0.610995	-44.247679
1.094082	0.630434	-46.651469
1.094688	0.662024	-49.116263
1.095293	0.663239	-51.529000
1.095898	0.626182	-53.850911
1.096504	0.646837	-56.164688
1.097109	0.645014	-58.638157
1.097715	0.585480	-60.782210
1.098320	0.636509	-62.992688
1.098926	0.649874	-65.453415
1.099531	0.621322	-67.407952
1.100137	0.592770	-69.597825
1.100742	0.566040	-71.778209
1.101348	0.522908	-73.866410
1.101953	0.549638	-75.908249
1.102559	0.558750	-77.903726
1.103164	0.536273	-79.894593
1.103770	0.518655	-81.814697
1.104375	0.498608	-83.654006
1.104980	0.508935	-85.603934
1.105586	0.535058	-87.313917
1.106191	0.341874	-89.045318
1.106797	0.361314	-91.022629
1.107402	0.524123	-92.425428
1.108008	0.480991	-93.936676
1.108613	0.494355	-95.594061
1.109219	0.518048	-97.083619
1.109824	0.470663	-98.523019
1.110430	0.470056	-99.938289
1.111035	0.508328	-101.285507
1.111641	0.522908	-102.572807
1.112246	0.436643	-103.809677
1.112852	0.456083	-105.044920
1.113457	0.491925	-106.203707
1.114062	0.511365	-107.104111
1.114668	0.388651	-108.464343
1.115273	0.419026	-109.253316
1.115879	0.461551	-109.994570
1.116484	0.483421	-110.944048
1.117090	0.462158	-111.731123
1.117695	0.436643	-112.480782
1.118301	0.463373	-113.118738
1.118906	0.451831	-113.772149
1.119512	0.555105	-114.247159
1.120117	0.499823	-114.751993
1.120723	0.528983	-115.223478
1.121328	0.547208	-115.618507
1.121934	0.587910	-115.829171
1.122539	0.622537	-116.322888
1.123145	0.652304	-116.304452
1.123750	0.606742	-116.311772
1.124355	0.598237	-116.586150
1.124961	0.640154	-116.651491
1.125566	0.653519	-116.441912
1.126172	0.672959	-116.339969
1.126777	0.669922	-116.167805
1.127383	0.650482	-115.948737
1.127988	0.694222	-115.655651
1.128594	0.674782	-115.331115
1.129199	0.710016	-114.856105
1.129805	0.741606	-114.371334
1.130410	0.778056	-113.978746
1.131016	0.746466	-113.281413
1.131621	0.834553	-112.401885
1.132227	0.814506	-111.951276
1.132832	0.841843	-111.077171
1.133438	0.844880	-110.153449
1.134043	0.895303	-109.251418
1.134648	0.884368	-108.317394
1.135254	0.905630	-107.331585
1.135859	0.895303	-106.262270
1.136465	0.924462	-105.141170
1.137070	0.869180	-103.999193
1.137676	0.909275	-102.752020
1.138281	0.926892	-101.525724
1.138887	0.941472	-100.198027
1.139492	0.926285	-98.657226
1.140098	0.970632	-97.403275
1.140703	0.914135	-95.931611
1.141309	0.906237	-94.235184
1.141914	0.969417	-92.701162
1.142520	0.842450	-91.092037
1.143125	0.915350	-89.417301
1.143730	0.954837	-87.625710
1.144336	0.956660	-85.892411
1.144941	0.952407	-84.060964
1.145547	0.917780	-82.118899
1.146152	0.917172	-80.361470
1.146758	0.920817	-78.379278
1.147363	0.889835	-76.249052
1.147969	1.055074	-74.324339
1.148574	0.931145	-72.244814
1.149180	0.892265	-70.021864
1.149785	0.853385	-67.911701
1.150391	0.900770	-65.790152
1.150996	0.840020	-63.584553
1.151602	0.782916	-61.368923
1.152207	0.782308	-59.122657
1.152813	0.765906	-56.774447
1.153418	0.838805	-54.420814
1.154023	0.683287	-52.121407
1.154629	0.779271	-49.769130
1.155234	0.639547	-47.242521
1.155840	0.660809	-44.947451
1.156445	0.564217	-42.518175
1.157051	0.550853	-39.852750
1.157656	0.674782	-37.392566
1.158262	0.592162	-34.954614
1.158867	0.570292	-32.296780
1.159473	0.538703	-29.799451
1.160078	0.571507	-27.206958
1.160684	0.514403	-24.628022
1.161289	0.487673	-22.013296
1.161895	0.434213	-19.430835
1.162500	0.412951	-16.861388
1.163105	0.310284	-14.153938
1.163711	0.364351	-11.680468
1.164316	0.242245	-9.064659
1.164922	0.152943	-6.247404
1.165527	0.236170	-3.756311
1.166133	0.217338	-1.089530
1.166738	0.154765	1.677567
1.167344	0.179673	4.303137
1.167949	0.160840	6.914609
1.168555	0.113456	9.556989
1.169160	-0.004398	12.179035
1.169766	0.020509	14.842291
1.170371	0.016864	17.465150
1.170977	-0.046316	20.115393
1.171582	-0.054213	22.703819
1.172187	-0.048746	25.162647
1.172793	-0.204872	27.905343
1.173398	-0.297211	30.236201
1.174004	-0.126505	32.751152
1.174609	-0.213377	35.409800
1.175215	-0.237677	37.963251
1.175820	-0.259546	40.435907
1.176426	-0.287491	42.866810
1.177031	-0.324548	45.332145
1.177637	-0.365251	47.712619
1.178242	-0.414458	50.083332
1.178848	-0.416280	52.468957
1.179453	-0.473992	54.820149
1.180059	-0.454553	57.016800
1.180664	-0.489787	59.492710
1.181270	-0.368288	61.730843
1.181875	-0.408990	63.795727
1.182480	-0.560864	66.205754
1.183086	-0.557827	68.271180
1.183691	-0.619791	70.346639
1.184297	-0.591846	72.487438
1.184902	-0.663531	74.457429
1.185508	-0.617361	76.447484
1.186113	-0.652596	78.444587
1.186719	-0.637409	80.339477
1.187324	-0.645914	82.218099
1.187930	-0.716991	83.958447
1.188535	-0.728533	85.864182
1.189141	-0.703626	87.502859
1.189746	-0.693906	89.127437
1.190352	-0.730963	90.992232
1.190957	-0.751010	92.466065
1.191563	-0.670821	94.004696
1.192168	-0.726103	95.530314
1.192773	-0.716991	97.041834
1.193379	-0.696336	98.443548
1.193984	-0.732785	99.812727
1.194590	-0.674466	101.146388
1.195195	-0.699373	102.383530
1.195801	-0.672643	103.531471
1.196406	-0.706056	104.785964
1.197012	-0.668998	105.810002
1.197617	-0.676288	106.704984
1.198223	-0.840312	107.854281
1.198828	-0.687831	108.692598
1.199434	-0.699981	109.559383
1.200039	-0.622221	110.506150
1.200645	-0.638016	111.214328
1.201250	-0.628904	111.916269
1.201855	-0.593061	112.535246
1.202461	-0.603996	113.178083
1.203066	-0.631941	113.636554
1.203672	-0.558434	114.072794
1.204277	-0.590024	114.549702
1.204883	-0.585164	114.859597
1.205488	-0.531704	114.977536
1.206094	-0.521377	115.492131
1.206699	-0.586987	115.418656
1.207305	-0.481282	115.465561
1.207910	-0.456375	115.754579
1.208516	-0.443010	115.694390
1.209121	-0.449693	115.584042
1.209727	-0.514087	115.453631
1.210332	-0.458805	115.331354
1.210937	-0.473992	114.977265
1.211543	-0.410813	114.698007
1.212148	-0.376186	114.315450
1.212754	-0.385906	113.823901
1.213359	-0.357961	113.303885
1.213965	-0.376186	112.890149
1.214570	-0.330623	112.088433
1.215176	-0.381046	111.413875
1.215781	-0.320903	110.987125
1.216387	-0.327586	110.012975
1.216992	-0.290529	109.194450
1.217598	-0.271696	108.297841
1.218203	-0.234639	107.364359
1.218809	-0.274734	106.311311
1.219414	-0.223097	105.291883
1.220020	-0.210947	104.194100
1.220625	-0.246789	103.015792
1.221230	-0.203657	101.742862
1.221836	-0.235854	100.546119
1.222441	-0.156272	99.048427
1.223047	-0.237677	97.612551
1.223652	-0.272304	96.400353
1.224258	-0.153842	94.784722
1.224863	-0.143515	93.234974
1.225469	-0.169637	91.746500
1.226074	-0.217022	90.079084
1.226680	-0.158095	88.411668
1.227285	-0.182395	86.679453
1.227891	-0.152020	84.909823
1.228496	-0.193937	83.036353
1.229102	-0.150197	81.201924
1.229707	-0.160525	79.345534
1.230312	-0.088840	77.280649
1.230918	-0.135010	75.286528
1.231523	-0.081550	73.513374
1.232129	-0.057250	71.226438
1.232734	-0.140477	69.132814
1.233340	-0.080943	67.104260
1.233945	-0.114355	64.955056
1.234551	-0.060895	62.758947
1.235156	-0.110103	60.468216
1.235762	-0.043278	58.231438
1.236367	-0.074868	55.900309
1.236973	-0.081550	53.564571
1.237578	-0.109495	51.252150
1.238184	-0.131365	48.815554
1.238789	-0.076690	46.333408
1.239395	-0.122860	44.087955
