LabVIEW Measurement	
Writer_Version	2
Reader_Version	2
Separator	Tab
Decimal_Separator	.
Multi_Headings	No
X_Columns	One
Time_Pref	Absolute
Operator	AlunosGDS-JT
Date	2019/10/09
Time	15:11:28.9575998562499047959
***End_of_Header***	
	
Channels	2		
Samples	2048	2048	
Date	2019/10/09	2019/10/09	
Time	15:15:08.34980688749990322	15:15:08.34980688749990322	
Y_Unit_Label	g	Newtons	
X_Dimension	Time	Time	
X0	0.0000000000000000E+0	0.0000000000000000E+0	
Delta_X	0.000605	0.000605	
***End_of_Header***			
X_Value	Acceleration (Trigger)	Force (Trigger)	Comment
0.000000	1.228210	2.130616
0.000605	1.925007	10.515143
0.001211	2.590822	18.942508
0.001816	3.302807	26.921161
0.002422	3.975305	34.951057
0.003027	4.613175	42.753751
0.003633	5.179968	50.375875
0.004238	5.755267	57.774864
0.004844	6.388884	64.888359
0.005449	6.876703	71.722596
0.006055	7.397934	78.196237
0.006660	7.869959	84.214118
0.007266	8.343805	89.979039
0.007871	8.715592	95.385805
0.008477	9.128082	100.032338
0.009082	9.462204	104.481763
0.009687	9.711885	108.525585
0.010293	9.928153	111.767151
0.010898	10.077597	114.603927
0.011504	10.251948	116.939936
0.012109	10.345503	118.758097
0.012715	10.432375	119.984665
0.013320	10.459712	120.635093
0.013926	10.423870	120.691486
0.014531	10.331530	120.198040
0.015137	10.174189	119.068806
0.015742	9.986473	117.535054
0.016348	9.751372	115.496469
0.016953	9.522954	112.556394
0.017559	9.209486	109.481299
0.018164	8.831016	105.955325
0.018770	8.470772	101.632515
0.019375	8.057675	96.963208
0.019980	7.557098	91.860644
0.020586	7.060774	86.293643
0.021191	6.568096	80.340561
0.021797	6.004947	74.015496
0.022402	5.469136	67.302181
0.023008	4.808181	60.328858
0.023613	4.155123	52.959963
0.024219	3.562815	45.484788
0.024824	2.913403	37.854530
0.025430	2.219643	29.678769
0.026035	1.555650	21.728041
0.026641	0.838805	13.651512
0.027246	0.199720	5.411495
0.027852	-0.471562	-2.765080
0.028457	-1.156817	-11.056340
0.029062	-1.813520	-19.239150
0.029668	-2.495737	-27.391323
0.030273	-3.146365	-35.371061
0.030879	-3.810358	-43.183244
0.031484	-4.399021	-50.800217
0.032090	-4.959739	-58.312265
0.032695	-5.480970	-65.319208
0.033301	-6.086643	-72.058551
0.033906	-6.516750	-78.756141
0.034512	-6.965689	-84.746909
0.035117	-7.425564	-90.387927
0.035723	-7.808893	-95.646659
0.036328	-8.161848	-100.542897
0.036934	-8.531205	-104.935386
0.037539	-8.795466	-108.781017
0.038145	-9.053652	-112.188510
0.038750	-9.219498	-115.032336
0.039355	-9.367119	-117.352348
0.039961	-9.460066	-119.015698
0.040566	-9.472823	-120.344479
0.041172	-9.529320	-120.953425
0.041777	-9.545723	-120.860429
0.042383	-9.391419	-120.553787
0.042988	-9.314267	-119.429976
0.043594	-9.088279	-117.643807
0.044199	-8.854393	-115.432515
0.044805	-8.574945	-112.728319
0.045410	-8.289422	-109.431716
0.046016	-7.910952	-105.632176
0.046621	-7.538558	-101.313704
0.047227	-7.144293	-96.625418
0.047832	-6.663764	-91.362620
0.048438	-6.093933	-85.709130
0.049043	-5.624339	-79.753337
0.049648	-5.056939	-73.356696
0.050254	-4.569120	-66.337823
0.050859	-3.896015	-59.428756
0.051465	-3.327399	-52.156924
0.052070	-2.602049	-44.335794
0.052676	-2.050443	-36.590308
0.053281	-1.323879	-28.611655
0.053887	-0.577267	-20.501235
0.054492	0.092801	-12.270436
0.055098	0.694222	-4.000052
0.055703	1.348494	4.260842
0.056309	2.061086	12.421420
0.056914	2.670404	20.755789
0.057520	3.333790	28.727935
0.058125	4.005680	36.666462
0.058730	4.618643	44.687682
0.059336	5.143519	52.026753
0.059941	5.751622	59.346302
0.060547	6.329350	66.434854
0.061152	6.758849	73.225439
0.061758	7.313493	79.580599
0.062363	7.763039	85.530699
0.062969	8.230203	91.263627
0.063574	8.576476	96.371072
0.064180	8.911206	101.156691
0.064785	9.208879	105.356682
0.065391	9.486504	109.218309
0.065996	9.709455	112.386941
0.066602	9.955491	115.006818
0.067207	10.069092	117.466731
0.067812	10.036895	119.040880
0.068418	10.155357	119.995239
0.069023	10.092785	120.594153
0.069629	10.079420	120.459404
0.070234	9.991940	119.964330
0.070840	9.858899	118.719869
0.071445	9.686978	116.979520
0.072051	9.467672	114.830587
0.072656	9.139017	111.871534
0.073262	8.829801	108.576286
0.073867	8.537596	104.880045
0.074473	8.105667	100.382359
0.075078	7.747244	95.626835
0.075684	7.290408	90.571446
0.076289	6.782542	84.896538
0.076895	6.327527	78.737944
0.077500	5.751014	72.361094
0.078105	5.178753	65.745655
0.078711	4.604063	58.527777
0.079316	3.914555	51.277636
0.079922	3.295517	43.680997
0.080527	2.673442	35.901349
0.081133	2.022207	27.999966
0.081738	1.456021	19.774047
0.082344	0.781701	11.813288
0.082949	0.073361	3.409782
0.083555	-0.482497	-4.868735
0.084160	-1.208454	-12.815667
0.084766	-1.852400	-21.080086
0.085371	-2.448960	-29.109439
0.085977	-3.053418	-37.156958
0.086582	-3.724701	-44.926033
0.087188	-4.290887	-52.482003
0.087793	-4.816370	-59.824869
0.088398	-5.423258	-66.811749
0.089004	-5.901965	-73.575493
0.089609	-6.318707	-79.958307
0.090215	-6.788301	-86.035835
0.090820	-7.204435	-91.570843
0.091426	-7.599307	-96.727090
0.092031	-7.938897	-101.716053
0.092637	-8.217738	-105.663084
0.093242	-8.494756	-109.421413
0.093848	-8.658779	-112.735097
0.094453	-8.890843	-115.355245
0.095059	-8.964350	-117.654381
0.095664	-9.072484	-119.191928
0.096270	-9.114401	-120.260973
0.096875	-9.106504	-120.767162
0.097480	-9.028137	-120.630786
0.098086	-8.925470	-120.070372
0.098691	-8.793643	-118.865223
0.099297	-8.565225	-117.012087
0.099902	-8.391481	-114.614261
0.100508	-8.105351	-111.907083
0.101113	-7.748751	-108.419065
0.101719	-7.424349	-104.298243
0.102324	-7.049524	-100.057584
0.102930	-6.577500	-95.233465
0.103535	-6.112158	-89.849745
0.104141	-5.649854	-84.181344
0.104746	-5.148063	-78.005397
0.105352	-4.641412	-71.520098
0.105957	-4.042421	-64.708093
0.106563	-3.458010	-57.450089
0.107168	-2.854160	-50.242785
0.107773	-2.239982	-42.457715
0.108379	-1.574774	-34.569075
0.108984	-0.956344	-26.821690
0.109590	-0.294781	-18.517959
0.110195	0.366174	-10.234290
0.110801	1.005259	-1.928932
0.111406	1.637662	6.244389
0.112012	2.324132	14.490643
0.112617	2.903683	22.628446
0.113223	3.517861	30.684912
0.113828	4.124749	38.581957
0.114434	4.662382	46.306567
0.115039	5.314225	53.881516
0.115645	5.808726	60.979286
0.116250	6.387062	67.987584
0.116855	6.801374	74.810162
0.117461	7.274613	80.792526
0.118066	7.732665	86.831012
0.118672	8.046740	92.476096
0.119277	8.461052	97.502474
0.119883	8.756294	102.072008
0.120488	9.061865	106.170598
0.121094	9.276918	109.879310
0.121699	9.484074	112.908856
0.122305	9.612863	115.556387
0.122910	9.669968	117.607987
0.123516	9.818804	119.131978
0.124121	9.766560	119.953214
0.124727	9.770812	120.368577
0.125332	9.665715	120.332789
0.125938	9.508374	119.373821
0.126543	9.406922	118.078388
0.127148	9.155419	116.358645
0.127754	8.930646	113.979527
0.128359	8.646338	110.973569
0.128965	8.330440	107.588308
0.129570	7.976878	103.642903
0.130176	7.555276	99.212186
0.130781	7.106944	94.269314
0.131387	6.705390	88.998110
0.131992	6.229113	83.325914
0.132598	5.700592	76.990546
0.133203	5.189688	70.551338
0.133809	4.593735	63.897670
0.134414	4.017222	56.632346
0.135020	3.430381	49.216004
0.135625	2.800408	41.690671
0.136230	2.205063	33.934611
0.136836	1.539248	25.924778
0.137441	0.918387	17.819781
0.138047	0.293274	9.643478
0.138652	-0.348241	1.430573
0.139258	-0.985504	-6.787484
0.139863	-1.541362	-15.000660
0.140469	-2.206570	-23.043841
0.141074	-2.827430	-31.201979
0.141680	-3.403336	-39.190121
0.142285	-3.953119	-46.624628
0.142891	-4.511408	-54.246481
0.143496	-5.005301	-61.590432
0.144102	-5.508915	-68.440394
0.144707	-6.016174	-75.066678
0.145313	-6.402541	-81.389574
0.145918	-6.821105	-87.327473
0.146523	-7.236632	-92.800122
0.147129	-7.564680	-97.835176
0.147734	-7.842305	-102.487402
0.148340	-8.060396	-106.644013
0.148945	-8.342274	-110.167277
0.149551	-8.492326	-113.357870
0.150156	-8.608965	-116.026549
0.150762	-8.704342	-117.791299
0.151367	-8.768129	-119.297938
0.151973	-8.732286	-120.238469
0.152578	-8.711024	-120.606114
0.153184	-8.571908	-120.351799
0.153789	-8.450408	-119.532732
0.154395	-8.342274	-118.222658
0.155000	-8.108388	-116.259988
0.155605	-7.840483	-113.789229
0.156211	-7.542810	-110.797370
0.156816	-7.176490	-107.311522
0.157422	-6.844798	-103.157622
0.158027	-6.431701	-98.757813
0.158633	-5.987622	-93.935049
0.159238	-5.546580	-88.253092
0.159844	-5.078808	-82.480579
0.160449	-4.499258	-76.290806
0.161055	-3.943399	-69.646356
0.161660	-3.346231	-62.720479
0.162266	-2.783690	-55.516158
0.162871	-2.217504	-48.104697
0.163477	-1.549259	-40.367615
0.164082	-0.950269	-32.481144
0.164687	-0.309969	-24.499780
0.165293	0.361314	-16.414845
0.165898	1.020447	-8.070987
0.166504	1.609717	0.131615
0.167109	2.243943	8.236612
0.167715	2.901253	16.699494
0.168320	3.449214	24.768432
0.168926	4.102271	32.800497
0.169531	4.661167	40.622983
0.170137	5.146556	48.235076
0.170742	5.781996	55.750920
0.171348	6.305050	62.901559
0.171953	6.766747	69.781615
0.172559	7.234518	76.295654
0.173164	7.639110	82.422255
0.173770	8.032160	88.214560
0.174375	8.396050	93.744417
0.174980	8.668208	98.638215
0.175586	9.010228	102.937708
0.176191	9.248366	107.117636
0.176797	9.457952	110.690515
0.177402	9.533281	113.583685
0.178008	9.680903	116.015130
0.178613	9.759270	117.999491
0.179219	9.775672	119.303058
0.179824	9.754410	120.072780
0.180430	9.697305	120.279106
0.181035	9.556366	119.968668
0.181641	9.466457	119.121946
0.182246	9.252618	117.493572
0.182852	9.015695	115.623626
0.183457	8.741107	113.120604
0.184062	8.444042	109.836744
0.184668	8.052815	106.478053
0.185273	7.681027	102.475170
0.185879	7.321390	97.882591
0.186484	6.851796	92.865973
0.187090	6.357902	87.465443
0.187695	5.808726	81.577431
0.188301	5.347637	75.375999
0.188906	4.776591	68.786317
0.189512	4.169096	61.946658
0.190117	3.559778	54.678351
0.190723	2.953497	47.126176
0.191328	2.304085	39.667269
0.191934	1.702664	31.785678
0.192539	1.066616	23.575484
0.193145	0.419026	15.637771
0.193750	-0.309969	7.475295
0.194355	-0.926577	-0.810272
0.194961	-1.615476	-9.024532
0.195566	-2.235122	-17.214934
0.196172	-2.767895	-25.333217
0.196777	-3.396046	-33.368806
0.197383	-3.991999	-41.160655
0.197988	-4.547857	-48.832937
0.198594	-5.098248	-56.281542
0.199199	-5.646817	-63.578046
0.199805	-6.091503	-70.204873
0.200410	-6.601192	-76.837664
0.201016	-6.974194	-83.155137
0.201621	-7.327757	-88.801577
0.202227	-7.706226	-94.190991
0.202832	-8.034882	-99.141725
0.203437	-8.296105	-103.642393
0.204043	-8.545178	-107.604336
0.204648	-8.738969	-111.094794
0.205254	-8.920002	-114.076350
0.205859	-8.995939	-116.510235
0.206465	-9.064586	-118.345749
0.207070	-9.100429	-119.772948
0.207676	-9.074914	-120.585780
0.208281	-8.984397	-120.604487
0.208887	-8.872618	-120.265039
0.209492	-8.722566	-119.456546
0.210098	-8.423071	-117.803771
0.210703	-8.225635	-115.712045
0.211309	-7.994787	-113.152358
0.211914	-7.556175	-109.953901
0.212520	-7.228735	-106.271217
0.213125	-6.817461	-102.136296
0.213730	-6.389784	-97.519316
0.214336	-5.864908	-92.414041
0.214941	-5.396529	-86.783326
0.215547	-4.821838	-80.963095
0.216152	-4.207660	-74.686290
0.216758	-3.713158	-67.762312
0.217363	-3.071643	-60.819083
0.217969	-2.472653	-53.683898
0.218574	-1.839035	-46.062587
0.219180	-1.192660	-38.290530
0.219785	-0.503760	-30.353901
0.220391	0.146261	-22.311262
0.220996	0.807823	-14.122758
0.221602	1.515555	-5.843428
0.222207	2.138238	2.381135
0.222812	2.797978	10.593769
0.223418	3.476551	18.871473
0.224023	4.166058	26.976742
0.224629	4.770516	34.776182
0.225234	5.378012	42.868436
0.225840	5.944198	50.411393
0.226445	6.486084	57.629271
0.227051	7.039512	64.853927
0.227656	7.561958	71.721783
0.228262	7.973233	78.150688
0.228867	8.405162	84.189174
0.229473	8.809147	89.954909
0.230078	9.186401	95.230179
0.230684	9.502299	100.066499
0.231289	9.787214	104.377651
0.231895	10.012595	108.350981
0.232500	10.150497	111.641620
0.233105	10.392280	114.353137
0.233711	10.468824	116.926922
0.234316	10.442702	118.601930
0.234922	10.515601	119.670431
0.235527	10.430552	120.419277
0.236133	10.340643	120.542097
0.236738	10.241013	120.024791
0.237344	10.041755	118.977708
0.237949	9.817589	117.409253
0.238555	9.581881	115.277129
0.239160	9.214346	112.574831
0.239766	8.923356	109.329741
0.240371	8.563111	105.748728
0.240977	8.120247	101.413988
0.241582	7.660373	96.705368
0.242187	7.184704	91.808045
0.242793	6.642818	86.151574
0.243398	6.108222	80.082451
0.244004	5.556008	73.814322
0.244609	4.928465	67.159570
0.245215	4.282698	60.156965
0.245820	3.673987	52.880253
0.246426	2.999667	45.373898
0.247031	2.381237	37.698362
0.247637	1.684439	29.708322
0.248242	1.002829	21.674901
0.248848	0.285377	13.591051
0.249453	-0.391373	5.235806
0.250059	-1.020738	-3.035120
0.250664	-1.742443	-11.017027
0.251270	-2.465970	-19.280090
0.251875	-3.058886	-27.447175
0.252480	-3.673671	-35.354522
0.253086	-4.358926	-43.224184
0.253691	-5.005301	-50.901347
0.254297	-5.496158	-58.233910
0.254902	-6.056876	-65.337102
0.255508	-6.536798	-72.130399
0.256113	-7.041019	-78.677244
0.256719	-7.510005	-84.815775
0.257324	-7.917027	-90.453810
0.257930	-8.292460	-95.877115
0.258535	-8.596815	-100.773624
0.259141	-8.955237	-104.878450
0.259746	-9.143561	-108.862083
0.260352	-9.353754	-112.270119
0.260957	-9.515956	-115.083036
0.261562	-9.633810	-117.348824
0.262168	-9.707924	-119.125774
0.262773	-9.698812	-120.272631
0.263379	-9.689092	-120.905436
0.263984	-9.619837	-120.940682
0.264590	-9.462496	-120.426901
0.265195	-9.327024	-119.363008
0.265801	-9.140523	-117.602867
0.266406	-8.828271	-115.587870
0.267012	-8.524523	-112.751907
0.267617	-8.178250	-109.251418
0.268223	-7.812538	-105.616722
0.268828	-7.418881	-101.367116
0.269434	-6.946857	-96.548148
0.270039	-6.396466	-91.303786
0.270645	-5.944489	-85.754679
0.271250	-5.338209	-79.643532
0.271855	-4.730713	-73.186158
0.272461	-4.139620	-66.409942
0.273066	-3.520582	-59.393239
0.273672	-2.853552	-51.999401
0.274277	-2.192597	-44.310309
0.274883	-1.475145	-36.732377
0.275488	-0.815405	-28.556888
0.276094	-0.136225	-20.362419
0.276699	0.575152	-12.266640
0.277305	1.318727	-3.959112
0.277910	1.958420	4.347331
0.278516	2.654002	12.633168
0.279121	3.358697	20.737895
0.279727	4.037877	28.922060
0.280332	4.664205	36.855165
0.280938	5.306327	44.684700
0.281543	5.924150	52.193494
0.282148	6.542581	59.517382
0.282754	7.033437	66.651753
0.283359	7.611165	73.190736
0.283965	8.114172	79.763337
0.284570	8.515726	85.881805
0.285176	8.993218	91.413288
0.285781	9.394772	96.629182
0.286387	9.751372	101.349732
0.286992	10.052082	105.609912
0.287598	10.296903	109.368241
0.288203	10.550836	112.663217
0.288809	10.669298	115.356026
0.289414	10.803554	117.566234
0.290020	10.895286	119.120320
0.290625	10.897716	120.250367
0.291230	10.909259	120.831658
0.291836	10.800517	120.557551
0.292441	10.690560	120.080101
0.293047	10.553266	119.094834
0.293652	10.343680	117.233293
0.294258	10.078205	114.963709
0.294863	9.831562	112.191461
0.295469	9.502906	108.863949
0.296074	9.128082	105.019945
0.296680	8.716807	100.717198
0.297285	8.266653	95.941881
0.297891	7.819536	90.730596
0.298496	7.249098	84.973809
0.299102	6.732119	78.999579
0.299707	6.104577	72.623001
0.300312	5.499511	65.646966
0.300918	4.953980	58.795920
0.301523	4.228023	51.544422
0.302129	3.581648	43.889220
0.302734	2.976582	36.099541
0.303340	2.256092	28.139595
0.303945	1.585417	20.053847
0.304551	0.863105	11.829013
0.305156	0.094623	3.593062
0.305762	-0.520770	-4.630959
0.306367	-1.271634	-12.925472
0.306973	-1.966001	-21.182300
0.307578	-2.583824	-29.178847
0.308184	-3.273939	-37.160212
0.308789	-3.882650	-45.129647
0.309395	-4.484070	-52.581777
0.310000	-5.107968	-59.883974
0.310605	-5.655322	-66.911252
0.311211	-6.231227	-73.688281
0.311816	-6.702036	-80.048321
0.312422	-7.163125	-86.114733
0.313027	-7.667954	-91.736772
0.313633	-8.052499	-96.949683
0.314238	-8.330124	-101.611941
0.314844	-8.720744	-105.974606
0.315449	-9.046362	-109.866871
0.316055	-9.246228	-112.949014
0.316660	-9.486796	-115.752985
0.317266	-9.577313	-118.090621
0.317871	-9.717644	-119.503993
0.318477	-9.800263	-120.589576
0.319082	-9.807553	-121.129656
0.319688	-9.738906	-121.053470
0.320293	-9.625912	-120.354782
0.320898	-9.562125	-119.212534
0.321504	-9.275387	-117.416063
0.322109	-9.034819	-115.079782
0.322715	-8.827056	-112.202609
0.323320	-8.487466	-108.832801
0.323926	-8.130866	-104.993136
0.324531	-7.749359	-100.443665
0.325137	-7.302849	-95.688683
0.325742	-6.824750	-90.476042
0.326348	-6.302912	-84.535432
0.326953	-5.745231	-78.389039
0.327559	-5.211850	-71.908348
0.328164	-4.590382	-65.060827
0.328770	-4.015084	-57.869248
0.329375	-3.363849	-50.465107
0.329980	-2.633031	-42.813159
0.330586	-2.015816	-34.957325
0.331191	-1.356683	-26.911975
0.331797	-0.673858	-18.861745
0.332402	0.041164	-10.723399
0.333008	0.743429	-2.199785
0.333613	1.420179	5.872949
0.334219	2.114546	14.087480
0.334824	2.791904	22.507796
0.335430	3.472906	30.557213
0.336035	4.130216	38.433923
0.336641	4.744394	46.206522
0.337246	5.326982	53.756527
0.337852	5.932048	60.996095
0.338457	6.508561	67.994362
0.339062	7.018250	74.682734
0.339668	7.587473	80.964419
0.340273	8.080152	86.866258
0.340879	8.510866	92.403435
0.341484	8.847419	97.672741
0.342090	9.244113	102.136535
0.342695	9.614078	106.179002
0.343301	9.884414	110.067742
0.343906	10.129234	113.227156
0.344512	10.264098	115.758917
0.345117	10.459104	117.892668
0.345723	10.583641	119.450278
0.346328	10.651680	120.388640
0.346934	10.620698	120.792345
0.347539	10.603081	120.561076
0.348145	10.508312	119.933422
0.348750	10.390457	118.533335
0.349355	10.242836	116.696737
0.349961	9.922686	114.506864
0.350566	9.702165	111.427160
0.351172	9.419072	107.958122
0.351777	9.060042	104.250493
0.352383	8.656058	99.760942
0.352988	8.209549	94.807225
0.353594	7.795237	89.562592
0.354199	7.338400	83.853522
0.354805	6.826281	77.709026
0.355410	6.210281	71.153777
0.356016	5.686012	64.378916
0.356621	5.097349	57.322629
0.357227	4.516583	49.755271
0.357832	3.895723	42.210146
0.358438	3.242665	34.545726
0.359043	2.547690	26.335803
0.359648	1.977252	18.178208
0.360254	1.264660	10.103305
0.360859	0.681464	1.941371
0.361465	-0.062718	-6.331181
0.362070	-0.746150	-14.590177
0.362676	-1.407105	-22.730421
0.363281	-2.006096	-30.831894
0.363887	-2.680416	-38.747646
0.364492	-3.309781	-46.440263
0.365098	-3.829190	-53.941737
0.365703	-4.479818	-61.335846
0.366309	-4.982824	-68.301849
0.366914	-5.538075	-74.816430
0.367520	-5.988837	-81.354599
0.368125	-6.497310	-87.226343
0.368730	-6.910407	-92.689774
0.369336	-7.304672	-97.861746
0.369941	-7.702581	-102.515870
0.370547	-7.990534	-106.666787
0.371152	-8.237178	-110.275184
0.371758	-8.494148	-113.417789
0.372363	-8.706772	-116.039563
0.372969	-8.822803	-118.115564
0.373574	-8.944910	-119.564454
0.374180	-8.966780	-120.715920
0.374785	-8.954630	-120.926583
0.375391	-8.967995	-120.600149
0.375996	-8.872618	-120.052478
0.376602	-8.706164	-118.700109
0.377207	-8.574338	-116.690804
0.377812	-8.389051	-114.292166
0.378418	-8.113856	-111.311422
0.379023	-7.889083	-107.829369
0.379629	-7.508790	-103.763586
0.380234	-7.132143	-99.320125
0.380840	-6.727551	-94.390268
0.381445	-6.318707	-88.979164
0.382051	-5.850328	-83.119620
0.382656	-5.344284	-77.054292
0.383262	-4.844315	-70.434786
0.383867	-4.313972	-63.308820
0.384473	-3.749608	-56.301606
0.385078	-3.150010	-48.799860
0.385684	-2.543730	-41.083655
0.386289	-1.877914	-33.146755
0.386895	-1.286821	-25.164577
0.387500	-0.624651	-17.024876
0.388105	0.014434	-8.738496
0.388711	0.671744	-0.509323
0.389316	1.292605	7.753197
0.389922	1.927437	15.930856
0.390527	2.539793	24.177923
0.391133	3.213505	32.070630
0.391738	3.791841	39.935411
0.392344	4.329475	47.892374
0.392949	4.882296	55.176678
0.393555	5.478856	62.312134
0.394160	5.969105	69.249940
0.394766	6.503701	75.865108
0.395371	6.962968	81.994692
0.395977	7.411907	87.942623
0.396582	7.863884	93.410934
0.397187	8.239316	98.407759
0.397793	8.519371	102.883212
0.398398	8.872934	106.882299
0.399004	9.036350	110.515369
0.399609	9.304255	113.366243
0.400215	9.497439	115.856251
0.400820	9.683333	118.106043
0.401426	9.733147	119.398765
0.402031	9.778102	120.144628
0.402637	9.795719	120.472689
0.403242	9.671790	120.091488
0.403848	9.615293	119.276216
0.404453	9.457952	117.895650
0.405059	9.375332	115.957109
0.405664	9.161494	113.456528
0.406270	8.871111	110.328293
0.406875	8.578298	106.826719
0.407480	8.252073	102.924423
0.408086	7.890006	98.235595
0.408691	7.544948	93.268593
0.409297	7.100869	88.094995
0.409902	6.579031	82.141099
0.410508	6.133736	75.888425
0.411113	5.627085	69.388756
0.411719	5.131369	62.534185
0.412324	4.516583	55.369990
0.412930	4.004465	47.948226
0.413535	3.392109	40.297362
0.414141	2.850831	32.431497
0.414746	2.214783	24.471009
0.415352	1.598175	16.261086
0.415957	0.975492	8.232003
0.416563	0.312714	-0.185330
0.417168	-0.288099	-8.348348
0.417773	-0.851855	-16.330797
0.418379	-1.497015	-24.587353
0.418984	-2.099650	-32.616436
0.419590	-2.686491	-40.455189
0.420195	-3.247817	-48.106324
0.420801	-3.837695	-55.604273
0.421406	-4.329159	-62.785549
0.422012	-4.880157	-69.676993
0.422617	-5.312694	-76.241190
0.423223	-5.729436	-82.506607
0.423828	-6.160150	-88.336598
0.424434	-6.589650	-93.620274
0.425039	-6.890967	-98.774352
0.425645	-7.165555	-103.283966
0.426250	-7.511828	-107.152914
0.426855	-7.747536	-110.760226
0.427461	-7.934645	-113.734191
0.428066	-8.070116	-116.223928
0.428672	-8.187970	-118.143761
0.429277	-8.246290	-119.537070
0.429883	-8.230495	-120.328211
0.430488	-8.237178	-120.590931
0.431094	-8.204373	-120.247687
0.431699	-8.111426	-119.373040
0.432305	-7.995394	-117.984611
0.432910	-7.810716	-115.758949
0.433516	-7.550100	-113.345399
0.434121	-7.265185	-110.284131
0.434727	-7.026439	-106.463986
0.435332	-6.578107	-102.310087
0.435937	-6.264032	-97.771462
0.436543	-5.898320	-92.730985
0.437148	-5.405641	-87.256980
0.437754	-4.921467	-81.328029
0.438359	-4.420891	-75.072101
0.438965	-3.961624	-68.379933
0.439570	-3.359596	-61.375430
0.440176	-2.853552	-54.211777
0.440781	-2.208392	-46.741483
0.441387	-1.693843	-38.849047
0.441992	-1.085133	-31.162937
0.442598	-0.428430	-23.098879
0.443203	0.172990	-14.743091
0.443809	0.727634	-6.637281
0.444414	1.416534	1.701155
0.445020	2.007627	9.899962
0.445625	2.604795	18.100124
0.446230	3.234768	26.190752
0.446836	3.807029	34.108944
0.447441	4.357419	42.005447
0.448047	4.921175	49.607779
0.448652	5.421752	56.961491
0.449258	5.997657	64.038113
0.449863	6.414399	71.027433
0.450469	6.896143	77.275498
0.451074	7.346297	83.382308
0.451680	7.729020	89.305295
0.452285	8.035805	94.607678
0.452891	8.371750	99.392213
0.453496	8.676105	103.747015
0.454102	8.913028	107.729021
0.454707	9.137194	111.071987
0.455313	9.253226	113.944823
0.455918	9.418465	116.288695
0.456523	9.456737	118.149423
0.457129	9.491364	119.265914
0.457734	9.496224	119.921222
0.458340	9.442157	120.217832
0.458945	9.303040	119.608886
0.459551	9.296358	118.603556
0.460156	9.089202	117.184219
0.460762	8.845596	115.064296
0.461367	8.567363	112.406462
0.461973	8.329833	109.261689
0.462578	7.988420	105.670102
0.463184	7.640933	101.423749
0.463789	7.187741	96.823307
0.464395	6.812916	91.731046
0.465000	6.309910	86.235893
0.465605	5.877373	80.247294
0.466211	5.336702	73.913011
0.466816	4.771124	67.511489
0.467422	4.233490	60.368984
0.468027	3.697072	53.130772
0.468633	3.066491	45.766216
0.469238	2.527035	38.105320
0.469844	1.924400	30.186043
0.470449	1.249472	22.125239
0.471055	0.614032	14.011294
0.471660	0.000462	5.787815
0.472266	-0.518340	-2.378998
0.472871	-1.160462	-10.597326
0.473477	-1.803193	-18.718862
0.474082	-2.430128	-26.964844
0.474687	-2.989631	-34.866227
0.475293	-3.557640	-42.515464
0.475898	-4.128078	-50.341474
0.476504	-4.597064	-57.711182
0.477109	-5.089743	-64.696706
0.477715	-5.611582	-71.516844
0.478320	-6.045941	-78.044168
0.478926	-6.404971	-84.143115
0.479531	-6.768253	-89.868452
0.480137	-7.141863	-95.125015
0.480742	-7.440143	-100.020440
0.481348	-7.735994	-104.360060
0.481953	-7.965020	-108.235243
0.482559	-8.144231	-111.769080
0.483164	-8.288815	-114.579558
0.483770	-8.432791	-116.705174
0.484375	-8.473493	-118.629345
0.484980	-8.426716	-119.816871
0.485586	-8.365359	-120.424461
0.486191	-8.396341	-120.448320
0.486797	-8.256617	-120.036481
0.487402	-8.064649	-118.936258
0.488008	-7.892728	-117.305986
0.488613	-7.640009	-115.105810
0.489219	-7.361169	-112.418424
0.489824	-7.104198	-109.167640
0.490430	-6.703859	-105.361323
0.491035	-6.304734	-101.277373
0.491641	-5.862478	-96.500972
0.492246	-5.424473	-91.112101
0.492852	-4.904457	-85.677951
0.493457	-4.363786	-79.688539
0.494063	-3.832228	-73.214355
0.494668	-3.269079	-66.405062
0.495273	-2.769110	-59.415742
0.495879	-2.098435	-52.093210
0.496484	-1.530427	-44.490064
0.497090	-0.853677	-36.786331
0.497695	-0.241322	-28.780836
0.498301	0.382576	-20.749585
0.498906	1.045961	-12.435008
0.499512	1.709347	-4.418397
0.500117	2.330207	4.060752
0.500723	2.939525	12.335745
0.501328	3.552488	20.390042
0.501934	4.220125	28.532997
0.502539	4.847061	36.441971
0.503145	5.368292	44.298890
0.503750	5.934478	51.756984
0.504355	6.418044	59.124251
0.504961	6.947780	66.113842
0.505566	7.379710	72.908766
0.506172	7.891221	79.137039
0.506777	8.269691	85.282077
0.507383	8.653628	90.900049
0.507988	8.992003	95.958420
0.508594	9.335238	100.734550
0.509199	9.549684	105.175842
0.509805	9.781139	108.803759
0.510410	9.915396	111.998149
0.511016	10.135917	114.880474
0.511621	10.180871	117.010699
0.512227	10.159002	118.739119
0.512832	10.204564	119.695104
0.513437	10.166292	120.391894
0.514043	10.083065	120.163607
0.514648	9.910536	119.616478
0.515254	9.750765	118.440882
0.515859	9.516271	116.861039
0.516465	9.281171	114.378351
0.517070	8.966488	111.710757
0.517676	8.595916	108.648134
0.518281	8.262401	104.610276
0.518887	7.806779	100.363110
0.519492	7.363307	95.511336
0.520098	6.898573	90.462725
0.520703	6.359117	84.691568
0.521309	5.802044	78.826602
0.521914	5.317870	72.284908
0.522520	4.687897	65.636663
0.523125	4.087084	58.418514
0.523730	3.485663	51.207685
0.524336	2.824708	43.827946
0.524941	2.203240	35.767955
0.525547	1.517378	28.036025
0.526152	0.841235	19.959496
0.526758	0.155980	11.821692
0.527363	-0.492825	3.427134
0.527969	-1.179295	-4.622554
0.528574	-1.723003	-12.938486
0.529180	-2.448960	-21.019625
0.529785	-3.073466	-29.232259
0.530391	-3.791525	-37.130117
0.530996	-4.292102	-44.859607
0.531602	-4.877727	-52.579065
0.532207	-5.407463	-59.710726
0.532813	-5.954817	-66.784636
0.533418	-6.438991	-73.622398
0.534023	-6.818676	-79.998434
0.534629	-7.366029	-85.785588
0.535234	-7.684357	-91.602023
0.535840	-8.070724	-96.690488
0.536445	-8.361714	-101.473668
0.537051	-8.632657	-105.699686
0.537656	-8.869580	-109.513053
0.538262	-9.026314	-112.790407
0.538867	-9.175151	-115.401336
0.539473	-9.290575	-117.734905
0.540078	-9.347072	-119.286280
0.540684	-9.322165	-120.398162
0.541289	-9.322772	-120.702634
0.541895	-9.141738	-120.977013
0.542500	-9.048184	-120.115108
0.543105	-8.912105	-118.849227
0.543711	-8.666069	-117.185607
0.544316	-8.453446	-114.771243
0.544922	-8.075584	-111.936364
0.545527	-7.711086	-108.461090
0.546133	-7.373926	-104.720655
0.546738	-6.872135	-100.190706
0.547344	-6.395859	-95.449280
0.547949	-5.928695	-90.046039
0.548555	-5.344891	-84.451384
0.549160	-4.818800	-78.201149
0.549766	-4.200370	-71.625565
0.550371	-3.592267	-65.035341
0.550977	-2.916732	-57.729347
0.551582	-2.324424	-50.214588
0.552187	-1.648281	-42.555048
0.552793	-0.956344	-34.763471
0.553398	-0.292351	-26.702396
0.554004	0.431783	-18.633458
0.554609	1.081804	-10.420010
0.555215	1.819303	-2.152067
0.555820	2.481473	6.159798
0.556426	3.203178	14.451330
0.557031	3.882965	22.507525
0.557637	4.555463	30.595170
0.558242	5.112536	38.632115
0.558848	5.773491	46.158262
0.559453	6.399212	53.684408
0.560059	6.963575	61.167446
0.560664	7.513966	68.072175
0.561270	8.031552	74.777899
0.561875	8.535166	81.033827
0.562480	8.991395	86.993415
0.563086	9.385052	92.494804
0.563691	9.789644	97.576491
0.564297	10.036895	102.239020
0.564902	10.302371	106.407560
0.565508	10.559949	109.979355
0.566113	10.792619	113.040080
0.566719	10.880099	115.893395
0.567324	11.023468	117.725113
0.567930	11.100620	119.317427
0.568535	11.105480	120.446932
0.569141	11.076927	120.736222
0.569746	10.971223	120.604455
0.570352	10.892249	119.799487
0.570957	10.668083	118.560447
0.571562	10.474899	116.671252
0.572168	10.157179	114.347714
0.572773	9.852216	111.384594
0.573379	9.521739	108.031596
0.573984	9.097099	103.909961
0.574590	8.699797	99.542144
0.575195	8.187679	94.824577
0.575801	7.680420	89.226126
0.576406	7.177414	83.609781
0.577012	6.652538	77.525475
0.577617	5.946628	71.011979
0.578223	5.348245	64.089898
0.578828	4.686075	57.052317
0.579434	4.018437	49.617269
0.580039	3.369632	42.023341
0.580645	2.671012	34.196789
0.581250	1.971785	26.162555
0.581855	1.276202	18.151909
0.582461	0.538703	9.655678
0.583066	-0.184217	1.603008
0.583672	-0.910782	-6.584411
0.584277	-1.540147	-14.939657
0.584883	-2.240589	-23.088034
0.585488	-2.922199	-31.039304
0.586094	-3.585584	-39.027989
0.586699	-4.199762	-46.795436
0.587305	-4.835203	-54.287963
0.587910	-5.343676	-61.564404
0.588516	-6.020426	-68.476725
0.589121	-6.496095	-75.281409
0.589727	-7.015504	-81.489619
0.590332	-7.486921	-87.533799
0.590938	-7.969272	-93.183763
0.591543	-8.345312	-98.254335
0.592148	-8.739576	-102.669056
0.592754	-9.026922	-107.089471
0.593359	-9.236508	-110.790050
0.593965	-9.568808	-113.730938
0.594570	-9.681194	-116.499933
0.595176	-9.806338	-118.418139
0.595781	-9.859191	-120.028348
0.596387	-9.904753	-120.794546
0.596992	-9.869518	-121.285552
0.597598	-9.807553	-121.031509
0.598203	-9.690307	-120.274800
0.598809	-9.579135	-118.935445
0.599414	-9.328847	-117.167170
0.600020	-9.063371	-114.640832
0.600625	-8.767521	-111.362122
0.601230	-8.406061	-108.159599
0.601836	-8.064041	-104.001904
0.602441	-7.593232	-99.598299
0.603047	-7.117563	-94.503326
0.603652	-6.551985	-89.215042
0.604258	-6.086643	-83.283379
0.604863	-5.486438	-77.037754
0.605469	-4.965814	-70.460272
0.606074	-4.351636	-63.549849
0.606680	-3.650586	-56.443675
0.607285	-3.016361	-48.723403
0.607891	-2.296479	-41.313569
0.608496	-1.584494	-33.223483
0.609102	-0.872509	-25.073208
0.609707	-0.186039	-16.942725
0.610313	0.508935	-8.835287
0.610918	1.167461	-0.496038
0.611523	1.925615	7.878457
0.612129	2.743911	16.084042
0.612734	3.355659	24.326228
0.613340	4.054887	32.319522
0.613945	4.679392	40.276486
0.614551	5.366469	47.806970
0.615156	5.935693	55.314138
0.615762	6.570526	62.637212
0.616367	7.123954	69.537603
0.616973	7.749674	76.045135
0.617578	8.218053	82.562698
0.618184	8.685825	88.317046
0.618789	9.100744	93.666333
0.619395	9.527814	98.798179
0.620000	9.892311	103.231607
0.620605	10.206994	107.391471
0.621211	10.551444	110.839905
0.621816	10.744627	113.980883
0.622422	10.902576	116.399585
0.623027	11.015570	118.352766
0.623633	11.131602	119.683445
0.624238	11.198426	120.666272
0.624844	11.152864	120.932787
0.625449	11.166837	120.414397
0.626055	11.010710	119.834462
0.626660	10.867341	118.345717
0.627266	10.680233	116.414497
0.627871	10.449992	113.826613
0.628477	10.148067	110.928291
0.629082	9.849786	107.326402
0.629687	9.487719	103.301286
0.630293	8.985928	98.683764
0.630898	8.620823	93.737097
0.631504	8.067395	88.306743
0.632109	7.620278	82.353119
0.632715	7.097224	76.356115
0.633320	6.543796	69.706785
0.633926	5.956348	62.667849
0.634531	5.316655	55.617526
0.635137	4.664812	48.276287
0.635742	3.986240	40.467357
0.636348	3.325892	32.690149
0.636953	2.698349	24.702549
0.637559	1.949915	16.477986
0.638164	1.230033	8.227665
0.638770	0.581227	-0.041091
0.639375	-0.118000	-8.193264
0.639980	-0.769843	-16.527362
0.640586	-1.462995	-24.684687
0.641191	-2.109370	-32.639481
0.641797	-2.857197	-40.489621
0.642402	-3.480488	-48.510299
0.643008	-4.080086	-55.808159
0.643613	-4.682721	-62.973439
0.644219	-5.302367	-69.966554
0.644824	-5.847898	-76.531022
0.645430	-6.353334	-82.828161
0.646035	-6.819891	-88.662761
0.646641	-7.282195	-94.209699
0.647246	-7.658234	-99.132236
0.647852	-8.064041	-103.709090
0.648457	-8.330732	-107.661001
0.649062	-8.605320	-111.409298
0.649668	-8.868365	-114.248243
0.650273	-9.077951	-116.810913
0.650879	-9.219498	-118.898843
0.651484	-9.396279	-120.098027
0.652090	-9.410859	-120.920348
0.652695	-9.385344	-121.154870
0.653301	-9.314875	-120.876696
0.653906	-9.286322	-119.936708
0.654512	-9.157533	-118.590303
0.655117	-8.932760	-116.500204
0.655723	-8.765091	-113.999351
0.656328	-8.489896	-110.771071
0.656934	-8.209840	-107.173248
0.657539	-7.896980	-103.240858
0.658145	-7.492388	-98.416467
0.658750	-7.106021	-93.501521
0.659355	-6.551377	-88.118072
0.659961	-6.036829	-82.065488
0.660566	-5.563590	-75.625195
0.661172	-4.966422	-69.036868
0.661777	-4.437293	-62.014742
0.662383	-3.787273	-54.838075
0.662988	-3.194965	-47.263940
0.663594	-2.568637	-39.552615
0.664199	-1.854222	-31.584535
0.664805	-1.210277	-23.444563
0.665410	-0.528667	-15.345530
0.666016	0.114063	-7.173294
0.666621	0.792636	1.147790
0.667227	1.438404	9.607147
0.667832	2.144921	17.570075
0.668438	2.822886	25.851846
0.669043	3.472906	33.883369
0.669648	4.071897	41.790716
0.670254	4.739534	49.361598
0.670859	5.279598	56.788242
0.671465	5.882841	63.965723
0.672070	6.479401	70.809177
0.672676	6.959323	77.336772
0.673281	7.490274	83.447106
0.673887	7.964120	89.323731
0.674492	8.385115	94.415450
0.675098	8.790922	99.482497
0.675703	9.086772	103.991569
0.676309	9.468279	107.807105
0.676914	9.694875	111.291598
0.677520	9.896564	114.249296
0.678125	10.166292	116.618925
0.678730	10.267136	118.426512
0.679336	10.360083	119.712456
0.679941	10.360083	120.440967
0.680547	10.408682	120.650818
0.681152	10.364335	120.168758
0.681758	10.276856	119.303329
0.682363	10.112224	117.665194
0.682969	9.896564	115.452004
0.683574	9.720997	112.972028
0.684180	9.441549	109.956581
0.684785	9.204626	106.211266
0.685391	8.872934	102.080684
0.685996	8.452547	97.453130
0.686602	8.069217	92.329147
0.687207	7.566211	86.883339
0.687813	7.146431	80.967130
0.688418	6.607583	74.798504
0.689023	6.031070	68.044520
0.689629	5.526241	61.092344
0.690234	4.935148	53.851150
0.690840	4.284520	46.401189
0.691445	3.750531	38.529088
0.692051	3.119344	30.860872
0.692656	2.456566	22.944306
0.693262	1.791358	14.561406
0.693867	1.131011	6.422789
0.694473	0.484636	-1.848679
0.695078	-0.191507	-9.999496
0.695684	-0.787460	-18.266897
0.696289	-1.430798	-26.292455
0.696895	-2.009134	-34.300932
0.697500	-2.670089	-42.157580
0.698105	-3.263004	-49.927738
0.698711	-3.800030	-57.300971
0.699316	-4.405096	-64.313607
0.699922	-4.828520	-71.401074
0.700527	-5.367976	-77.703636
0.701133	-5.837570	-83.758389
0.701738	-6.288332	-89.613053
0.702344	-6.675914	-95.030935
0.702949	-7.068356	-99.833906
0.703555	-7.421311	-104.280078
0.704160	-7.655804	-108.207046
0.704766	-7.923710	-111.625927
0.705371	-8.108388	-114.507981
0.705977	-8.285777	-116.863782
0.706582	-8.403631	-118.881491
0.707187	-8.483213	-120.022112
0.707793	-8.550038	-120.615061
0.708398	-8.469848	-120.865580
0.709004	-8.432791	-120.376743
0.709609	-8.347134	-119.144753
0.710215	-8.215308	-117.743310
0.710820	-7.924925	-115.610915
0.711426	-7.810716	-112.876624
0.712031	-7.496033	-109.634788
0.712637	-7.164340	-105.847178
0.713242	-6.783441	-101.665353
0.713848	-6.418943	-96.957004
0.714453	-6.006454	-91.846035
0.715059	-5.547187	-86.351424
0.715664	-5.018059	-80.289622
0.716270	-4.563045	-73.759858
0.716875	-4.001111	-67.195932
0.717480	-3.428243	-60.153472
0.718086	-2.891217	-52.674501
0.718691	-2.318956	-45.187939
0.719297	-1.723003	-37.449773
0.719902	-1.026813	-29.409574
0.720508	-0.448478	-21.324640
0.721113	0.156588	-13.210424
0.721719	0.904415	-4.919707
0.722324	1.442656	3.299977
0.722930	2.125481	11.555448
0.723535	2.712929	19.666410
0.724141	3.324677	27.780897
0.724746	3.941285	35.916261
0.725352	4.546351	43.419361
0.725957	5.116789	51.065887
0.726562	5.634375	58.513950
0.727168	6.162896	65.558579
0.727773	6.636135	72.313105
0.728379	7.068672	78.699715
0.728984	7.565603	84.793511
0.729590	7.906408	90.392504
0.730195	8.284270	95.648525
0.730801	8.674890	100.313223
0.731406	8.925786	104.671550
0.732012	9.158456	108.381347
0.732617	9.328555	111.762541
0.733223	9.482859	114.623177
0.733828	9.667538	116.587203
0.734434	9.711885	118.383403
0.735039	9.733755	119.680463
0.735645	9.736792	120.144357
0.736250	9.719782	120.162522
0.736855	9.592816	119.595601
0.737461	9.473747	118.449015
0.738066	9.235608	116.782955
0.738672	9.050322	114.534790
0.739277	8.792137	111.858248
0.739883	8.526054	108.606381
0.740488	8.221091	104.760479
0.741094	7.840799	100.537985
0.741699	7.352372	95.875185
0.742305	6.925303	90.504478
0.742910	6.537721	84.950763
0.743516	5.984292	79.084170
0.744121	5.512268	72.674514
0.744727	4.977672	66.035487
0.745332	4.385972	58.974319
0.745938	3.840441	51.694625
0.746543	3.175841	44.079279
0.747148	2.647927	36.393711
0.747754	2.011272	28.500733
0.748359	1.360037	20.454027
0.748965	0.754971	12.184728
0.749570	0.123783	4.036893
0.750176	-0.536564	-4.093319
0.750781	-1.144667	-12.513905
0.751387	-1.770995	-20.540277
0.751992	-2.391856	-28.512694
0.752598	-3.038231	-36.544759
0.753203	-3.488385	-44.270453
0.753809	-4.024196	-51.791991
0.754414	-4.663889	-59.185286
0.755020	-5.132268	-66.211479
0.755625	-5.634667	-72.958143
0.756230	-6.029539	-79.367527
0.756836	-6.414691	-85.304884
0.757441	-6.777366	-91.173104
0.758047	-7.140648	-96.264009
0.758652	-7.477808	-100.966936
0.759258	-7.720199	-105.419886
0.759863	-7.922495	-109.127514
0.760469	-8.186148	-112.334104
0.761074	-8.243860	-115.049959
0.761680	-8.325264	-117.304902
0.762285	-8.404239	-118.924871
0.762891	-8.426109	-120.018316
0.763496	-8.403024	-120.540502
0.764102	-8.293067	-120.470010
0.764707	-8.166708	-119.868384
0.765312	-8.023339	-118.704718
0.765918	-7.807071	-117.140871
0.766523	-7.532483	-114.629716
0.767129	-7.279157	-111.781010
0.767734	-6.947465	-108.580384
0.768340	-6.603015	-104.579942
0.768945	-6.148000	-100.168474
0.769551	-5.752521	-95.408340
0.770156	-5.279889	-90.139035
0.770762	-4.766556	-84.402581
0.771367	-4.311542	-78.362739
0.771973	-3.686429	-71.822673
0.772578	-3.098980	-65.021513
0.773184	-2.540692	-57.894733
0.773789	-1.961141	-50.519061
0.774395	-1.332384	-43.071541
0.775000	-0.698158	-35.049507
0.775605	-0.068185	-27.072481
0.776211	0.624360	-19.132327
0.776816	1.262837	-10.824257
0.777422	1.920755	-2.519441
0.778027	2.498483	5.740369
0.778633	3.154578	13.928872
0.779238	3.815533	22.130390
0.779844	4.407842	30.217222
0.780449	4.994682	38.041064
0.781055	5.565121	45.779501
0.781660	6.132521	53.347943
0.782266	6.626415	60.562838
0.782871	7.126991	67.365896
0.783477	7.620885	74.250019
0.784082	7.979308	80.554750
0.784687	8.436752	86.347326
0.785293	8.808539	91.973431
0.785898	9.116539	97.149741
0.786504	9.431829	101.716563
0.787109	9.703987	105.824914
0.787715	9.902638	109.569686
0.788320	10.035680	112.631225
0.788926	10.214284	115.356026
0.789531	10.296296	117.368042
0.790137	10.305408	118.924297
0.790742	10.241013	119.886789
0.791348	10.210031	120.093657
0.791953	10.120729	120.146526
0.792559	9.899601	119.490676
0.793164	9.731325	118.045582
0.793770	9.496224	116.255618
0.794375	9.219206	113.915270
0.794980	8.881439	111.021287
0.795586	8.510866	107.572311
0.796191	8.155481	103.708787
0.796797	7.717477	99.314129
0.797402	7.233303	94.418433
0.798008	6.762494	89.067247
0.798613	6.264955	83.432194
0.799219	5.710312	77.326198
0.799824	5.164173	70.660330
0.800430	4.505648	64.116197
0.801035	3.857451	56.987248
0.801641	3.287012	49.511259
0.802246	2.630917	41.986739
0.802852	1.965102	34.212785
0.803457	1.384944	26.252568
0.804063	0.679034	18.110969
0.804668	-0.007436	9.975334
0.805273	-0.746150	1.687328
0.805879	-1.336636	-6.493042
0.806484	-1.992124	-14.774000
0.807090	-2.603872	-22.859205
0.807695	-3.278799	-30.905640
0.808301	-3.861387	-39.035580
0.808906	-4.444583	-46.513196
0.809512	-5.024134	-53.992709
0.810117	-5.531393	-61.360790
0.810723	-6.028324	-68.324082
0.811328	-6.452963	-74.925151
0.811934	-6.965689	-81.274617
0.812539	-7.386684	-87.255896
0.813145	-7.726274	-92.765147
0.813750	-8.098061	-97.833549
0.814355	-8.356247	-102.441040
0.814961	-8.550645	-106.716945
0.815566	-8.813083	-110.270846
0.816172	-8.998369	-113.349465
0.816777	-9.121084	-116.198442
0.817383	-9.197020	-118.060255
0.817988	-9.239545	-119.447870
0.818594	-9.192768	-120.512576
0.819199	-9.198843	-120.926583
0.819805	-8.997154	-120.687452
0.820410	-8.873225	-119.905528
0.821016	-8.647237	-118.630158
0.821621	-8.418211	-116.705445
0.822227	-8.119931	-114.258546
0.822832	-7.803426	-111.271838
0.823438	-7.432246	-107.823947
0.824043	-7.014897	-103.767381
0.824648	-6.517965	-99.229841
0.825254	-6.082998	-94.454524
0.825859	-5.558122	-88.923312
0.826465	-5.008339	-82.988124
0.827070	-4.443368	-76.861523
0.827676	-3.820685	-70.254489
0.828281	-3.159123	-63.287130
0.828887	-2.526720	-56.110734
0.829492	-1.882167	-48.698731
0.830098	-1.253409	-40.967072
0.830703	-0.553574	-33.108798
0.831309	0.085511	-25.086493
0.831914	0.806001	-17.027858
0.832520	1.552005	-8.724397
0.833125	2.138238	-0.385420
0.833730	2.849616	7.679452
0.834336	3.552488	16.061538
0.834941	4.155123	24.378826
0.835547	4.857996	32.333350
0.836152	5.447266	40.165596
0.836758	5.978217	47.861737
0.837363	6.641603	55.392764
0.837969	7.227228	62.587596
0.838574	7.746637	69.453284
0.839180	8.259363	76.111831
0.839785	8.688255	82.318957
0.840391	9.104997	88.001999
0.840996	9.492579	93.574964
0.841602	9.831562	98.604596
0.842207	10.171152	102.942860
0.842812	10.361298	107.028436
0.843418	10.637708	110.730913
0.844023	10.753132	113.642248
0.844629	10.902576	116.134696
0.845234	11.001598	118.146983
0.845840	10.994915	119.488236
0.846445	10.947531	120.315437
0.847051	10.901361	120.575987
0.847656	10.849724	120.315708
0.848262	10.616446	119.403103
0.848867	10.467002	117.915442
0.849473	10.225219	116.033295
0.850078	9.928761	113.655262
0.850684	9.545431	110.369775
0.851289	9.255656	106.982887
0.851895	8.783632	103.104721
0.852500	8.342590	98.445446
0.853105	7.829864	93.461363
0.853711	7.308025	88.063273
0.854316	6.846936	82.230028
0.854922	6.261310	76.061673
0.855527	5.658067	69.445692
0.856133	4.953373	62.574854
0.856738	4.341625	55.369176
0.857344	3.669127	47.752203
0.857949	3.031257	40.167765
0.858555	2.258522	32.432581
0.859160	1.596960	24.236486
0.859766	0.971239	16.126066
0.860371	0.237385	8.025406
0.860977	-0.464272	-0.285646
0.861582	-1.176865	-8.492586
0.862187	-1.790435	-16.652893
0.862793	-2.524897	-24.846006
0.863398	-3.129355	-32.834149
0.864004	-3.800638	-40.768880
0.864609	-4.503510	-48.429775
0.865215	-4.999226	-55.896003
0.865820	-5.620087	-63.283063
0.866426	-6.184450	-70.030811
0.867031	-6.681989	-76.580909
0.867637	-7.125461	-82.983786
0.868242	-7.571970	-88.856344
0.868848	-7.970487	-94.107756
0.869453	-8.293067	-99.164771
0.870059	-8.680649	-103.794223
0.870664	-8.978930	-107.780296
0.871270	-9.212815	-111.319827
0.871875	-9.387774	-114.346119
0.872480	-9.510488	-116.861884
0.873086	-9.558480	-118.739150
0.873691	-9.659325	-120.125953
0.874297	-9.635025	-121.116913
0.874902	-9.553013	-121.133723
0.875508	-9.494693	-120.760113
0.876113	-9.358007	-120.060069
0.876719	-9.150243	-118.548821
0.877324	-8.955237	-116.423205
0.877930	-8.605320	-113.856468
0.878535	-8.331339	-110.793574
0.879141	-7.955907	-107.094351
0.879746	-7.562250	-103.039683
0.880352	-7.095693	-98.402098
0.880957	-6.608482	-93.388733
0.881563	-6.119448	-87.876771
0.882168	-5.614012	-81.845063
0.882773	-5.005301	-75.759401
0.883379	-4.421498	-68.964478
0.883984	-3.803068	-61.834444
0.884590	-3.164590	-54.692481
0.885195	-2.432558	-47.185042
0.885801	-1.819595	-39.386145
0.886406	-1.145882	-31.377396
0.887012	-0.447263	-23.402539
0.887617	0.317574	-15.151134
0.888223	0.977922	-6.844149
0.888828	1.698412	1.424608
0.889434	2.392171	9.731322
0.890039	3.086539	17.861534
0.890645	3.726839	26.108059
0.891250	4.375644	33.906143
0.891855	5.079124	41.881272
0.892461	5.672647	49.723279
0.893066	6.275890	56.903199
0.893672	6.877311	64.082035
0.894277	7.424057	70.992729
0.894883	7.951970	77.513003
0.895488	8.357170	83.595411
0.896094	8.851671	89.403171
0.896699	9.195514	94.722363
0.897305	9.698520	99.651136
0.897910	9.966426	104.044981
0.898516	10.295688	108.024547
0.899121	10.462749	111.516903
0.899727	10.764675	114.215676
0.900332	10.918371	116.833113
0.900937	10.948746	118.709024
0.901543	11.016178	119.835546
0.902148	11.053842	120.538843
0.902754	10.968186	120.776348
0.903359	10.925661	120.358546
0.903965	10.783507	119.330441
0.904570	10.635278	117.866369
0.905176	10.449992	115.791995
0.905781	10.139562	113.140396
0.906387	9.807262	109.886631
0.906992	9.455522	106.354420
0.907598	9.063080	102.189405
0.908203	8.626898	97.354440
0.908809	8.187679	92.424854
0.909414	7.695607	87.066077
0.910020	7.164656	81.004003
0.910625	6.675015	74.696290
0.911230	6.020742	68.098474
0.911836	5.439369	61.154432
0.912441	4.840986	53.877720
0.913047	4.203116	46.386006
0.913652	3.489308	38.704777
0.914258	2.833213	30.757031
0.914863	2.123658	22.736354
0.915469	1.466348	14.500945
0.916074	0.764083	6.399744
0.916680	0.123783	-2.076966
0.917285	-0.526844	-10.206364
0.917891	-1.300794	-18.217010
0.918496	-1.951421	-26.499052
0.919102	-2.565599	-34.517290
0.919707	-3.218050	-42.339775
0.920312	-3.815825	-49.982234
0.920918	-4.451265	-57.425959
0.921523	-4.936654	-64.561957
0.922129	-5.513775	-71.437947
0.922734	-6.109121	-77.965813
0.923340	-6.476048	-84.215234
0.923945	-7.008214	-89.949518
0.924551	-7.454116	-95.202557
0.925156	-7.799781	-100.279635
0.925762	-8.136941	-104.706286
0.926367	-8.455268	-108.508808
0.926973	-8.698874	-111.950734
0.927578	-8.911498	-114.867221
0.928184	-9.087671	-117.269113
0.928789	-9.152673	-119.048775
0.929395	-9.316090	-120.346106
0.930000	-9.275387	-121.022561
0.930605	-9.256555	-121.173307
0.931211	-9.189730	-120.715106
0.931816	-9.115009	-119.754783
0.932422	-8.939442	-118.227810
0.933027	-8.715884	-115.877702
0.933633	-8.494148	-113.379560
0.934238	-8.184933	-110.194389
0.934844	-7.865998	-106.222414
0.935449	-7.449256	-102.048452
0.936055	-7.068964	-97.318955
0.936660	-6.663764	-92.198497
0.937266	-6.097578	-86.587845
0.937871	-5.597610	-80.608193
0.938477	-5.039929	-74.190404
0.939082	-4.506548	-67.450518
0.939688	-3.974382	-60.386910
0.940293	-3.321324	-53.129719
0.940898	-2.701071	-45.631499
0.941504	-2.075958	-37.622479
0.942109	-1.389488	-29.803789
0.942715	-0.735215	-21.841403
0.943320	-0.045708	-13.481007
0.943926	0.565432	-5.203303
0.944531	1.265875	3.066538
0.945137	1.934727	11.319028
0.945742	2.576243	19.550911
0.946348	3.251170	27.636659
0.946953	3.886003	35.568679
0.947559	4.472844	43.379235
0.948164	5.113751	51.074292
0.948770	5.669610	58.338804
0.949375	6.305658	65.333546
0.949980	6.815954	72.385496
0.950586	7.246061	78.656064
0.951191	7.783694	84.570375
0.951797	8.210763	90.490651
0.952402	8.695545	95.723897
0.953008	8.958590	100.506534
0.953613	9.327340	104.788947
0.954219	9.575198	108.648676
0.954824	9.814552	111.944737
0.955430	9.965818	114.664659
0.956035	10.214891	116.993619
0.956641	10.321810	118.753217
0.957246	10.343680	119.842053
0.957852	10.422655	120.316792
0.958457	10.374663	120.586832
0.959063	10.291436	119.925831
0.959668	10.148674	118.755386
0.960273	10.033250	117.159276
0.960879	9.868011	115.045046
0.961484	9.560011	112.320245
0.962090	9.306685	108.993818
0.962695	8.950693	105.309506
0.963301	8.628720	101.005133
0.963906	8.206511	96.283770
0.964512	7.787339	91.136741
0.965117	7.305595	85.594684
0.965723	6.831141	79.518783
0.966328	6.337855	72.994441
0.966934	5.799614	66.551980
0.967539	5.169641	59.488372
0.968145	4.615605	52.045731
0.968750	4.065214	44.596313
0.969355	3.375707	36.906407
0.969961	2.795548	28.954053
0.970566	2.105434	20.865865
0.971172	1.500368	12.723995
0.971777	0.819973	4.514343
0.972383	0.177243	-3.738959
0.972988	-0.465487	-11.954304
0.973594	-1.108218	-20.077196
0.974199	-1.766135	-28.201714
0.974805	-2.358443	-36.340874
0.975410	-2.985379	-43.952424
0.976016	-3.592874	-51.491856
0.976621	-4.129293	-58.977605
0.977227	-4.685151	-65.991055
0.977832	-5.169933	-72.734465
0.978437	-5.658967	-79.220306
0.979043	-6.137673	-85.272620
0.979648	-6.603015	-90.974912
0.980254	-6.948680	-96.161524
0.980859	-7.333224	-100.999471
0.981465	-7.664917	-105.362407
0.982070	-7.925532	-109.124803
0.982676	-8.163063	-112.372061
0.983281	-8.317974	-115.387238
0.983887	-8.425501	-117.446429
0.984492	-8.582842	-118.978282
0.985098	-8.668499	-120.255008
0.985703	-8.676397	-120.820303
0.986309	-8.588310	-120.764722
0.986914	-8.550645	-120.156047
0.987520	-8.445548	-119.040641
0.988125	-8.213485	-117.319813
0.988730	-8.119931	-115.059177
0.989336	-7.915812	-112.223756
0.989941	-7.570755	-108.957248
0.990547	-7.267615	-105.080438
0.991152	-6.922557	-100.682526
0.991758	-6.532545	-96.116789
0.992363	-5.998557	-90.740118
0.992969	-5.617049	-84.879218
0.993574	-5.082453	-78.918003
0.994180	-4.564260	-72.471474
0.994785	-4.043636	-65.657572
0.995391	-3.475020	-58.550041
0.995996	-2.869955	-51.183587
0.996602	-2.218719	-43.573392
0.997207	-1.627019	-35.701562
0.997812	-0.992186	-27.736194
0.998418	-0.356746	-19.754558
0.999023	0.270797	-11.487699
0.999629	0.867965	-3.108595
1.000234	1.584202	4.935400
1.000840	2.219035	13.248621
1.001445	2.811343	21.575398
1.002051	3.462579	29.589569
1.002656	4.029372	37.453537
1.003262	4.666635	45.292832
1.003867	5.187866	52.818979
1.004473	5.714564	60.022487
1.005078	6.299583	67.068472
1.005684	6.794691	73.745185
1.006289	7.244846	80.096820
1.006895	7.657943	85.963684
1.007500	8.132397	91.502217
1.008105	8.432499	96.782368
1.008711	8.801857	101.277613
1.009316	9.067940	105.385421
1.009922	9.317013	109.319980
1.010527	9.579451	112.517894
1.011133	9.716745	115.140753
1.011738	9.888666	117.257152
1.012344	9.934836	118.850280
1.012949	9.987688	119.836360
1.013555	9.966426	120.219730
1.014160	9.929368	120.198853
1.014766	9.770204	119.473595
1.015371	9.691838	118.159725
1.015977	9.562441	116.332346
1.016582	9.303648	114.215405
1.017187	9.011443	111.192095
1.017793	8.687647	107.710314
1.018398	8.424602	104.081041
1.019004	8.038842	99.663608
1.019609	7.619670	94.781468
1.020215	7.153721	89.504300
1.020820	6.678660	83.829663
1.021426	6.158036	77.717431
1.022031	5.742509	71.357120
1.022637	5.075479	64.528035
1.023242	4.525088	57.510518
1.023848	3.921845	50.086314
1.024453	3.321032	42.409965
1.025059	2.753024	34.853723
1.025664	2.160108	26.814880
1.026270	1.517378	18.594926
1.026875	0.849133	10.534393
1.027480	0.149906	2.337756
1.028086	-0.416888	-5.890332
1.028691	-1.106395	-14.109202
1.029297	-1.678048	-22.262460
1.029902	-2.292226	-30.309979
1.030508	-2.895469	-38.259893
1.031113	-3.513900	-46.032221
1.031719	-4.023589	-53.445851
1.032324	-4.570335	-60.802544
1.032930	-5.077593	-67.908719
1.033535	-5.601255	-74.320815
1.034141	-6.027109	-80.817772
1.034746	-6.443243	-86.829959
1.035352	-6.848443	-92.279021
1.035957	-7.172238	-97.363148
1.036563	-7.517295	-102.077462
1.037168	-7.720806	-106.257932
1.037773	-8.023339	-109.939532
1.038379	-8.234748	-113.103827
1.038984	-8.367182	-115.747562
1.039590	-8.500223	-117.923066
1.040195	-8.574338	-119.331015
1.040801	-8.599245	-120.435577
1.041406	-8.537888	-120.896760
1.042012	-8.444941	-120.525319
1.042617	-8.401809	-119.907968
1.043223	-8.235355	-118.715834
1.043828	-8.016657	-116.717375
1.044434	-7.753004	-114.329038
1.045039	-7.502108	-111.349651
1.045645	-7.151583	-107.905284
1.046250	-6.857555	-103.948221
1.046855	-6.508853	-99.483613
1.047461	-6.011921	-94.568939
1.048066	-5.561160	-89.167866
1.048672	-5.047826	-83.380984
1.049277	-4.578232	-77.304540
1.049883	-4.002934	-70.754984
1.050488	-3.482310	-63.629560
1.051094	-2.842010	-56.599300
1.051699	-2.182877	-49.221459
1.052305	-1.625196	-41.509050
1.052910	-1.003121	-33.633153
1.053516	-0.399878	-25.602714
1.054121	0.347949	-17.451897
1.054727	0.966987	-9.230316
1.055332	1.596960	-0.935531
1.055937	2.202025	7.257853
1.056543	2.864195	15.451779
1.057148	3.455896	23.673089
1.057754	4.080401	31.599144
1.058359	4.684860	39.395873
1.058965	5.256513	47.375611
1.059570	5.767417	54.672928
1.060176	6.367015	61.825465
1.060781	6.854226	68.805296
1.061387	7.282510	75.411788
1.061992	7.738739	81.651991
1.062598	8.173099	87.504485
1.063203	8.552176	92.994758
1.063809	8.893588	97.991312
1.064414	9.241683	102.509332
1.065020	9.462204	106.527940
1.065625	9.659033	110.220114
1.066230	9.855861	113.053637
1.066836	10.015633	115.586753
1.067441	10.017455	117.814042
1.068047	10.101897	119.118964
1.068652	10.102505	119.944809
1.069258	10.111009	120.279648
1.069863	9.999230	120.012048
1.070469	9.796934	119.210062
1.071074	9.609218	117.756292
1.071680	9.532066	115.893124
1.072285	9.236216	113.440802
1.072891	8.936721	110.378180
1.073496	8.605636	106.848138
1.074102	8.148799	102.934997
1.074707	7.815891	98.411284
1.075312	7.339007	93.261544
1.075918	6.908901	88.201004
1.076523	6.386454	82.282084
1.077129	5.844568	76.073061
1.077734	5.329412	69.588846
1.078340	4.717057	62.711771
1.078945	4.135076	55.529682
1.079551	3.471083	48.104394
1.080156	2.863588	40.490132
1.080762	2.184408	32.677949
1.081367	1.524060	24.623381
1.081973	0.896518	16.414814
1.082578	0.221590	8.355365
1.083184	-0.412635	0.093386
1.083789	-1.042608	-8.263215
1.084395	-1.666506	-16.188728
1.085000	-2.348724	-24.345510
1.085605	-2.947714	-32.451863
1.086211	-3.550350	-40.345654
1.086816	-4.131723	-48.022275
1.087422	-4.731321	-55.483623
1.088027	-5.199700	-62.712075
1.088633	-5.685089	-69.612737
1.089238	-6.250060	-76.199437
1.089844	-6.635819	-82.492509
1.090449	-7.090226	-88.439084
1.091055	-7.443181	-93.738213
1.091660	-7.779733	-98.778690
1.092266	-8.102921	-103.500866
1.092871	-8.365359	-107.358155
1.093477	-8.615647	-110.890095
1.094082	-8.820981	-113.983897
1.094688	-8.903600	-116.494781
1.095293	-8.958882	-118.402685
1.095898	-9.015987	-119.790571
1.096504	-9.021454	-120.638920
1.097109	-8.961312	-120.862056
1.097715	-8.891450	-120.550805
1.098320	-8.759624	-119.688629
1.098926	-8.526953	-118.343580
1.099531	-8.285170	-116.160756
1.100137	-8.042779	-113.642551
1.100742	-7.684964	-110.725793
1.101348	-7.361169	-106.956891
1.101953	-6.929847	-102.815192
1.102559	-6.536190	-98.226951
1.103164	-6.099401	-93.265372
1.103770	-5.604899	-87.762086
1.104375	-5.011984	-81.826356
1.104980	-4.564260	-75.594015
1.105586	-3.911202	-68.946584
1.106191	-3.331044	-61.933947
1.106797	-2.731446	-54.712816
1.107402	-2.062593	-47.319520
1.108008	-1.380983	-39.438743
1.108613	-0.758300	-31.504825
1.109219	-0.036596	-23.661734
1.109824	0.618892	-15.381048
1.110430	1.233678	-7.090330
1.111035	1.936550	1.173547
1.111641	2.618160	9.466705
1.112246	3.287012	17.666324
1.112852	3.997175	25.811991
1.113457	4.599203	33.837820
1.114062	5.156276	41.577884
1.114668	5.771062	49.293546
1.115273	6.382809	56.714767
1.115879	6.901003	63.691887
1.116484	7.390645	70.724858
1.117090	7.871781	77.259773
1.117695	8.423387	83.217464
1.118301	8.792744	89.132046
1.118906	9.123222	94.534474
1.119512	9.482859	99.349646
1.120117	9.861936	103.832962
1.120723	10.053905	107.714381
1.121328	10.301763	111.209719
1.121934	10.501022	114.105329
1.122539	10.636493	116.478211
1.123145	10.716075	118.382590
1.123750	10.728225	119.663111
1.124355	10.697243	120.172283
1.124961	10.649858	120.538572
1.125566	10.576351	120.159811
1.126172	10.432375	118.963339
1.126777	10.220359	117.586568
1.127383	10.007735	115.544458
1.127988	9.677865	112.910212
1.128594	9.312153	109.759202
1.129199	9.037565	106.157855
1.129805	8.548531	101.988230
1.130410	8.162164	97.347662
1.131016	7.680420	92.285767
1.131621	7.202928	86.844568
1.132227	6.560198	80.953303
1.132832	6.054762	74.444958
1.133438	5.444836	67.936071
1.134043	4.834911	61.115390
1.134648	4.203723	53.729144
1.135254	3.579825	46.291113
1.135859	2.904290	38.596869
1.136465	2.270672	30.742662
1.137070	1.594530	22.650678
1.137676	0.867965	14.482238
1.138281	0.163270	6.280720
1.138887	-0.456375	-1.889347
1.139492	-1.193875	-10.199044
1.140098	-1.866980	-18.434995
1.140703	-2.515785	-26.443472
1.141309	-3.173702	-34.621944
1.141914	-3.798208	-42.424637
1.142520	-4.432433	-49.880563
1.143125	-5.023526	-57.406980
1.143730	-5.527748	-64.648717
1.144336	-6.055661	-71.442014
1.144941	-6.599370	-77.931380
1.145547	-7.075646	-84.140946
1.146152	-7.541595	-89.926744
1.146758	-7.946795	-95.252172
1.147363	-8.329517	-100.148682
1.147969	-8.571908	-104.638505
1.148574	-8.845888	-108.606141
1.149180	-9.073091	-111.924977
1.149785	-9.280247	-114.950998
1.150391	-9.421794	-117.408471
1.150996	-9.559695	-118.942223
1.151602	-9.578528	-120.274258
1.152207	-9.546330	-121.040727
1.152813	-9.508666	-121.097121
1.153418	-9.398101	-120.636480
1.154023	-9.262630	-119.635217
1.154629	-9.092531	-118.092247
1.155234	-8.861075	-115.912677
1.155840	-8.509943	-113.210379
1.156445	-8.254795	-110.039848
1.157051	-7.879970	-106.404068
1.157656	-7.482061	-101.981484
1.158262	-7.008822	-97.466176
1.158867	-6.484553	-92.333788
1.159473	-6.052016	-86.534705
1.160078	-5.506485	-80.629612
1.160684	-4.930579	-74.258727
1.161289	-4.320654	-67.481155
1.161895	-3.705261	-60.365220
1.162500	-3.032763	-53.125110
1.163105	-2.356621	-45.515457
1.163711	-1.751555	-37.743943
1.164316	-1.017093	-29.737906
1.164922	-0.313614	-21.666799
1.165527	0.406269	-13.584576
1.166133	1.072691	-5.078043
1.166738	1.722104	2.968120
1.167344	2.477221	11.284866
1.167949	3.163083	19.655836
1.168555	3.787589	27.761376
1.169160	4.431534	35.689872
1.169766	5.147771	43.518864
1.170371	5.674470	51.156172
1.170977	6.269208	58.468401
1.171582	6.863946	65.542041
1.172187	7.353587	72.352147
1.172793	7.936783	78.796507
1.173398	8.390582	84.799747
1.174004	8.838914	90.492007
1.174609	9.262338	95.886301
1.175215	9.594031	100.521989
1.175820	9.965211	104.802503
1.176426	10.186946	108.817315
1.177031	10.431767	112.171668
1.177637	10.640746	114.861495
1.178242	10.747057	117.128910
1.178848	10.878884	118.892575
1.179453	10.904399	120.019640
1.180059	10.953606	120.587646
1.180664	10.830892	120.670339
1.181270	10.762852	120.119143
1.181875	10.660185	118.961170
1.182480	10.465787	117.245493
1.183086	10.210639	115.265200
1.183691	9.925723	112.357389
1.184297	9.628658	109.035571
1.184902	9.306078	105.513663
1.185508	8.855924	101.214441
1.186113	8.426424	96.451053
1.186719	8.003000	91.258205
1.187324	7.534621	85.733229
1.187930	6.886423	79.633197
1.188535	6.438092	73.311386
1.189141	5.834241	66.559300
1.189746	5.189081	59.598448
1.190352	4.538453	52.197019
1.190957	3.912125	44.571099
1.191563	3.225655	37.023262
1.192168	2.534933	29.026714
1.192773	1.933512	20.738708
1.193379	1.208163	12.770628
1.193984	0.519870	4.572093
1.194590	-0.170245	-3.707780
1.195195	-0.824517	-11.911467
1.195801	-1.502482	-20.153653
1.196406	-2.154932	-28.245637
1.197012	-2.861450	-36.275261
1.197617	-3.465908	-44.076599
1.198223	-4.096488	-51.617658
1.198828	-4.681506	-59.042675
1.199434	-5.223392	-66.290376
1.200039	-5.781681	-72.826105
1.200645	-6.370344	-79.390030
1.201250	-6.793161	-85.577364
1.201855	-7.264577	-91.082548
1.202461	-7.675244	-96.302780
1.203066	-8.072546	-101.203085
1.203672	-8.367182	-105.522913
1.204277	-8.675182	-109.362037
1.204883	-8.857430	-112.620411
1.205488	-9.029959	-115.455019
1.206094	-9.273565	-117.763644
1.206699	-9.348894	-119.392561
1.207305	-9.379269	-120.517728
1.207910	-9.432121	-121.273081
1.208516	-9.431514	-121.107152
1.209121	-9.352539	-120.463232
1.209727	-9.201880	-119.537341
1.210332	-8.984397	-117.722704
1.210937	-8.766914	-115.431431
1.211543	-8.523308	-112.622580
1.212148	-8.212270	-109.338449
1.212754	-7.844735	-105.450794
1.213359	-7.528838	-101.130695
1.213965	-7.072609	-96.352396
1.214570	-6.618809	-91.065467
1.215176	-6.106083	-85.375918
1.215781	-5.611582	-79.255824
1.216387	-5.081238	-72.958414
1.216992	-4.460985	-65.963400
1.217598	-3.909987	-58.744709
1.218203	-3.282444	-51.540387
1.218809	-2.589292	-43.881932
1.219414	-2.024928	-36.008746
1.220020	-1.250372	-27.994575
1.220625	-0.546284	-19.901507
1.221230	0.011397	-11.740929
1.221836	0.778056	-3.375923
1.222441	1.363074	4.850538
1.223047	2.147958	13.036873
1.223652	2.790689	21.309967
1.224258	3.396362	29.400324
1.224863	4.067037	37.138490
1.225469	4.731637	45.088675
1.226074	5.306327	52.793764
1.226680	5.905926	59.922713
1.227285	6.445989	66.966529
1.227891	6.994557	73.728918
1.228496	7.472656	80.048018
1.229102	7.959260	86.008420
1.229707	8.346235	91.652149
1.230312	8.809147	96.824392
1.230918	9.194299	101.507797
1.231523	9.477999	105.614792
1.232129	9.778709	109.343839
1.232734	9.963388	112.692499
1.233340	10.160217	115.146989
1.233945	10.279893	117.400848
1.234551	10.417187	119.195963
1.235156	10.462142	120.089319
1.235762	10.515601	120.553213
1.236367	10.455459	120.444492
1.236973	10.335783	119.741466
1.237578	10.248911	118.574275
1.238184	10.087925	116.768585
1.238789	9.851609	114.490868
1.239395	9.609826	111.667919
