LabVIEW Measurement	
Writer_Version	2
Reader_Version	2
Separator	Tab
Decimal_Separator	.
Multi_Headings	No
X_Columns	One
Time_Pref	Absolute
Operator	AlunosGDS-JT
Date	2019/10/09
Time	15:11:28.9575998562499047959
***End_of_Header***	
	
Channels	2		
Samples	2048	2048	
Date	2019/10/09	2019/10/09	
Time	15:11:28.9575998562499047959	15:11:28.9575998562499047959	
Y_Unit_Label	g	Newtons	
X_Dimension	Time	Time	
X0	0.0000000000000000E+0	0.0000000000000000E+0	
Delta_X	0.000605	0.000605	
***End_of_Header***			
X_Value	Acceleration (Trigger)	Force (Trigger)	Comment
0.000000	-0.292959	1.140469
0.000605	-0.287491	1.468801
0.001211	-0.271089	1.852443
0.001816	-0.360391	1.867083
0.002422	-0.416888	2.358632
0.003027	-0.309969	2.798938
0.003633	-0.263191	3.006349
0.004238	-0.260154	3.287505
0.004844	-0.208517	3.658674
0.005449	-0.235247	3.927630
0.006055	-0.203657	4.235085
0.006660	-0.165992	4.579413
0.007266	-0.213377	4.864365
0.007871	-0.167815	5.203000
0.008477	-0.182395	5.401192
0.009082	-0.167207	5.868068
0.009687	-0.173890	6.103133
0.010293	-0.138655	6.273400
0.010898	-0.095523	6.886412
0.011504	-0.141085	7.114699
0.012109	-0.104635	7.380672
0.012715	-0.091878	7.690568
0.013320	-0.077298	8.012935
0.013926	-0.102813	8.329608
0.014531	-0.054213	8.624049
0.015137	-0.122860	8.961600
0.015742	-0.059680	9.248178
0.016348	-0.008043	9.556718
0.016953	-0.014726	9.782022
0.017559	-0.013511	10.230191
0.018164	-0.001968	10.418623
0.018770	0.172990	10.750750
0.019375	0.071539	11.227930
0.019980	-0.020193	11.404974
0.020586	0.050884	11.706736
0.021191	0.042379	12.042117
0.021797	0.089156	12.388614
0.022402	0.029621	12.639946
0.023008	0.089156	12.949028
0.023613	0.114063	13.230727
0.024219	0.086726	13.583731
0.024824	0.069109	13.812560
0.025430	0.106166	14.124353
0.026035	0.114671	14.521009
0.026641	0.123783	14.640574
0.027246	0.123176	14.980836
0.027852	0.044201	15.481061
0.028457	0.089156	15.696605
0.029062	0.071539	15.965831
0.029668	0.094623	16.323716
0.030273	0.135326	16.625477
0.030879	0.069109	16.891451
0.031484	0.118316	17.208666
0.032090	0.063034	17.506903
0.032695	0.077006	17.818968
0.033301	0.083689	17.983811
0.033906	0.054529	18.327326
0.034512	0.067286	18.698767
0.035117	0.102521	18.783900
0.035723	0.046631	19.220682
0.036328	0.047239	19.649329
0.036934	0.059996	19.798990
0.037539	0.043594	20.119731
0.038145	0.136541	20.527231
0.038750	0.073361	20.769345
0.039355	0.100091	20.993294
0.039961	0.032659	21.313221
0.040566	0.086118	21.594648
0.041172	0.077614	21.872551
0.041777	0.005929	22.071285
0.042383	0.036304	22.444624
0.042988	-0.002576	22.771600
0.043594	0.021116	22.813895
0.044199	0.005929	23.405760
0.044805	-0.028091	23.698575
0.045410	-0.037203	23.880499
0.046016	-0.031128	24.182261
0.046621	0.003499	24.523064
0.047227	-0.077905	24.773855
0.047832	0.025369	25.036574
0.048438	-0.049960	25.351079
0.049043	-0.051175	25.666397
0.049648	-0.051783	25.901733
0.050254	-0.079120	26.141949
0.050859	-0.088840	26.551076
0.051465	-0.080943	26.745744
0.052070	-0.123467	26.889711
0.052676	-0.136832	27.426808
0.053281	-0.092485	27.700102
0.053887	-0.123467	27.919171
0.054492	-0.087625	28.181077
0.055098	-0.186039	28.495581
0.055703	-0.119215	28.759928
0.056309	-0.116178	29.052742
0.056914	-0.162347	29.327392
0.057520	-0.176927	29.619393
0.058125	-0.132580	29.821652
0.058730	-0.154450	30.102266
0.059336	-0.123467	30.555044
0.059941	-0.260154	30.600050
0.060547	-0.165992	30.928382
0.061152	-0.162347	31.425625
0.061758	-0.237677	31.630866
0.062363	-0.167207	31.818755
0.062969	-0.165992	32.182333
0.063574	-0.218844	32.438817
0.064180	-0.205479	32.701808
0.064785	-0.173282	32.976999
0.065391	-0.271089	33.209353
0.065996	-0.244967	33.562628
0.066602	-0.241929	33.762989
0.067207	-0.246789	34.046586
0.067812	-0.213377	34.431582
0.068418	-0.258331	34.475234
0.069023	-0.169637	34.836371
0.069629	-0.254079	35.297554
0.070234	-0.328193	35.439624
0.070840	-0.271696	35.735963
0.071445	-0.281416	36.036640
0.072051	-0.306324	36.315085
0.072656	-0.265014	36.585125
0.073262	-0.289314	36.853538
0.073867	-0.231602	37.140930
0.074473	-0.273519	37.454892
0.075078	-0.227957	37.681824
0.075684	-0.204264	37.943730
0.076289	-0.215199	38.288058
0.076895	-0.178142	38.321135
0.077500	-0.231602	38.695287
0.078105	-0.237677	39.190361
0.078711	-0.198797	39.323212
0.079316	-0.197582	39.612502
0.079922	-0.229172	39.851362
0.080527	-0.202442	40.125198
0.081133	-0.222489	40.355383
0.081738	-0.170852	40.685884
0.082344	-0.185432	40.976800
0.082949	-0.196367	41.215661
0.083555	-0.170245	41.390536
0.084160	-0.200619	41.753843
0.084766	-0.158095	42.003549
0.085371	-0.234639	41.982672
0.085977	-0.174497	42.509467
0.086582	-0.080943	42.849729
0.087188	-0.105243	43.019453
0.087793	-0.093093	43.272141
0.088398	-0.061503	43.605624
0.089004	-0.058465	43.824693
0.089609	-0.064540	44.081719
0.090215	-0.064540	44.346607
0.090820	-0.029913	44.614479
0.091426	-0.028091	44.842765
0.092031	-0.021408	44.989986
0.092637	0.049669	45.409958
0.093242	0.022939	45.634991
0.093848	-0.000753	45.691114
0.094453	0.029014	46.211673
0.095059	0.042986	46.471139
0.095664	0.022331	46.606431
0.096270	0.075184	46.916055
0.096875	0.048454	47.143800
0.097480	0.036911	47.410044
0.098086	0.074576	47.635077
0.098691	0.109203	47.923554
0.099297	0.100091	48.174886
0.099902	0.161448	48.366029
0.100508	0.176028	48.569915
0.101113	0.151121	48.912616
0.101719	0.112848	49.094541
0.102324	0.078829	49.135752
0.102930	0.135326	49.693184
0.103535	0.151121	49.903305
0.104141	0.176028	50.109902
0.104746	0.088548	50.323006
0.105352	0.162663	50.615007
0.105957	0.149906	50.871220
0.106563	0.182710	51.066430
0.107168	0.138971	51.312340
0.107773	0.095838	51.561503
0.108379	0.178458	51.746952
0.108984	0.191823	51.913694
0.109590	0.178458	52.320923
0.110195	0.072754	52.327701
0.110801	0.119531	52.534027
0.111406	0.180280	53.021509
0.112012	0.111026	53.173881
0.112617	0.171168	53.374784
0.113223	0.109203	53.559420
0.113828	0.120138	53.843016
0.114434	0.077614	53.980476
0.115039	0.131681	54.263530
0.115645	0.113456	54.518659
0.116250	0.045416	54.734474
0.116855	0.053314	54.857293
0.117461	0.030836	55.064975
0.118066	0.042986	55.434517
0.118672	0.061211	55.474644
0.119277	-0.056035	55.610748
0.119883	0.025976	56.064882
0.120488	-0.035988	56.267683
0.121094	0.033266	56.417073
0.121699	-0.066363	56.649969
0.122305	-0.061503	56.872562
0.122910	-0.088840	57.049335
0.123516	-0.121037	57.214450
0.124121	-0.060288	57.458733
0.124727	-0.083373	57.682140
0.125332	-0.116785	57.779474
0.125938	-0.110103	58.101841
0.126543	-0.176927	58.309793
0.127148	-0.242537	58.288103
0.127754	-0.139262	58.707262
0.128359	-0.187254	59.013090
0.128965	-0.213984	59.106899
0.129570	-0.237069	59.314310
0.130176	-0.246182	59.515755
0.130781	-0.222489	59.750278
0.131387	-0.260154	59.900481
0.131992	-0.296604	60.121176
0.132598	-0.193329	60.364917
0.133203	-0.365858	60.513765
0.133809	-0.260154	60.650683
0.134414	-0.354316	60.933194
0.135020	-0.294174	61.126235
0.135625	-0.203049	61.178020
0.136230	-0.325156	61.518010
0.136836	-0.300856	61.713220
0.137441	-0.333053	61.888366
0.138047	-0.409598	62.042907
0.138652	-0.355531	62.309151
0.139258	-0.308146	62.482129
0.139863	-0.303286	62.692793
0.140469	-0.299641	62.853841
0.141074	-0.316651	63.076163
0.141680	-0.268051	63.180817
0.142285	-0.295389	63.316108
0.142891	-0.307539	63.736080
0.143496	-0.141692	63.823653
0.144102	-0.238892	63.896044
0.144707	-0.293566	64.291072
0.145313	-0.226134	64.422839
0.145918	-0.237069	64.583615
0.146523	-0.216414	64.763371
0.147129	-0.167815	64.955327
0.147734	-0.250434	65.094956
0.148340	-0.202442	65.272543
0.148945	-0.168422	65.479411
0.149551	-0.141692	65.716645
0.150156	-0.204264	65.754331
0.150762	-0.092485	66.009188
0.151367	-0.122252	66.224461
0.151973	-0.084588	66.210363
0.152578	-0.030521	66.545202
0.153184	-0.087018	66.771048
0.153789	-0.057250	66.911491
0.154395	-0.097345	67.055187
0.155000	-0.037811	67.237383
0.155605	-0.020193	67.453198
0.156211	-0.023838	67.586320
0.156816	-0.031736	67.759026
0.157422	0.006537	67.962912
0.158027	0.005322	68.108777
0.158633	0.044201	68.179811
0.159238	0.046631	68.466119
0.159844	0.100698	68.615238
0.160449	0.075184	68.556403
0.161055	0.077614	68.977189
0.161660	0.134111	69.200053
0.162266	0.101913	69.207916
0.162871	0.152943	69.434034
0.163477	0.110418	69.578543
0.164082	0.145046	69.688077
0.164687	0.124391	69.851294
0.165293	0.159018	70.045962
0.165898	0.152943	70.188573
0.166504	0.159625	70.347452
0.167109	0.174813	70.362635
0.167715	0.121961	70.678495
0.168320	0.111633	70.698559
0.168926	0.099483	70.756037
0.169531	0.169953	71.125851
0.170137	0.141401	71.231589
0.170742	0.191215	71.348986
0.171348	0.106166	71.457978
0.171953	0.091586	71.631769
0.172559	0.141401	71.755944
0.173164	0.133503	71.873884
0.173770	0.089763	71.974200
0.174375	0.135933	72.153684
0.174980	0.082474	72.216043
0.175586	0.109203	72.310394
0.176191	0.103128	72.605106
0.176797	0.224627	72.581790
0.177402	0.196683	72.765612
0.178008	0.092801	73.003931
0.178613	0.096446	73.089064
0.179219	0.080044	73.161725
0.179824	0.096446	73.322502
0.180430	0.075791	73.437730
0.181035	0.055744	73.495208
0.181641	0.028406	73.639718
0.182246	-0.004398	73.748710
0.182852	0.007752	73.850382
0.183457	-0.001361	73.893761
0.184062	0.030836	74.047489
0.184668	0.003499	74.226431
0.185273	-0.009866	74.143196
0.185879	-0.006828	74.396969
0.186484	-0.020193	74.605735
0.187090	-0.025053	74.619562
0.187695	-0.136225	74.718522
0.188301	-0.049960	74.855983
0.188906	-0.011688	74.983140
0.189512	-0.147767	74.992629
0.190117	-0.076083	75.135241
0.190723	-0.060288	75.313370
0.191328	-0.129542	75.361630
0.191934	-0.091878	75.353496
0.192539	-0.127720	75.562533
0.193145	-0.081550	75.717616
0.193750	-0.071223	75.683184
0.194355	-0.086410	75.935872
0.194961	-0.155057	76.071434
0.195566	-0.153842	76.072790
0.196172	-0.161132	76.140028
0.196777	-0.143515	76.251461
0.197383	-0.200012	76.306770
0.197988	-0.127112	76.442603
0.198594	-0.198189	76.496828
0.199199	-0.201834	76.632662
0.199805	-0.172067	76.658147
0.200410	-0.179357	76.696376
0.201016	-0.180572	76.947437
0.201621	-0.186039	76.900533
0.202227	-0.121037	76.887519
0.202832	-0.218844	77.193076
0.203437	-0.178750	77.231576
0.204043	-0.215807	77.285801
0.204648	-0.170852	77.386930
0.205254	-0.197582	77.474232
0.205859	-0.190899	77.557196
0.206465	-0.209124	77.597052
0.207070	-0.240107	77.671882
0.207676	-0.163562	77.790092
0.208281	-0.209732	77.819645
0.208887	-0.182395	77.877937
0.209492	-0.223704	78.064199
0.210098	-0.131365	77.978524
0.210703	-0.090663	78.106766
0.211309	-0.244967	78.332613
0.211914	-0.164170	78.365690
0.212520	-0.153842	78.361894
0.213125	-0.144730	78.480647
0.213730	-0.091270	78.541107
0.214336	-0.135617	78.568491
0.214941	-0.165385	78.657149
0.215547	-0.154450	78.731437
0.216152	-0.088233	78.827415
0.216758	-0.064540	78.790813
0.217363	-0.094915	78.875404
0.217969	-0.127720	78.969755
0.218574	-0.147160	78.772919
0.219180	-0.136832	78.993343
0.219785	-0.113140	79.183130
0.220391	-0.148982	79.142733
0.220996	-0.116785	79.171743
0.221602	-0.093093	79.241151
0.222207	-0.048138	79.293207
0.222812	-0.080943	79.291580
0.223418	-0.011688	79.398132
0.224023	-0.065148	79.423347
0.224629	-0.040848	79.478385
0.225234	-0.018978	79.388914
0.225840	-0.013511	79.603102
0.226445	-0.028091	79.518240
0.227051	0.020509	79.465913
0.227656	0.052706	79.811868
0.228262	0.029014	79.804277
0.228867	0.056351	79.732971
0.229473	0.052099	79.790178
0.230078	-0.017156	79.809699
0.230684	0.061211	79.859857
0.231289	0.148083	79.935772
0.231895	0.044809	79.942279
0.232500	0.086726	79.918691
0.233105	0.060604	79.933874
0.233711	0.131073	79.922216
0.234316	0.085511	80.090855
0.234922	0.128643	79.939026
0.235527	0.178458	79.925741
0.236133	0.066679	80.152943
0.236738	0.109203	80.102243
0.237344	0.145046	80.092753
0.237949	0.106773	80.135591
0.238555	0.101306	80.168397
0.239160	0.090978	80.174633
0.239766	0.132288	80.171108
0.240371	0.109203	80.198221
0.240977	0.133503	80.207710
0.241582	0.114063	80.168668
0.242187	0.087941	80.162432
0.242793	0.046024	80.279558
0.243398	0.160233	80.138844
0.244004	0.195468	80.188731
0.244609	0.063641	80.336494
0.245215	0.064249	80.227231
0.245820	0.043594	80.243499
0.246426	0.133503	80.316431
0.247031	0.049061	80.229129
0.247637	0.128643	80.227502
0.248242	0.074576	80.247565
0.248848	0.065464	80.259495
0.249453	0.067894	80.226689
0.250059	0.061819	80.160534
0.250664	0.073969	80.211506
0.251270	0.025976	80.218013
0.251875	0.064856	80.035546
0.252480	0.056351	80.165415
0.253086	0.003499	80.229942
0.253691	0.003499	80.117968
0.254297	-0.052998	80.098447
0.254902	-0.058465	80.073775
0.255508	-0.035988	80.104683
0.256113	-0.042671	80.046120
0.256719	-0.068185	80.040155
0.257324	-0.106458	79.945533
0.257930	-0.087018	80.001384
0.258535	-0.107065	79.871516
0.259141	-0.096130	79.964511
0.259746	-0.101598	79.808615
0.260352	-0.027483	79.738394
0.260957	-0.136225	79.961258
0.261562	-0.167815	79.840336
0.262168	-0.147767	79.810784
0.262773	-0.215807	79.720499
0.263379	-0.172067	79.756017
0.263984	-0.156272	79.701792
0.264590	-0.116178	79.689591
0.265195	-0.139870	79.674950
0.265801	-0.142300	79.629944
0.266406	-0.182395	79.535592
0.267012	-0.113140	79.492755
0.267617	-0.234032	79.518240
0.268223	-0.145945	79.315981
0.268828	-0.095523	79.345805
0.269434	-0.219452	79.414400
0.270039	-0.152627	79.294292
0.270645	-0.210339	79.223799
0.271250	-0.175105	79.232746
0.271855	-0.118607	79.204278
0.272461	-0.204264	79.130532
0.273066	-0.150805	79.055973
0.273672	-0.215807	79.007171
0.274277	-0.176320	79.002290
0.274883	-0.165385	78.840700
0.275488	-0.183610	78.866728
0.276094	-0.207909	78.850732
0.276699	-0.154450	78.633832
0.277305	-0.056643	78.847478
0.277910	-0.182395	78.789458
0.278516	-0.125897	78.643050
0.279121	-0.161132	78.559544
0.279727	-0.116178	78.532432
0.280332	-0.150805	78.480918
0.280938	-0.108280	78.360267
0.281543	-0.151412	78.325835
0.282148	-0.125290	78.259680
0.282754	-0.066363	78.194068
0.283359	-0.106458	78.058235
0.283965	-0.090055	78.136047
0.284570	-0.061503	77.929993
0.285176	0.079436	77.817205
0.285781	0.010182	77.990725
0.286387	-0.094915	77.723667
0.286992	-0.013511	77.716075
0.287598	-0.065755	77.601661
0.288203	0.049669	77.569126
0.288809	-0.009258	77.456338
0.289414	0.022331	77.438986
0.290020	0.046024	77.340839
0.290625	-0.001968	77.243505
0.291230	-0.000146	77.142105
0.291836	0.100091	77.051820
0.292441	0.065464	77.085982
0.293047	-0.001968	76.748432
0.293652	0.071539	76.811604
0.294258	0.046024	76.875318
0.294863	0.021724	76.613141
0.295469	0.075184	76.559187
0.296074	0.052099	76.471072
0.296680	0.101306	76.380516
0.297285	0.096446	76.236007
0.297891	0.087333	76.204285
0.298496	0.038126	76.098546
0.299102	0.097053	75.986572
0.299707	0.112848	75.867819
0.300312	0.125606	75.806274
0.300918	0.066679	75.702705
0.301523	0.123783	75.443781
0.302129	-0.045708	75.483094
0.302734	0.103736	75.467368
0.303340	0.116493	75.224983
0.303945	0.126213	75.147441
0.304551	0.112848	75.101621
0.305156	0.137148	75.012693
0.305762	0.101306	74.863303
0.306367	0.088548	74.767054
0.306973	0.111633	74.622815
0.307578	0.116493	74.523584
0.308184	0.023546	74.348166
0.308789	0.049061	74.277945
0.309395	0.013219	74.042609
0.310000	0.063034	73.890779
0.310605	0.020509	74.035831
0.311211	-0.001968	73.784769
0.311816	0.004714	73.583053
0.312422	0.027191	73.548891
0.313027	0.044201	73.439899
0.313633	0.022331	73.316808
0.314238	-0.024446	73.142475
0.314844	-0.017156	73.070898
0.315449	-0.010473	72.903343
0.316055	-0.008651	72.733077
0.316660	-0.014118	72.672616
0.317266	-0.040848	72.530276
0.317871	-0.014726	72.199233
0.318477	0.075791	72.311479
0.319082	0.029621	72.226345
0.319688	-0.064540	71.849211
0.320293	-0.056643	71.817761
0.320898	-0.077298	71.685452
0.321504	-0.105243	71.506239
0.322109	-0.065755	71.363898
0.322715	-0.076083	71.255991
0.323320	-0.046316	71.109583
0.323926	-0.080943	70.957754
0.324531	-0.127112	70.770949
0.325137	-0.021408	70.749801
0.325742	-0.114355	70.504162
0.326348	-0.086410	70.265573
0.326953	-0.127112	70.357213
0.327559	-0.123467	70.134348
0.328164	-0.083980	69.902808
0.328770	-0.139262	69.819844
0.329375	-0.043886	69.704074
0.329980	-0.100990	69.551431
0.330586	-0.096738	69.335887
0.331191	-0.079120	69.215236
0.331797	-0.066363	69.026262
0.332402	-0.036596	68.898563
0.333008	-0.093700	68.675969
0.333613	-0.057858	68.636927
0.334219	-0.102813	68.348451
0.334824	0.011397	68.129382
0.335430	0.094623	68.319170
0.336035	-0.055428	67.908958
0.336641	-0.074868	67.702361
0.337246	0.038734	67.650305
0.337852	-0.043278	67.483564
0.338457	-0.015333	67.325769
0.339062	-0.029913	67.150894
0.339668	-0.026876	67.015060
0.340273	-0.042671	66.767795
0.340879	-0.043278	66.588853
0.341484	0.030229	66.486910
0.342090	-0.034166	66.332369
0.342695	-0.025053	65.967977
0.343301	0.001677	65.953066
0.343906	-0.033558	65.886098
0.344512	-0.057250	65.455281
0.345117	-0.006828	65.457179
0.345723	-0.052998	65.270103
0.346328	-0.034166	65.118273
0.346934	-0.005613	64.921979
0.347539	-0.056643	64.765269
0.348145	-0.057250	64.578735
0.348750	0.047239	64.441004
0.349355	-0.003183	64.205397
0.349961	-0.005613	64.042722
0.350566	-0.060895	63.944846
0.351172	-0.017156	63.526772
0.351777	-0.077298	63.499388
0.352383	-0.099168	63.306348
0.352988	-0.035381	62.984523
0.353594	0.006537	62.882038
0.354199	0.006537	62.766267
0.354805	-0.000146	62.578649
0.355410	-0.062110	62.368528
0.356016	-0.018978	62.194466
0.356621	0.047846	61.974855
0.357227	-0.043278	61.768529
0.357832	-0.047531	61.541056
0.358438	-0.041456	61.460532
0.359043	-0.034773	61.095327
0.359648	0.016257	60.843994
0.360254	-0.022623	60.920452
0.360859	-0.083980	60.531930
0.361465	-0.066363	60.332382
0.362070	-0.032343	60.233151
0.362676	-0.037203	60.014624
0.363281	0.013219	59.783897
0.363887	-0.053605	59.572149
0.364492	-0.069400	59.367450
0.365098	-0.042671	59.160582
0.365703	-0.064540	58.952087
0.366309	-0.057858	58.751184
0.366914	-0.036596	58.608844
0.367520	-0.017763	58.255568
0.368125	-0.076690	58.031348
0.368730	-0.217022	57.948113
0.369336	-0.058465	57.627644
0.369941	-0.042063	57.441381
0.370547	-0.051175	57.293618
0.371152	-0.079728	57.098951
0.371758	-0.058465	56.850601
0.372363	-0.010473	56.640208
0.372969	-0.065755	56.460995
0.373574	-0.042063	56.227014
0.374180	-0.048746	55.933115
0.374785	-0.018371	55.765560
0.375391	-0.045708	55.582280
0.375996	0.022331	55.178847
0.376602	0.021724	55.147667
0.377207	-0.039026	54.967641
0.377812	-0.023231	54.591862
0.378418	0.047846	54.477719
0.379023	-0.015941	54.275731
0.379629	0.051491	54.092993
0.380234	0.014434	53.787164
0.380840	0.018686	53.607951
0.381445	0.046024	53.389696
0.382051	0.046024	53.145684
0.382656	0.007752	52.863985
0.383262	0.000462	52.692092
0.383867	0.087941	52.354813
0.384473	0.016257	52.088840
0.385078	0.115278	52.150928
0.385684	0.123783	51.690287
0.386289	0.101913	51.382019
0.386895	0.094623	51.304206
0.387500	0.082474	51.087577
0.388105	0.142008	50.821062
0.388711	0.065464	50.576507
0.389316	0.044809	50.362861
0.389922	0.078221	50.145148
0.390527	0.049669	49.863992
0.391133	0.089156	49.669867
0.391738	0.084904	49.389795
0.392344	0.084904	49.018084
0.392949	0.107988	48.950031
0.393555	-0.012296	48.704121
0.394160	0.092193	48.336748
0.394766	0.056351	48.199830
0.395371	0.121961	48.010585
0.395977	0.080044	47.746238
0.396582	0.110418	47.488941
0.397187	0.090371	47.222154
0.397793	0.119531	47.007966
0.398398	0.069109	46.718405
0.399004	0.073361	46.428844
0.399609	0.083081	46.233092
0.400215	0.029621	45.955732
0.400820	0.099483	45.601914
0.401426	0.078829	45.488584
0.402031	0.158410	45.238336
0.402637	0.108596	44.769291
0.403242	0.121961	44.687682
0.403848	0.103736	44.521754
0.404453	0.078829	44.177155
0.405059	0.073969	43.880815
0.405664	0.094623	43.679099
0.406270	0.037519	43.371915
0.406875	0.024761	43.091843
0.407480	0.037519	42.876570
0.408086	0.055136	42.634456
0.408691	0.049061	42.253526
0.409297	0.092801	41.997313
0.409902	0.022331	41.960983
0.410508	-0.008043	41.445575
0.411113	0.082474	41.248467
0.411719	0.017472	41.152760
0.412324	0.001677	40.826326
0.412930	-0.040848	40.512906
0.413535	0.030836	40.275943
0.414141	-0.043278	39.995329
0.414746	-0.060895	39.700075
0.415352	-0.056035	39.443049
0.415957	-0.002576	39.200935
0.416563	-0.060288	38.975359
0.417168	-0.043886	38.552947
0.417773	-0.107065	38.364244
0.418379	0.018079	38.293210
0.418984	-0.022623	37.736049
0.419590	-0.111925	37.486885
0.420195	-0.069400	37.357288
0.420801	-0.045101	37.002386
0.421406	-0.076690	36.794162
0.422012	-0.087018	36.521411
0.422617	-0.114963	36.224258
0.423223	-0.093700	35.925208
0.423828	-0.114963	35.665470
0.424434	-0.084588	35.406004
0.425039	-0.104028	35.153316
0.425645	-0.082765	34.708130
0.426250	-0.118000	34.595071
0.426855	-0.186647	34.298189
0.427461	-0.095523	33.904245
0.428066	-0.134402	33.800133
0.428672	-0.142907	33.533889
0.429277	-0.148982	33.236194
0.429883	-0.141085	32.945007
0.430488	-0.148982	32.676322
0.431094	-0.113140	32.400046
0.431699	-0.174497	32.102080
0.432305	-0.094915	31.835565
0.432910	-0.170245	31.552240
0.433516	-0.102813	31.266746
0.434121	-0.051783	30.876055
0.434727	-0.042063	30.817221
0.435332	-0.187862	30.304253
0.435937	-0.111925	29.984869
0.436543	-0.046316	29.904887
0.437148	-0.049353	29.594992
0.437754	-0.119822	29.304346
0.438359	-0.052390	29.026172
0.438965	-0.056035	28.782974
0.439570	-0.018371	28.456811
0.440176	0.012004	28.158845
0.440781	0.033874	27.930287
0.441387	0.008359	27.644250
0.441992	0.012612	27.293686
0.442598	0.039341	27.053470
0.443203	0.101913	26.921161
0.443809	0.083689	26.406567
0.444414	0.009574	26.173671
0.445020	0.059389	26.039735
0.445625	0.013827	25.667481
0.446230	-0.000753	25.336980
0.446836	-0.019586	25.056638
0.447441	0.020509	24.775753
0.448047	0.094623	24.496223
0.448652	0.092801	24.247331
0.449258	0.028406	23.925777
0.449863	0.077614	23.660617
0.450469	0.057566	23.211906
0.451074	0.034481	23.063330
0.451680	0.080044	22.818504
0.452285	0.103128	22.301741
0.452891	0.100091	22.152623
0.453496	0.114671	21.940061
0.454102	0.081259	21.594919
0.454707	0.154765	21.321355
0.455313	0.115886	21.039385
0.455918	0.116493	20.754704
0.456523	0.126821	20.414985
0.457129	0.187570	20.126509
0.457734	0.092801	19.851317
0.458340	0.135933	19.514852
0.458945	0.152943	19.142055
0.459551	0.117101	19.020592
0.460156	0.280517	18.652404
0.460762	0.187570	18.255207
0.461367	0.143223	18.196644
0.461973	0.155373	17.830897
0.462578	0.142008	17.470844
0.463184	0.123783	17.174505
0.463789	0.143831	16.876539
0.464395	0.085511	16.549020
0.465000	0.174205	16.246716
0.465605	0.139578	15.967458
0.466211	0.123176	15.654309
0.466816	0.104343	15.272024
0.467422	0.138971	14.968635
0.468027	0.101913	14.837411
0.468633	-0.040241	14.286486
0.469238	0.094623	14.020513
0.469844	0.059996	13.918841
0.470449	0.068501	13.495344
0.471055	0.075184	13.251332
0.471660	0.043594	12.919747
0.472266	0.072146	12.658112
0.472871	0.095838	12.351741
0.473477	0.063641	12.038863
0.474082	0.066071	11.703211
0.474687	0.039341	11.458114
0.475293	0.050884	11.073389
0.475898	0.069716	10.797384
0.476504	-0.114355	10.545509
0.477109	-0.034773	9.950662
0.477715	0.072146	9.905655
0.478320	-0.063325	9.670319
0.478926	-0.028698	9.288576
0.479531	-0.018371	8.986001
0.480137	0.014434	8.728432
0.480742	-0.060895	8.378139
0.481348	-0.000146	8.059026
0.481953	-0.039026	7.766482
0.482559	-0.032951	7.479090
0.483164	-0.040241	7.119579
0.483770	-0.075475	6.719942
0.484375	-0.090663	6.562147
0.484980	-0.070008	6.284516
0.485586	-0.065755	5.739826
0.486191	-0.073653	5.608602
0.486797	-0.072438	5.359439
0.487402	-0.099168	4.985829
0.488008	-0.067578	4.691117
0.488613	-0.062110	4.433548
0.489219	-0.063933	4.096812
0.489824	-0.117393	3.750314
0.490430	-0.100990	3.490848
0.491035	-0.068185	3.186646
0.491641	-0.097953	2.816561
0.492246	-0.058465	2.432649
0.492852	-0.125897	2.303594
0.493457	-0.062110	1.883080
0.494063	-0.023838	1.499167
0.494668	-0.100990	1.402105
0.495273	-0.144122	1.057505
0.495879	-0.082765	0.774180
0.496484	-0.071223	0.387014
0.497090	-0.087018	0.130259
0.497695	-0.046923	-0.197801
0.498301	-0.093700	-0.476246
0.498906	-0.076083	-0.776110
0.499512	-0.060895	-1.100646
0.500117	-0.094308	-1.481847
0.500723	-0.050568	-1.741042
0.501328	-0.133187	-1.965805
0.501934	-0.038418	-2.436206
0.502539	-0.023838	-2.647141
0.503145	-0.133795	-2.845061
0.503750	-0.028698	-3.186950
0.504355	-0.092485	-3.538598
0.504961	-0.148982	-3.819483
0.505566	-0.043278	-4.131819
0.506172	-0.119822	-4.458253
0.506777	-0.084588	-4.776282
0.507383	-0.095523	-5.074248
0.507988	-0.080943	-5.348626
0.508594	-0.058465	-5.790016
0.509199	-0.033558	-5.959198
0.509805	-0.090055	-6.182334
0.510410	-0.113140	-6.776639
0.511016	-0.040241	-6.837642
0.511621	-0.073045	-7.041256
0.512227	-0.030521	-7.453637
0.512832	-0.105850	-7.787391
0.513437	-0.020193	-8.011882
0.514043	0.000462	-8.350246
0.514648	0.024154	-8.644145
0.515254	0.021724	-8.927741
0.515859	-0.004398	-9.200492
0.516465	-0.058465	-9.578711
0.517070	-0.006828	-9.924937
0.517676	-0.073045	-10.147801
0.518281	-0.022016	-10.449563
0.518887	-0.003791	-10.951415
0.519492	-0.010473	-11.046850
0.520098	-0.062718	-11.329091
0.520703	-0.030521	-11.656067
0.521309	0.008967	-11.990635
0.521914	-0.019586	-12.278569
0.522520	-0.009866	-12.576264
0.523125	-0.009258	-12.875314
0.523730	0.032659	-13.144812
0.524336	-0.006221	-13.422444
0.524941	0.001069	-13.787106
0.525547	0.036304	-14.155022
0.526152	0.025369	-14.269708
0.526758	-0.042063	-14.789454
0.527363	0.075791	-15.069254
0.527969	0.049669	-15.129173
0.528574	0.036911	-15.501156
0.529180	0.060604	-15.816202
0.529785	0.092801	-16.131791
0.530391	0.043594	-16.452532
0.530996	0.097053	-16.746702
0.531602	0.117708	-17.025418
0.532207	0.107988	-17.316606
0.532813	0.142616	-17.601015
0.533418	0.106166	-18.001195
0.534023	0.162055	-18.269880
0.534629	0.118923	-18.423607
0.535234	0.059996	-18.993511
0.535840	0.245282	-19.213122
0.536445	0.115886	-19.331061
0.537051	0.156588	-19.679185
0.537656	0.105558	-20.014566
0.538262	0.159625	-20.272135
0.538867	0.180280	-20.559798
0.539473	0.226450	-20.816824
0.540078	0.220375	-21.154374
0.540684	0.196683	-21.451255
0.541289	0.241030	-21.740816
0.541895	0.220983	-22.144521
0.542500	0.245890	-22.325090
0.543105	0.270797	-22.563137
0.543711	0.340052	-23.045196
0.544316	0.202758	-23.235255
0.544922	0.248320	-23.419348
0.545527	0.258647	-23.823866
0.546133	0.235562	-24.131864
0.546738	0.208833	-24.393770
0.547344	0.253787	-24.677637
0.547949	0.225235	-24.966656
0.548555	0.287807	-25.268418
0.549160	0.228880	-25.542796
0.549766	0.236170	-25.878448
0.550371	0.202150	-26.267783
0.550977	0.210048	-26.428289
0.551582	0.122568	-26.808134
0.552187	0.188178	-27.225666
0.552793	0.208833	-27.305648
0.553398	0.124998	-27.644011
0.554004	0.154765	-27.956618
0.554609	0.106166	-28.273291
0.555215	0.104343	-28.509983
0.555820	0.106773	-28.803611
0.556426	0.063034	-29.136010
0.557031	0.073969	-29.422046
0.557637	0.064249	-29.664431
0.558242	0.024154	-30.047530
0.558848	0.000462	-30.392672
0.559453	-0.073045	-30.513322
0.560059	-0.191507	-31.094342
0.560664	-0.079728	-31.251323
0.561270	-0.047531	-31.304464
0.561875	-0.111318	-31.680242
0.562480	-0.058465	-31.987155
0.563086	-0.076690	-32.296237
0.563691	-0.105850	-32.551094
0.564297	-0.119822	-32.855296
0.564902	-0.151412	-33.126963
0.565508	-0.170245	-33.396732
0.566113	-0.195759	-33.672195
0.566719	-0.212769	-34.062614
0.567324	-0.213377	-34.288732
0.567930	-0.303894	-34.463065
0.568535	-0.167207	-34.932381
0.569141	-0.224312	-35.169344
0.569746	-0.279594	-35.374314
0.570352	-0.309361	-35.640559
0.570957	-0.308754	-35.942049
0.571562	-0.276556	-36.168438
0.572168	-0.322118	-36.471556
0.572773	-0.329408	-36.762201
0.573379	-0.317866	-37.033597
0.573984	-0.367073	-37.270560
0.574590	-0.296604	-37.559850
0.575195	-0.309361	-37.902280
0.575801	-0.308754	-38.111588
0.576406	-0.385298	-38.355600
0.577012	-0.438758	-38.844438
0.577617	-0.270481	-38.857452
0.578223	-0.303894	-38.996267
0.578828	-0.268051	-39.340596
0.579434	-0.239499	-39.644255
0.580039	-0.200619	-39.864679
0.580645	-0.271089	-40.159121
0.581250	-0.241929	-40.438921
0.581855	-0.227957	-40.650941
0.582461	-0.152627	-40.885192
0.583066	-0.176927	-41.155503
0.583672	-0.158095	-41.545380
0.584277	-0.175712	-41.693686
0.584883	-0.108280	-41.849853
0.585488	-0.045708	-42.295853
0.586094	-0.094915	-42.447412
0.586699	-0.031736	-42.595175
0.587305	-0.090663	-42.954144
0.587910	-0.009866	-43.178635
0.588516	-0.017156	-43.418851
0.589121	0.053921	-43.678588
0.589727	0.067286	-43.961371
0.590332	0.090371	-44.218126
0.590938	0.064856	-44.469459
0.591543	0.079436	-44.786403
0.592148	0.131681	-45.029331
0.592754	0.191823	-45.117989
0.593359	0.296919	-45.430324
0.593965	0.285985	-45.829962
0.594570	0.298742	-45.860599
0.595176	0.248320	-46.102171
0.595781	0.302994	-46.389021
0.596387	0.341267	-46.678853
0.596992	0.313322	-46.912291
0.597598	0.345519	-47.142476
0.598203	0.400801	-47.439899
0.598809	0.382576	-47.645141
0.599414	0.407484	-47.848213
0.600020	0.421456	-48.237277
0.600625	0.456691	-48.483458
0.601230	0.482206	-48.535243
0.601836	0.386829	-48.998052
0.602441	0.483421	-49.293307
0.603047	0.544170	-49.318521
0.603652	0.487673	-49.582326
0.604258	0.485851	-49.864024
0.604863	0.548423	-50.103427
0.605469	0.513188	-50.329545
0.606074	0.444541	-50.591722
0.606680	0.460943	-50.852273
0.607285	0.439681	-51.085169
0.607891	0.437251	-51.304238
0.608496	0.469448	-51.682185
0.609102	0.396549	-51.882546
0.609707	0.454261	-51.911557
0.610313	0.468841	-52.419644
0.610918	0.380754	-52.597773
0.611523	0.346734	-52.693480
0.612129	0.343089	-52.967858
0.612734	0.293274	-53.254437
0.613340	0.379539	-53.440428
0.613945	0.268975	-53.715891
0.614551	0.326687	-53.908660
0.615156	0.228272	-54.172464
0.615762	0.220983	-54.413494
0.616367	0.180280	-54.631478
0.616973	0.188178	-54.966588
0.617578	0.087333	-55.126009
0.618184	0.083689	-55.290582
0.618789	0.049061	-55.756374
0.619395	-0.019586	-55.887869
0.620000	-0.028091	-55.934503
0.620605	-0.043886	-56.278560
0.621211	-0.130150	-56.510371
0.621816	-0.133795	-56.767126
0.622422	-0.142907	-56.955016
0.623027	-0.145337	-57.169204
0.623633	-0.170245	-57.417825
0.624238	-0.192722	-57.608697
0.624844	-0.204872	-57.826952
0.625449	-0.217022	-58.201375
0.626055	-0.258331	-58.291118
0.626660	-0.195152	-58.430204
0.627266	-0.337913	-58.940461
0.627871	-0.346418	-58.901148
0.628477	-0.312399	-59.083072
0.629082	-0.368896	-59.374260
0.629687	-0.396233	-59.551576
0.630293	-0.402308	-59.738380
0.630898	-0.412028	-59.999473
0.631504	-0.390765	-60.195225
0.632109	-0.359783	-60.386097
0.632715	-0.392588	-60.545789
0.633320	-0.416280	-60.832368
0.633926	-0.350671	-61.124911
0.634531	-0.355531	-61.113795
0.635137	-0.371933	-61.452972
0.635742	-0.413850	-61.802452
0.636348	-0.325763	-61.769103
0.636953	-0.391980	-61.983021
0.637559	-0.280201	-62.161963
0.638164	-0.291744	-62.365035
0.638770	-0.267444	-62.508460
0.639375	-0.251042	-62.684962
0.639980	-0.254079	-62.919214
0.640586	-0.267444	-63.113610
0.641191	-0.221274	-63.218264
0.641797	-0.237069	-63.476646
0.642402	-0.148375	-63.727436
0.643008	-0.234639	-63.737196
0.643613	-0.093700	-63.987716
0.644219	-0.064540	-64.262094
0.644824	-0.122860	-64.275921
0.645430	-0.030521	-64.486042
0.646035	-0.029913	-64.675830
0.646641	0.012004	-64.879173
0.647246	-0.019586	-65.026394
0.647852	0.073969	-65.184730
0.648457	0.106773	-65.339814
0.649062	0.128643	-65.533939
0.649668	0.123176	-65.676550
0.650273	0.152336	-65.958520
0.650879	0.155373	-66.078357
0.651484	0.141401	-66.129600
0.652090	0.180888	-66.521375
0.652695	0.282340	-66.614370
0.653301	0.233740	-66.690556
0.653906	0.289629	-66.880343
0.654512	0.252572	-67.042205
0.655117	0.346127	-67.176140
0.655723	0.297527	-67.362674
0.656328	0.308462	-67.521553
0.656934	0.298134	-67.698055
0.657539	0.313322	-67.829008
0.658145	0.348557	-67.984905
0.658750	0.324864	-68.351465
0.659355	0.350987	-68.326522
0.659961	0.238600	-68.528238
0.660566	0.273227	-68.858468
0.661172	0.365566	-68.822409
0.661777	0.305424	-68.981559
0.662383	0.340659	-69.162128
0.662988	0.364351	-69.289285
0.663594	0.375894	-69.469583
0.664199	0.335192	-69.613279
0.664805	0.272012	-69.796288
0.665410	0.261685	-69.976857
0.666016	0.292059	-70.068226
0.666621	0.275050	-70.249337
0.667227	0.304817	-70.482233
0.667832	0.219768	-70.451867
0.668438	0.297527	-70.737632
0.669043	0.304817	-70.975138
0.669648	0.207618	-70.962124
0.670254	0.212478	-71.144319
0.670859	0.186355	-71.301843
0.671465	0.213085	-71.439845
0.672070	0.140186	-71.598453
0.672676	0.100091	-71.775497
0.673281	0.080651	-71.928683
0.673887	0.106166	-72.026559
0.674492	0.100698	-72.244272
0.675098	0.098268	-72.475541
0.675703	0.090978	-72.506178
0.676309	0.059389	-72.571519
0.676914	0.011397	-72.961667
0.677520	0.042986	-72.917474
0.678125	-0.005006	-72.941875
0.678730	-0.029306	-73.126782
0.679336	-0.043278	-73.341513
0.679941	-0.004398	-73.434780
0.680547	-0.008651	-73.547296
0.681152	-0.022016	-73.702379
0.681758	-0.003791	-73.855023
0.682363	-0.046923	-73.956965
0.682969	-0.030521	-74.035863
0.683574	-0.100383	-74.327050
0.684180	-0.040848	-74.335184
0.684785	-0.131365	-74.431433
0.685391	-0.050568	-74.799078
0.685996	-0.095523	-74.763019
0.686602	-0.107673	-74.825377
0.687207	-0.073045	-74.934641
0.687813	-0.074868	-75.011369
0.688418	-0.042063	-75.154523
0.689023	-0.074260	-75.277613
0.689629	-0.006221	-75.403686
0.690234	-0.036596	-75.488548
0.690840	-0.101598	-75.641733
0.691445	-0.071830	-75.720360
0.692051	-0.051175	-75.924787
0.692656	-0.113748	-75.862700
0.693262	-0.172067	-76.128402
0.693867	-0.127720	-76.348826
0.694473	-0.054820	-76.141958
0.695078	-0.047531	-76.277792
0.695684	-0.053605	-76.421759
0.696289	-0.073045	-76.524244
0.696895	-0.074868	-76.635947
0.697500	-0.014118	-76.700204
0.698105	-0.037203	-76.817058
0.698711	-0.072438	-76.908427
0.699316	-0.103420	-77.018775
0.699922	0.010789	-77.121802
0.700527	-0.059680	-77.267125
0.701133	-0.054820	-77.183077
0.701738	-0.186039	-77.520084
0.702344	-0.062110	-77.593288
0.702949	-0.037811	-77.412448
0.703555	-0.032343	-77.566176
0.704160	-0.025053	-77.676523
0.704766	-0.056643	-77.751625
0.705371	-0.069400	-77.794734
0.705977	-0.080335	-77.924602
0.706582	-0.001968	-77.982623
0.707187	-0.022623	-78.072636
0.707793	-0.064540	-78.170783
0.708398	-0.006221	-78.325053
0.709004	-0.086410	-78.308786
0.709609	-0.008651	-78.304177
0.710215	0.042986	-78.619494
0.710820	-0.047531	-78.501555
0.711426	-0.027483	-78.471189
0.712031	-0.045101	-78.644167
0.712637	0.021724	-78.632508
0.713242	-0.036596	-78.758581
0.713848	-0.017763	-78.791658
0.714453	-0.017156	-78.902006
0.715059	-0.013511	-78.912309
0.715664	0.030229	-78.954875
0.716270	-0.011688	-79.072815
0.716875	0.025976	-79.191567
0.717480	-0.052998	-79.121617
0.718086	0.033266	-79.227085
0.718691	0.106166	-79.420939
0.719297	-0.008043	-79.258535
0.719902	-0.063933	-79.346650
0.720508	-0.006828	-79.425005
0.721113	0.057566	-79.449407
0.721719	0.050884	-79.488991
0.722324	0.010182	-79.577649
0.722930	0.044809	-79.621300
0.723535	0.053314	-79.674169
0.724141	0.016257	-79.725140
0.724746	0.063641	-79.819221
0.725352	0.065464	-79.910861
0.725957	0.069109	-79.801597
0.726562	0.085511	-79.958036
0.727168	0.073361	-80.070553
0.727773	0.126821	-79.856094
0.728379	0.052099	-79.981082
0.728984	0.047239	-80.075162
0.729590	0.063034	-80.084652
0.730195	0.112848	-80.091701
0.730801	0.146868	-80.147010
0.731406	0.121961	-80.150806
0.732012	0.138363	-80.199879
0.732617	0.095838	-80.212893
0.733223	0.212478	-80.332730
0.733828	0.213085	-80.284199
0.734434	0.098268	-80.282301
0.735039	0.152943	-80.534718
0.735645	0.256217	-80.458532
0.736250	0.194253	-80.313481
0.736855	0.239815	-80.391836
0.737461	0.241637	-80.459617
0.738066	0.244067	-80.441994
0.738672	0.188178	-80.461244
0.739277	0.253180	-80.477511
0.739883	0.268367	-80.498659
0.740488	0.225842	-80.529025
0.741094	0.248320	-80.541496
0.741699	0.275657	-80.657809
0.742305	0.292059	-80.561288
0.742910	0.224020	-80.572676
0.743516	0.317574	-80.739960
0.744121	0.315752	-80.555595
0.744727	0.255002	-80.515468
0.745332	0.301779	-80.596535
0.745938	0.232525	-80.636661
0.746543	0.267152	-80.655640
0.747148	0.277480	-80.636119
0.747754	0.261077	-80.684108
0.748359	0.241030	-80.672992
0.748965	0.227057	-80.673805
0.749570	0.251357	-80.682752
0.750176	0.234347	-80.753516
0.750781	0.248320	-80.576200
0.751387	0.200935	-80.729928
0.751992	0.270797	-80.764090
0.752598	0.234955	-80.539870
0.753203	0.154158	-80.626358
0.753809	0.227057	-80.623647
0.754414	0.104343	-80.649133
0.755020	0.163270	-80.603584
0.755625	0.155980	-80.581623
0.756230	0.080044	-80.597077
0.756836	0.070931	-80.630696
0.757441	0.061211	-80.585961
0.758047	0.070931	-80.638017
0.758652	0.024154	-80.615242
0.759258	-0.027483	-80.479951
0.759863	-0.067578	-80.716101
0.760469	-0.048138	-80.579454
0.761074	-0.049960	-80.355505
0.761680	-0.067578	-80.461786
0.762285	-0.058465	-80.454465
0.762891	-0.144122	-80.412983
0.763496	-0.143515	-80.407561
0.764102	-0.159917	-80.364181
0.764707	-0.152020	-80.303449
0.765312	-0.206087	-80.273354
0.765918	-0.199404	-80.254918
0.766523	-0.197582	-80.332188
0.767129	-0.201227	-80.132098
0.767734	-0.241929	-80.170598
0.768340	-0.087018	-80.214249
0.768945	-0.186039	-79.991656
0.769551	-0.314829	-80.004670
0.770156	-0.259546	-80.002501
0.770762	-0.253471	-79.948276
0.771367	-0.272304	-79.915199
0.771973	-0.297819	-79.871005
0.772578	-0.279594	-79.822474
0.773184	-0.260154	-79.739510
0.773789	-0.309969	-79.682303
0.774395	-0.295389	-79.696130
0.775000	-0.263799	-79.706162
0.775605	-0.291136	-79.502818
0.776211	-0.288099	-79.557314
0.776816	-0.250434	-79.560025
0.777422	-0.250434	-79.263957
0.778027	-0.199404	-79.226813
0.778633	-0.229779	-79.268567
0.779238	-0.279594	-79.189398
0.779844	-0.199404	-79.100198
0.780449	-0.140477	-79.055192
0.781055	-0.170245	-79.025097
0.781660	-0.181787	-78.892517
0.782266	-0.130150	-78.826634
0.782871	-0.093093	-78.811179
0.783477	-0.091270	-78.735265
0.784082	-0.103420	-78.572861
0.784687	0.021724	-78.631424
0.785293	0.102521	-78.518907
0.785898	-0.048746	-78.289265
0.786504	-0.019586	-78.342676
0.787109	0.036304	-78.258899
0.787715	-0.004398	-78.150991
0.788320	0.109203	-78.009193
0.788926	0.106773	-77.981538
0.789531	0.157195	-77.889085
0.790137	0.205795	-77.784160
0.790742	0.190608	-77.705805
0.791348	0.306639	-77.680048
0.791953	0.256217	-77.566176
0.792559	0.241030	-77.423293
0.793164	0.293274	-77.526320
0.793770	0.277480	-77.314301
0.794375	0.309069	-77.041007
0.794980	0.296919	-77.076796
0.795586	0.328509	-76.983529
0.796191	0.333369	-76.879959
0.796797	0.369211	-76.809738
0.797402	0.389866	-76.738974
0.798008	0.357061	-76.626187
0.798613	0.383791	-76.502012
0.799219	0.409914	-76.409829
0.799824	0.383791	-76.384615
0.800430	0.393511	-76.178018
0.801035	0.333369	-76.148736
0.801641	0.504683	-76.140874
0.802246	0.443326	-75.763468
0.802852	0.382576	-75.739067
0.803457	0.378324	-75.713853
0.804063	0.400801	-75.573681
0.804668	0.365566	-75.469298
0.805273	0.372856	-75.401246
0.805879	0.323042	-75.293881
0.806484	0.343697	-75.196547
0.807090	0.246497	-75.106805
0.807695	0.260470	-75.042006
0.808301	0.287200	-74.942503
0.808906	0.265330	-74.657280
0.809512	0.164485	-74.840018
0.810117	0.176635	-74.669210
0.810723	0.215515	-74.298853
0.811328	0.179673	-74.299396
0.811934	0.151121	-74.251136
0.812539	0.150513	-74.060264
0.813145	0.144438	-73.936902
0.813750	0.090371	-73.939342
0.814355	0.052706	-73.724612
0.814961	0.057566	-73.630531
0.815566	0.076399	-73.493071
0.816172	0.022331	-73.453487
0.816777	0.019294	-73.217609
0.817383	-0.039026	-73.137085
0.817988	0.013827	-73.197274
0.818594	-0.102205	-72.875992
0.819199	-0.123467	-72.691085
0.819805	-0.105850	-72.713859
0.820410	-0.139870	-72.581008
0.821016	-0.083373	-72.396101
0.821621	-0.056643	-72.244272
0.822227	-0.124682	-72.165103
0.822832	-0.177535	-72.004869
0.823438	-0.152020	-71.869849
0.824043	-0.124075	-71.714223
0.824648	-0.167815	-71.649424
0.825254	-0.161740	-71.370708
0.825859	-0.172675	-71.386162
0.826465	-0.071223	-71.237044
0.827070	-0.169637	-70.833339
0.827676	-0.222489	-70.832526
0.828281	-0.198797	-70.800804
0.828887	-0.219452	-70.577940
0.829492	-0.207909	-70.401709
0.830098	-0.189077	-70.284854
0.830703	-0.133795	-70.099134
0.831309	-0.145337	-69.927512
0.831914	-0.174497	-69.777309
0.832520	-0.201227	-69.697056
0.833125	-0.179965	-69.485037
0.833730	-0.231602	-69.295250
0.834336	-0.145945	-69.334021
0.834941	-0.233424	-69.088111
0.835547	-0.238284	-68.768184
0.836152	-0.135617	-68.709350
0.836758	-0.140477	-68.542879
0.837363	-0.036596	-68.330589
0.837969	-0.141692	-68.188791
0.838574	-0.050568	-68.012560
0.839180	-0.022623	-67.824399
0.839785	-0.066970	-67.654675
0.840391	-0.003183	-67.493898
0.840996	-0.036596	-67.343424
0.841602	-0.017763	-67.127880
0.842207	-0.014726	-66.949480
0.842812	-0.026876	-66.953276
0.843418	-0.115570	-66.622233
0.844023	-0.021408	-66.361682
0.844629	0.021116	-66.287394
0.845234	0.082474	-66.046364
0.845840	0.049669	-65.878267
0.846445	0.022939	-65.730775
0.847051	0.054529	-65.550206
0.847656	0.070931	-65.336018
0.848262	0.095838	-65.139453
0.848867	0.105558	-64.964035
0.849473	0.108596	-64.794582
0.850078	0.171775	-64.512884
0.850684	0.105558	-64.460015
0.851289	0.227057	-64.274836
0.851895	0.056351	-63.897431
0.852500	0.159018	-63.823685
0.853105	0.187570	-63.681887
0.853711	0.177243	-63.424590
0.854316	0.181495	-63.194134
0.854922	0.191823	-63.020614
0.855527	0.182710	-62.811848
0.856133	0.218553	-62.600913
0.856738	0.164485	-62.477281
0.857344	0.200328	-62.290476
0.857949	0.150513	-62.082523
0.858555	0.170560	-61.854779
0.859160	0.136541	-61.844476
0.859766	0.279910	-61.381937
0.860371	0.145046	-61.186457
0.860977	0.146868	-61.197573
0.861582	0.190608	-60.872223
0.862187	0.087333	-60.676200
0.862793	0.138363	-60.475297
0.863398	0.141401	-60.281443
0.864004	0.154158	-60.026586
0.864609	0.082474	-59.845475
0.865215	0.079436	-59.661110
0.865820	0.096446	-59.495453
0.866426	0.127428	-59.233004
0.867031	0.074576	-59.077921
0.867637	0.050884	-58.997397
0.868242	0.028406	-58.553295
0.868848	0.098876	-58.492834
0.869453	0.077006	-58.342360
0.870059	0.051491	-57.987187
0.870664	0.069109	-57.786826
0.871270	0.082474	-57.593785
0.871875	0.095838	-57.389899
0.872480	0.027191	-57.172729
0.873086	0.058781	-56.957727
0.873691	0.002284	-56.779327
0.874297	0.063034	-56.516878
0.874902	0.037519	-56.280458
0.875508	0.001069	-56.188004
0.876113	-0.005006	-55.911728
0.876719	-0.063325	-55.580143
0.877324	0.049061	-55.498535
0.877930	0.053921	-55.246931
0.878535	0.016257	-54.929444
0.879141	0.056351	-54.676485
0.879746	0.098876	-54.485071
0.880352	0.014434	-54.303146
0.880957	0.049669	-54.057508
0.881563	0.023546	-53.837354
0.882168	0.019294	-53.633469
0.882773	0.042986	-53.365869
0.883379	0.033874	-53.094202
0.883984	0.023546	-53.064378
0.884590	0.104343	-52.656065
0.885195	-0.051783	-52.459228
0.885801	0.015042	-52.374095
0.886406	0.016864	-52.038172
0.887012	0.038734	-51.717432
0.887617	0.104951	-51.496194
0.888223	0.119531	-51.228052
0.888828	0.067286	-50.993258
0.889434	0.068501	-50.756566
0.890039	0.098268	-50.539938
0.890645	0.056351	-50.293214
0.891250	0.111026	-50.011245
0.891855	0.050884	-49.887883
0.892461	0.102521	-49.709212
0.893066	0.039949	-49.314997
0.893672	0.052099	-49.126023
0.894277	0.076399	-48.960366
0.894883	0.086726	-48.547985
0.895488	0.087333	-48.343015
0.896094	0.044809	-48.186034
0.896699	0.072754	-47.856076
0.897305	0.041164	-47.645141
0.897910	0.080044	-47.392453
0.898516	0.111026	-47.113737
0.899121	-0.003791	-46.887890
0.899727	0.100698	-46.579892
0.900332	0.061211	-46.439179
0.900937	0.082474	-46.135248
0.901543	-0.009258	-45.808272
0.902148	-0.035988	-45.792547
0.902754	0.114671	-45.478042
0.903359	-0.012296	-45.067288
0.903965	0.041771	-44.819481
0.904570	0.025369	-44.562997
0.905176	0.002284	-44.341488
0.905781	0.039341	-44.060603
0.906387	0.051491	-43.815778
0.906992	-0.001361	-43.593998
0.907598	0.025369	-43.300099
0.908203	-0.040848	-43.077505
0.908809	-0.048138	-42.968242
0.909414	-0.022623	-42.550981
0.910020	-0.052390	-42.253016
0.910625	-0.035381	-42.203671
0.911230	-0.039633	-41.797526
0.911836	-0.046923	-41.464314
0.912441	-0.035988	-41.185598
0.913047	-0.037811	-40.965445
0.913652	-0.084588	-40.700827
0.914258	-0.097953	-40.461967
0.914863	-0.066970	-40.157765
0.915469	-0.119215	-39.911042
0.916074	-0.080335	-39.604671
0.916680	-0.076690	-39.395363
0.917285	-0.089448	-39.237839
0.917891	-0.093700	-38.731650
0.918496	-0.238284	-38.767167
0.919102	-0.133795	-38.472455
0.919707	-0.144122	-37.974399
0.920312	-0.094915	-37.697581
0.920918	-0.158702	-37.525146
0.921523	-0.162955	-37.235313
0.922129	-0.119215	-36.931112
0.922734	-0.142907	-36.634501
0.923340	-0.094915	-36.363377
0.923945	-0.131972	-36.141055
0.924551	-0.107673	-35.776121
0.925156	-0.125290	-35.680414
0.925762	-0.076083	-35.287284
0.926367	-0.170852	-34.912047
0.926973	-0.151412	-34.865956
0.927578	-0.011081	-34.471470
0.928184	-0.073045	-34.065596
0.928789	-0.001361	-33.793658
0.929395	-0.071830	-33.571607
0.930000	-0.120430	-33.299398
0.930605	-0.018978	-32.989774
0.931211	-0.020193	-32.755251
0.931816	-0.011688	-32.419057
0.932422	-0.051175	-32.185619
0.933027	0.036911	-31.845900
0.933633	0.002284	-31.724707
0.934238	0.072146	-31.265964
0.934844	-0.013511	-31.040660
0.935449	-0.003791	-30.959864
0.936055	0.160840	-30.446626
0.936660	0.099483	-30.126156
0.937266	0.098268	-29.859912
0.937871	0.092193	-29.587703
0.938477	0.236777	-29.206231
0.939082	0.138971	-28.970895
0.939688	0.214908	-28.691636
0.940293	0.191215	-28.424037
0.940898	0.181495	-28.090553
0.941504	0.236170	-27.856573
0.942109	0.209440	-27.682782
0.942715	0.207010	-27.155716
0.943320	0.340052	-26.940443
0.943926	0.280517	-26.791596
0.944531	0.278695	-26.317941
0.945137	0.274442	-26.031905
0.945742	0.276265	-25.754544
0.946348	0.333977	-25.498331
0.946953	0.293882	-25.200094
0.947559	0.256825	-24.922734
0.948164	0.323042	-24.621244
0.948770	0.329724	-24.323820
0.949375	0.258040	-24.022600
0.949980	0.265937	-23.844743
0.950586	0.318182	-23.464626
0.951191	0.282947	-23.040858
0.951797	0.364959	-22.937560
0.952402	0.278087	-22.707646
0.953008	0.247105	-22.228027
0.953613	0.241030	-21.952565
0.954219	0.228272	-21.709908
0.954824	0.276265	-21.383474
0.955430	0.242852	-21.119128
0.956035	0.134718	-20.839869
0.956641	0.132896	-20.550579
0.957246	0.149906	-20.259934
0.957852	0.162055	-19.940549
0.958457	0.158410	-19.804174
0.959063	0.177243	-19.338653
0.959668	0.006537	-19.075662
0.960273	0.021116	-19.006525
0.960879	0.104343	-18.471596
0.961484	0.029621	-18.131877
0.962090	-0.006221	-17.897897
0.962695	0.055744	-17.564142
0.963301	-0.021408	-17.323655
0.963906	-0.017763	-17.005355
0.964512	-0.032951	-16.730163
0.965117	-0.088233	-16.425962
0.965723	-0.065755	-16.113897
0.966328	-0.111318	-15.859582
0.966934	-0.093093	-15.616384
0.967539	-0.152020	-15.209426
0.968145	-0.122252	-15.005269
0.968750	-0.102813	-14.825242
0.969355	-0.170852	-14.301158
0.969961	-0.227957	-14.025696
0.970566	-0.211554	-13.751589
0.971172	-0.205479	-13.483176
0.971777	-0.207302	-13.145354
0.972383	-0.258939	-12.883448
0.972988	-0.246182	-12.595514
0.973594	-0.224919	-12.256066
0.974199	-0.272911	-11.968132
0.974805	-0.226742	-11.741472
0.975410	-0.227349	-11.478481
0.976016	-0.230387	-10.938672
0.976621	-0.166600	-10.801212
0.977227	-0.282631	-10.504330
0.977832	-0.280201	-9.996785
0.978437	-0.226134	-9.777174
0.979043	-0.263191	-9.513641
0.979648	-0.280201	-9.219471
0.980254	-0.235854	-8.857520
0.980859	-0.224312	-8.600222
0.981465	-0.230387	-8.291412
0.982070	-0.181787	-7.947354
0.982676	-0.230387	-7.649931
0.983281	-0.237069	-7.449299
0.983887	-0.215807	-7.054541
0.984492	-0.221274	-6.699368
0.985098	-0.248004	-6.655175
0.985703	-0.141692	-6.070901
0.986309	-0.154450	-5.753143
0.986914	-0.189684	-5.535159
0.987520	-0.172067	-5.166972
0.988125	-0.100990	-4.827524
0.988730	-0.113748	-4.523594
0.989336	-0.070615	-4.230237
0.989941	-0.000753	-3.892416
0.990547	-0.066970	-3.574929
0.991152	-0.001968	-3.292417
0.991758	-0.037203	-3.057623
0.992363	0.012612	-2.559025
0.992969	-0.021408	-2.418311
0.993574	-0.062110	-2.248587
0.994180	0.062426	-1.565354
0.994785	0.047846	-1.356588
0.995391	0.090371	-1.094410
0.995996	0.123783	-0.749811
0.996602	0.098268	-0.428257
0.997207	0.098876	-0.137069
0.997812	0.192430	0.202107
0.998418	0.195468	0.522034
0.999023	0.157803	0.800208
0.999629	0.165700	1.087329
1.000234	0.219160	1.379601
1.000840	0.163878	1.808520
1.001445	0.295097	1.952488
1.002051	0.373464	2.349414
1.002656	0.228880	2.741460
1.003262	0.256825	2.945888
1.003867	0.256217	3.232467
1.004473	0.303602	3.606076
1.005078	0.282947	3.928172
1.005684	0.245890	4.179776
1.006289	0.265330	4.467168
1.006895	0.274442	4.820443
1.007500	0.256825	5.119765
1.008105	0.287200	5.335580
1.008711	0.301172	5.703767
1.009316	0.220983	6.026676
1.009922	0.162663	6.095271
1.010527	0.248320	6.702861
1.011133	0.261077	7.058034
1.011738	0.220375	7.273849
1.012344	0.241637	7.517048
1.012949	0.256825	7.894453
1.013555	0.275050	8.205162
1.014160	0.241637	8.488487
1.014766	0.238600	8.791604
1.015371	0.253787	9.090926
1.015977	0.213693	9.358797
1.016582	0.237385	9.568647
1.017187	0.195468	10.061823
1.017793	0.137148	10.209857
1.018398	0.279910	10.454954
1.019004	0.193038	10.970904
1.019609	0.106773	11.193497
1.020215	0.155373	11.438865
1.020820	0.083081	11.768281
1.021426	0.101913	12.056486
1.022031	0.113456	12.377769
1.022637	0.042986	12.603073
1.023242	0.056351	12.919747
1.023848	0.028406	13.239674
1.024453	0.111633	13.473654
1.025059	0.057566	13.770265
1.025664	0.041771	14.220331
1.026270	-0.053605	14.221145
1.026875	-0.067578	14.613191
1.027480	0.013827	15.189059
1.028086	-0.029913	15.330044
1.028691	-0.055428	15.656207
1.029297	-0.043886	15.948750
1.029902	-0.009866	16.233702
1.030508	-0.042063	16.502929
1.031113	-0.097953	16.779205
1.031719	-0.083373	17.137903
1.032324	-0.133187	17.429091
1.032930	-0.110710	17.640568
1.033535	-0.096130	17.996554
1.034141	-0.159917	18.339256
1.034746	-0.115570	18.405139
1.035352	-0.083373	18.946304
1.035957	-0.191507	19.271924
1.036563	-0.126505	19.443546
1.037168	-0.108280	19.784078
1.037773	-0.165385	20.050865
1.038379	-0.192722	20.364827
1.038984	-0.166600	20.645712
1.039590	-0.227349	20.916837
1.040195	-0.210339	21.225919
1.040801	-0.170852	21.534187
1.041406	-0.162955	21.787960
1.042012	-0.213984	22.197900
1.042617	-0.249827	22.308790
1.043223	-0.300249	22.495595
1.043828	-0.269266	23.125960
1.044434	-0.237069	23.365092
1.045039	-0.167815	23.579822
1.045645	-0.222489	23.911950
1.046250	-0.281416	24.238384
1.046855	-0.205479	24.473720
1.047461	-0.221274	24.757587
1.048066	-0.199404	25.089715
1.048672	-0.244967	25.379818
1.049277	-0.254686	25.647418
1.049883	-0.155057	25.949451
1.050488	-0.234639	26.317096
1.051094	-0.196974	26.386232
1.051699	-0.161740	26.850669
1.052305	-0.210947	27.215874
1.052910	-0.096738	27.443076
1.053516	-0.133795	27.687901
1.054121	-0.125290	27.981258
1.054727	-0.108280	28.351072
1.055332	-0.108888	28.564718
1.055937	-0.096738	28.870276
1.056543	-0.105243	29.176646
1.057148	-0.121645	29.444246
1.057754	-0.111925	29.694223
1.058359	-0.116178	30.064308
1.058965	-0.079728	30.340042
1.059570	-0.026268	30.472622
1.060176	0.055136	31.052286
1.060781	-0.049960	31.269457
1.061387	0.022939	31.464124
1.061992	-0.020801	31.754228
1.062598	0.036911	32.133802
1.063203	-0.001968	32.336332
1.063809	0.022939	32.626977
1.064414	0.042379	32.950971
1.065020	0.025369	33.205286
1.065625	0.076399	33.460957
1.066230	0.125606	33.709307
1.066836	0.061819	34.123585
1.067441	0.112241	34.310390
1.068047	0.090371	34.464660
1.068652	0.107381	35.014771
1.069258	0.142008	35.224893
1.069863	0.137756	35.378349
1.070469	0.175420	35.781512
1.071074	0.190608	36.056703
1.071680	0.194860	36.296106
1.072285	0.151121	36.574009
1.072891	0.188785	36.834831
1.073496	0.216730	37.146082
1.074102	0.208225	37.344002
1.074707	0.181495	37.631937
1.075312	0.247105	38.013680
1.075918	0.202758	38.110472
1.076523	0.387436	38.478930
1.077129	0.231310	38.886159
1.077734	0.224020	39.017654
1.078340	0.247712	39.254346
1.078945	0.260470	39.580780
1.079551	0.266545	39.831028
1.080156	0.257432	40.110829
1.080762	0.202758	40.323119
1.081367	0.237385	40.598853
1.081973	0.244675	40.884618
1.082578	0.254395	41.100433
1.083184	0.246497	41.374269
1.083789	0.228880	41.707752
1.084395	0.257432	41.750590
1.085000	0.182710	42.071330
1.085605	0.240422	42.498351
1.086211	0.214300	42.578604
1.086816	0.243460	42.866267
1.087422	0.211263	43.152846
1.088027	0.205795	43.469248
1.088633	0.190608	43.640870
1.089238	0.179673	43.901421
1.089844	0.161448	44.176612
1.090449	0.175420	44.401375
1.091055	0.164485	44.624781
1.091660	0.172990	44.873674
1.092266	0.127428	45.151847
1.092871	0.236170	45.296086
1.093477	0.222197	45.745610
1.094082	0.018686	45.961425
1.094688	0.080044	46.143892
1.095293	0.044809	46.384108
1.095898	0.041771	46.640050
1.096504	0.029014	46.897076
1.097109	0.012004	47.096624
1.097715	0.063034	47.377780
1.098320	-0.021408	47.632637
1.098926	-0.039026	47.848181
1.099531	-0.041456	48.007873
1.100137	-0.077298	48.364944
1.100742	-0.146552	48.489120
1.101348	-0.034773	48.691650
1.101953	-0.005006	49.205973
1.102559	-0.111925	49.275381
1.103164	-0.133795	49.474928
1.103770	-0.183610	49.741444
1.104375	-0.130150	49.996572
1.104980	-0.224919	50.213743
1.105586	-0.208517	50.461822
1.106191	-0.231602	50.718306
1.106797	-0.269266	50.899959
1.107402	-0.251042	51.143971
1.108008	-0.280809	51.350026
1.108613	-0.370718	51.672122
1.109219	-0.271696	51.695167
1.109824	-0.135617	52.187530
1.110430	-0.298426	52.467872
1.111035	-0.355531	52.486851
1.111641	-0.322726	52.810303
1.112246	-0.276556	53.082783
1.112852	-0.325156	53.248440
1.113457	-0.325156	53.450428
1.114062	-0.322726	53.734295
1.114668	-0.320296	53.978578
1.115273	-0.373148	54.142338
1.115879	-0.358568	54.391501
1.116484	-0.305109	54.661270
1.117090	-0.322118	54.905282
1.117695	-0.305716	54.916940
1.118301	-0.201834	55.407947
1.118906	-0.290529	55.670396
1.119512	-0.304501	55.659280
1.120117	-0.289314	56.000083
1.120723	-0.251042	56.243011
1.121328	-0.188469	56.448252
1.121934	-0.254686	56.672201
1.122539	-0.260761	56.866055
1.123145	-0.155665	57.116032
1.123750	-0.211554	57.321273
1.124355	-0.182395	57.483948
1.124961	-0.157487	57.784896
1.125566	-0.112533	57.959229
1.126172	-0.151412	58.018605
1.126777	-0.224312	58.464063
1.127383	-0.043886	58.688012
1.127988	-0.062718	58.794022
1.128594	-0.005613	59.062706
1.129199	0.017472	59.331391
1.129805	0.024154	59.530396
1.130410	0.043594	59.702289
1.131016	0.035696	59.947114
1.131621	0.050884	60.139613
1.132227	0.074576	60.364375
1.132832	0.147476	60.550367
1.133438	0.105558	60.795463
1.134043	0.138363	60.885205
1.134648	0.180888	61.079331
1.135254	0.260470	61.589045
1.135859	0.193038	61.542682
1.136465	0.233740	61.718371
1.137070	0.267152	61.957774
1.137676	0.211870	62.177114
1.138281	0.265330	62.335179
1.138887	0.258040	62.575667
1.139492	0.350379	62.815341
1.140098	0.306032	62.938974
1.140703	0.296312	63.123610
1.141309	0.366781	63.342678
1.141914	0.343089	63.574219
1.142520	0.318182	63.509962
1.143125	0.265937	63.909057
1.143730	0.343697	64.200516
1.144336	0.346127	64.209735
1.144941	0.331547	64.472454
1.145547	0.337622	64.633231
1.146152	0.297527	64.810004
1.146758	0.354024	64.967799
1.147363	0.320004	65.178734
1.147969	0.343089	65.337071
1.148574	0.315752	65.549632
1.149180	0.283555	65.623649
1.149785	0.304209	65.862781
1.150391	0.234347	65.972586
1.150996	0.324257	66.049857
1.151602	0.291452	66.460882
1.152207	0.185748	66.496128
1.152813	0.250142	66.566349
1.153418	0.209440	66.830153
1.154023	0.214908	67.043800
1.154629	0.169953	67.162010
1.155234	0.194253	67.335258
1.155840	0.177243	67.552700
1.156445	0.108596	67.635122
1.157051	0.113456	67.749537
1.157656	0.100698	67.954507
1.158262	0.059996	68.156495
1.158867	-0.004398	68.096305
1.159473	0.083081	68.395356
1.160078	0.075184	68.712300
1.160684	-0.048138	68.576196
1.161289	0.015649	68.863045
1.161895	-0.069400	69.011893
1.162500	-0.017156	69.220930
1.163105	-0.141085	69.277866
1.163711	-0.145945	69.433763
1.164316	-0.152020	69.621923
1.164922	-0.180572	69.733084
1.165527	-0.154450	69.881660
1.166133	-0.131365	70.120250
1.166738	-0.183002	70.190471
1.167344	-0.144730	70.171764
1.167949	-0.267444	70.510127
1.168555	-0.357961	70.531275
1.169160	-0.209732	70.633218
1.169766	-0.230387	70.912476
1.170371	-0.240714	71.080573
1.170977	-0.297819	71.144558
1.171582	-0.223704	71.332448
1.172187	-0.278986	71.468823
1.172793	-0.295389	71.563446
1.173398	-0.259546	71.702262
1.174004	-0.314829	71.795257
1.174609	-0.234032	72.028967
1.175215	-0.335483	72.043065
1.175820	-0.211554	72.154497
1.176426	-0.316044	72.506959
1.177031	-0.326978	72.466291
1.177637	-0.284454	72.567420
1.178242	-0.266836	72.846678
1.178848	-0.262584	72.954315
1.179453	-0.331838	73.023723
1.180059	-0.236462	73.178806
1.180664	-0.289314	73.278580
1.181270	-0.248004	73.418209
1.181875	-0.212162	73.571666
1.182480	-0.232209	73.642429
1.183086	-0.234032	73.871800
1.183691	-0.217629	73.839808
1.184297	-0.241322	73.972116
1.184902	-0.312399	74.223720
1.185508	-0.183610	74.140214
1.186113	-0.148375	74.301262
1.186719	-0.125290	74.559915
1.187324	-0.130150	74.652639
1.187930	-0.117393	74.742381
1.188535	-0.086410	74.886077
1.189141	-0.125290	75.012964
1.189746	-0.086410	75.085625
1.190352	-0.051175	75.213054
1.190957	-0.078513	75.391996
1.191563	-0.005613	75.430767
1.192168	-0.045708	75.418295
1.192773	0.007752	75.784042
1.193379	-0.061503	75.739035
1.193984	0.025976	75.740662
1.194590	0.041771	76.037814
1.195195	0.034481	76.140842
1.195801	0.049669	76.226517
1.196406	0.070931	76.282640
1.197012	0.033266	76.379974
1.197617	0.070324	76.464565
1.198223	0.135933	76.595247
1.198828	0.067286	76.634288
1.199434	0.100091	76.821636
1.200039	0.107381	76.797505
1.200645	0.172990	76.840072
1.201250	0.110418	77.077577
1.201855	0.179673	77.026606
1.202461	0.197290	77.139665
1.203066	0.152336	77.338670
1.203672	0.134718	77.377983
1.204277	0.199113	77.486162
1.204883	0.197898	77.552316
1.205488	0.148691	77.667273
1.206094	0.202758	77.686794
1.206699	0.118316	77.773554
1.207305	0.196683	77.885528
1.207910	0.199720	78.005636
1.208516	0.168738	77.935686
1.209121	0.193038	78.054439
1.209727	0.047846	78.202744
1.210332	0.145653	78.071791
1.210937	0.172990	78.261307
1.211543	0.227665	78.441334
1.212148	0.106773	78.444045
1.212754	0.120746	78.484985
1.213359	0.172990	78.579607
1.213965	0.160233	78.651726
1.214570	0.165093	78.689141
1.215176	0.139578	78.759634
1.215781	0.157195	78.832838
1.216387	0.114671	78.931256
1.216992	0.149906	78.810605
1.217598	0.086118	78.973280
1.218203	0.086726	79.011780
1.218809	0.118923	78.893298
1.219414	0.086726	79.035096
1.220020	0.083689	79.201838
1.220625	0.107381	79.230848
1.221230	0.017472	79.253894
1.221836	0.012612	79.291309
1.222441	0.063641	79.324386
1.223047	0.011397	79.352583
1.223652	0.050276	79.384305
1.224258	0.028406	79.408706
1.224863	-0.006221	79.378069
1.225469	0.009574	79.369664
1.226074	-0.094915	79.573008
1.226680	-0.008651	79.426600
1.227285	-0.037203	79.461304
1.227891	-0.003791	79.736767
1.228496	-0.037811	79.698267
1.229102	-0.079120	79.728633
1.229707	-0.041456	79.751136
1.230312	-0.100990	79.751136
1.230918	-0.058465	79.785569
1.231523	0.001677	79.832745
1.232129	-0.070615	79.883174
1.232734	-0.087018	79.865009
1.233340	-0.051783	79.764421
1.233945	-0.130150	79.893206
1.234551	-0.137440	79.960173
1.235156	-0.031128	79.796143
1.235762	-0.101598	79.900797
1.236367	-0.132580	80.036359
1.236973	-0.096130	80.002740
1.237578	-0.125897	80.009789
1.238184	-0.103420	80.055067
1.238789	-0.129542	80.078113
1.239395	-0.161740	80.065912
