LabVIEW Measurement	
Writer_Version	2
Reader_Version	2
Separator	Tab
Decimal_Separator	.
Multi_Headings	No
X_Columns	One
Time_Pref	Absolute
Operator	AlunosGDS-JT
Date	2019/10/09
Time	15:11:28.9575998562499047959
***End_of_Header***	
	
Channels	2		
Samples	2048	2048	
Date	2019/10/09	2019/10/09	
Time	15:15:26.9522287624999030872	15:15:26.9522287624999030872	
Y_Unit_Label	g	Newtons	
X_Dimension	Time	Time	
X0	0.0000000000000000E+0	0.0000000000000000E+0	
Delta_X	0.000605	0.000605	
***End_of_Header***			
X_Value	Acceleration (Trigger)	Force (Trigger)	Comment
0.000000	0.708194	-2.991198
0.000605	-0.061503	-12.488420
0.001211	-0.777740	-21.954462
0.001816	-1.564447	-31.395833
0.002422	-2.295871	-40.413707
0.003027	-3.024866	-49.306863
0.003633	-3.681569	-58.091028
0.004238	-4.391731	-66.120652
0.004844	-4.918430	-73.805407
0.005449	-5.534430	-81.244251
0.006055	-5.999772	-88.012605
0.006660	-6.480908	-94.217561
0.007266	-6.969942	-99.866712
0.007871	-7.319252	-104.867334
0.008477	-7.693469	-109.157880
0.009082	-7.975954	-112.768446
0.009687	-8.167316	-115.649957
0.010293	-8.353817	-117.926319
0.010898	-8.388444	-119.195724
0.011504	-8.487466	-119.776202
0.012109	-8.445548	-119.836392
0.012715	-8.349564	-118.736981
0.013320	-8.201943	-116.969792
0.013926	-8.024554	-114.541871
0.014531	-7.689217	-111.375950
0.015137	-7.385469	-107.475552
0.015742	-7.088404	-102.913068
0.016348	-6.666194	-97.700156
0.016953	-6.214825	-91.832207
0.017559	-5.593965	-85.298106
0.018164	-5.038106	-78.271099
0.018770	-4.389301	-70.870483
0.019375	-3.749001	-62.818084
0.019980	-3.117205	-54.334597
0.020586	-2.372416	-45.866835
0.021191	-1.653141	-36.695776
0.021797	-0.884659	-27.357161
0.022402	-0.189077	-17.998484
0.023008	0.617677	-8.418840
0.023613	1.344849	1.138843
0.024219	2.195950	10.782472
0.024824	2.924945	20.224656
0.025430	3.634500	29.588485
0.026035	4.404804	38.819462
0.026641	5.086414	47.801548
0.027246	5.822699	56.306996
0.027852	6.523141	64.665495
0.028457	7.075354	72.625983
0.029062	7.653690	79.916793
0.029668	8.185856	86.779227
0.030273	8.630543	93.217622
0.030879	9.114717	98.958955
0.031484	9.545431	104.057995
0.032090	9.861936	108.517994
0.032695	10.193629	112.327836
0.033301	10.411112	115.405642
0.033906	10.587893	117.694204
0.034512	10.719112	119.298720
0.035117	10.749487	120.140832
0.035723	10.705748	120.127276
0.036328	10.693598	119.323934
0.036934	10.519246	118.124479
0.037539	10.318165	115.842153
0.038145	10.092177	112.827519
0.038750	9.789037	109.217766
0.039355	9.411175	104.883840
0.039961	9.074622	99.949645
0.040566	8.564326	94.265518
0.041172	8.092302	88.092554
0.041777	7.515789	81.263469
0.042383	6.862123	73.979708
0.042988	6.260095	66.219581
0.043594	5.610683	58.073644
0.044199	4.884726	49.493636
0.044805	4.254145	40.522938
0.045410	3.493561	31.666925
0.046016	2.721434	22.362473
0.046621	2.019777	12.807501
0.047227	1.240360	3.232467
0.047832	0.473701	-6.212700
0.048438	-0.302071	-15.809967
0.049043	-1.017093	-25.243203
0.049648	-1.766135	-34.508885
0.050254	-2.411296	-43.506967
0.050859	-3.141505	-52.330986
0.051465	-3.835265	-60.869783
0.052070	-4.423928	-68.819697
0.052676	-5.069696	-76.409829
0.053281	-5.570880	-83.702809
0.053887	-6.040474	-90.260227
0.054492	-6.611520	-96.120856
0.055098	-6.965689	-101.574526
0.055703	-7.402479	-106.376142
0.056309	-7.628467	-110.397461
0.056914	-7.838053	-113.769980
0.057520	-8.051891	-116.448148
0.058125	-8.156988	-118.333277
0.058730	-8.277272	-119.431603
0.059336	-8.273627	-119.803857
0.059941	-8.178250	-119.397983
0.060547	-8.062219	-118.194461
0.061152	-7.909737	-116.126594
0.061758	-7.686179	-113.637942
0.062363	-7.334439	-110.104376
0.062969	-7.020364	-105.779126
0.063574	-6.602407	-101.039055
0.064180	-6.188703	-95.567219
0.064785	-5.647424	-89.447667
0.065391	-5.124978	-82.848766
0.065996	-4.547857	-75.620586
0.066602	-3.919707	-67.945863
0.067207	-3.281837	-59.787725
0.067812	-2.625134	-51.271703
0.068418	-1.902822	-42.513837
0.069023	-1.212707	-33.443637
0.069629	-0.444225	-23.984372
0.070234	0.279302	-14.611596
0.070840	1.045961	-5.109765
0.071445	1.820518	4.680001
0.072051	2.561663	14.133300
0.072656	3.308882	23.582805
0.073262	4.125964	32.930366
0.073867	4.817294	42.062112
0.074473	5.560261	50.913244
0.075078	6.192056	59.362299
0.075684	6.808664	67.507694
0.076289	7.382140	75.224983
0.076895	7.940428	82.375351
0.077500	8.454977	88.987265
0.078105	8.900271	95.393125
0.078711	9.356500	100.802060
0.079316	9.741045	105.570870
0.079922	10.041755	109.891511
0.080527	10.285968	113.437278
0.081133	10.468217	116.260769
0.081738	10.611586	118.277665
0.082344	10.680233	119.590450
0.082949	10.753132	120.176892
0.083555	10.624951	119.923933
0.084160	10.561771	118.900709
0.084766	10.413542	117.257965
0.085371	10.180871	114.808084
0.085977	9.933013	111.438548
0.086582	9.580058	107.702451
0.087188	9.171214	103.205579
0.087793	8.786062	97.862799
0.088398	8.270906	92.028741
0.089004	7.739347	85.673581
0.089609	7.180451	78.708934
0.090215	6.543796	71.208273
0.090820	5.867653	63.317464
0.091426	5.176323	54.983095
0.092031	4.508078	46.384922
0.092637	3.752354	37.359457
0.093242	3.029434	28.240996
0.093848	2.285860	18.910515
0.094453	1.570230	9.215914
0.095059	0.799318	-0.205664
0.095664	0.035696	-9.557834
0.096270	-0.709701	-19.186281
0.096875	-1.416825	-28.597285
0.097480	-2.123343	-37.743130
0.098086	-2.807990	-46.679395
0.098691	-3.504180	-55.410961
0.099297	-4.202800	-63.674838
0.099902	-4.838848	-71.587337
0.100508	-5.411108	-79.032146
0.101113	-5.928695	-86.037191
0.101719	-6.329642	-92.459861
0.102324	-6.859985	-98.139920
0.102930	-7.258502	-103.567834
0.103535	-7.556783	-107.967372
0.104141	-7.849595	-111.629180
0.104746	-8.119323	-114.852851
0.105352	-8.167316	-117.191300
0.105957	-8.326479	-118.814252
0.106563	-8.349564	-119.653382
0.107168	-8.331947	-119.726586
0.107773	-8.251757	-119.055553
0.108379	-8.078621	-117.556776
0.108984	-7.847773	-115.318101
0.109590	-7.569540	-112.432522
0.110195	-7.284625	-108.692088
0.110801	-6.933492	-104.207688
0.111406	-6.482730	-99.360252
0.112012	-5.979724	-93.580418
0.112617	-5.491905	-87.099728
0.113223	-4.906887	-80.339780
0.113828	-4.344346	-72.966819
0.114434	-3.685821	-65.086041
0.115039	-2.981126	-56.840601
0.115645	-2.291011	-48.236463
0.116250	-1.545614	-39.232688
0.116855	-0.849425	-30.070576
0.117461	-0.109495	-20.645473
0.118066	0.665062	-11.221726
0.118672	1.475461	-1.660518
0.119277	2.161323	8.075022
0.119883	3.017892	17.448069
0.120488	3.750531	26.815423
0.121094	4.479526	36.289870
0.121699	5.164173	45.282258
0.122305	5.845176	53.963395
0.122910	6.506131	62.364190
0.123516	7.129421	70.384596
0.124121	7.683457	77.895289
0.124727	8.259363	84.883795
0.125332	8.834054	91.466700
0.125938	9.207664	97.429542
0.126543	9.609218	102.593109
0.127148	9.944556	107.227712
0.127754	10.262276	111.369682
0.128359	10.442095	114.570850
0.128965	10.726402	116.959457
0.129570	10.802947	118.907487
0.130176	10.869771	119.989274
0.130781	10.854584	120.226237
0.131387	10.810237	119.759631
0.131992	10.618268	118.480195
0.132598	10.493124	116.508848
0.133203	10.235546	113.802483
0.133809	9.937873	110.323141
0.134414	9.552114	106.194185
0.135020	9.199766	101.468484
0.135625	8.724705	95.816893
0.136230	8.247213	89.944877
0.136836	7.674952	83.393424
0.137441	7.078392	75.992808
0.138047	6.460569	68.543932
0.138652	5.767417	60.506173
0.139258	5.084592	52.057932
0.139863	4.356204	43.270514
0.140469	3.653332	34.251014
0.141074	2.914010	24.978011
0.141680	2.073236	15.529050
0.142285	1.341204	6.025863
0.142891	0.623752	-3.497116
0.143496	-0.153235	-13.024975
0.144102	-0.939334	-22.630376
0.144707	-1.667721	-31.850238
0.145313	-2.402791	-40.800059
0.145918	-3.052811	-49.877309
0.146523	-3.747786	-58.401736
0.147129	-4.380796	-66.497516
0.147734	-4.984647	-74.294787
0.148340	-5.590320	-81.614336
0.148945	-6.109121	-88.385672
0.149551	-6.509460	-94.518781
0.150156	-6.913445	-100.126721
0.150762	-7.304672	-105.117853
0.151367	-7.617532	-109.382642
0.151973	-7.941327	-112.873642
0.152578	-8.133296	-115.922980
0.153184	-8.236570	-118.022297
0.153789	-8.334377	-119.112760
0.154395	-8.374472	-119.794367
0.155000	-8.356247	-119.712216
0.155605	-8.242645	-118.671098
0.156211	-8.105351	-116.900384
0.156816	-7.893943	-114.441013
0.157422	-7.573185	-111.224662
0.158027	-7.203220	-107.212019
0.158633	-6.875173	-102.673394
0.159238	-6.419551	-97.394599
0.159844	-5.915330	-91.540748
0.160449	-5.340639	-84.904704
0.161055	-4.796323	-77.940056
0.161660	-4.185790	-70.528053
0.162266	-3.578902	-62.251976
0.162871	-2.960472	-53.849555
0.163477	-2.220542	-45.235115
0.164082	-1.415003	-36.177928
0.164687	-0.711523	-26.884591
0.165293	0.006537	-17.462200
0.165898	0.849740	-7.907499
0.166504	1.606680	1.719592
0.167109	2.315627	11.306014
0.167715	3.060417	20.733557
0.168320	3.807029	30.069188
0.168926	4.530556	39.351409
0.169531	5.185436	48.219622
0.170137	5.956348	56.704194
0.170742	6.556553	65.160840
0.171348	7.136711	73.035923
0.171953	7.686495	80.325920
0.172559	8.209549	87.160428
0.173164	8.743537	93.590147
0.173770	9.166961	99.284847
0.174375	9.604966	104.354876
0.174980	9.987688	108.763091
0.175586	10.210639	112.505152
0.176191	10.411720	115.520057
0.176797	10.600651	117.702338
0.177402	10.740982	119.362163
0.178008	10.750095	120.156558
0.178613	10.748880	119.954028
0.179219	10.660793	119.394969
0.179824	10.505274	118.010065
0.180430	10.310268	115.633658
0.181035	10.097037	112.689245
0.181641	9.801794	109.009272
0.182246	9.346780	104.629526
0.182852	9.041210	99.576577
0.183457	8.646945	93.945591
0.184062	8.073470	87.713251
0.184668	7.503031	80.925648
0.185273	6.892498	73.448846
0.185879	6.293508	65.772768
0.186484	5.540821	57.673193
0.187090	4.961877	48.927528
0.187695	4.217695	40.134145
0.188301	3.468046	31.104071
0.188906	2.740874	21.799889
0.189512	1.979075	12.261728
0.190117	1.242182	2.756643
0.190723	0.508935	-6.753322
0.191328	-0.269874	-16.312089
0.191934	-1.037141	-25.764034
0.192539	-1.719358	-34.967357
0.193145	-2.402791	-43.962456
0.193750	-3.136038	-52.955929
0.194355	-3.704046	-61.239868
0.194961	-4.366824	-69.122272
0.195566	-4.947589	-76.932829
0.196172	-5.464568	-83.976102
0.196777	-6.021034	-90.478754
0.197383	-6.432916	-96.480909
0.197988	-6.852088	-101.852158
0.198594	-7.142471	-106.559964
0.199199	-7.505753	-110.582910
0.199805	-7.729311	-113.945668
0.200410	-7.926140	-116.552531
0.201016	-8.019694	-118.405667
0.201621	-8.121146	-119.420215
0.202227	-8.122361	-119.834223
0.202832	-8.050676	-119.380631
0.203437	-7.949225	-117.930928
0.204043	-7.783378	-116.128221
0.204648	-7.518510	-113.400708
0.205254	-7.257287	-109.833793
0.205859	-6.940782	-105.647359
0.206465	-6.530115	-100.799923
0.207070	-6.029539	-95.302331
0.207676	-5.566020	-89.156208
0.208281	-5.128015	-82.549716
0.208887	-4.519912	-75.310690
0.209492	-3.842555	-67.609397
0.210098	-3.218657	-59.359891
0.210703	-2.515785	-50.971026
0.211309	-1.856045	-42.193368
0.211914	-1.215137	-32.846620
0.212520	-0.384083	-23.567382
0.213125	0.332154	-14.179424
0.213730	1.022269	-4.583783
0.214336	1.890380	5.095092
0.214941	2.517923	14.539987
0.215547	3.307667	24.033414
0.216152	4.076149	33.372028
0.216758	4.696402	42.441957
0.217363	5.410209	51.278991
0.217969	6.068734	59.746482
0.218574	6.698707	67.915194
0.219180	7.267930	75.547079
0.219785	7.789769	82.550497
0.220391	8.329225	89.460649
0.220996	8.768444	95.608127
0.221602	9.209486	100.919728
0.222207	9.533889	105.841452
0.222812	9.880769	110.107055
0.223418	10.109187	113.490689
0.224023	10.272603	116.261582
0.224629	10.449384	118.368491
0.225234	10.503452	119.578520
0.225840	10.488264	120.076576
0.226445	10.470647	119.747702
0.227051	10.311483	118.833199
0.227656	10.158394	117.059231
0.228262	9.922078	114.390823
0.228867	9.598891	111.411706
0.229473	9.290283	107.494770
0.230078	8.945226	102.841730
0.230684	8.500539	97.547481
0.231289	7.974448	91.751923
0.231895	7.482984	85.283975
0.232500	6.942920	78.278659
0.233105	6.382809	70.839001
0.233711	5.734612	62.916470
0.234316	5.067582	54.575324
0.234922	4.356812	45.850806
0.235527	3.680669	36.994523
0.236133	2.969292	27.809636
0.236738	2.238475	18.192306
0.237344	1.502798	8.889752
0.237949	0.706371	-0.601506
0.238555	-0.023231	-10.216125
0.239160	-0.742505	-19.671594
0.239766	-1.456920	-29.013732
0.240371	-2.173765	-38.175845
0.240977	-2.865095	-47.167690
0.241582	-3.461048	-55.791349
0.242187	-4.109853	-64.024046
0.242793	-4.747723	-71.934105
0.243398	-5.244655	-79.423108
0.244004	-5.761633	-86.369861
0.244609	-6.210573	-92.565328
0.245215	-6.668624	-98.480724
0.245820	-7.011859	-103.658389
0.246426	-7.369674	-107.930770
0.247031	-7.541595	-111.735732
0.247637	-7.717161	-114.839295
0.248242	-7.847165	-117.155512
0.248848	-7.995394	-118.737795
0.249453	-7.978384	-119.549271
0.250059	-7.968057	-119.580721
0.250664	-7.866605	-118.843533
0.251270	-7.674029	-117.305715
0.251875	-7.499070	-115.084120
0.252480	-7.185603	-112.161669
0.253086	-6.876995	-108.215993
0.253691	-6.514928	-103.917313
0.254297	-6.007062	-98.954107
0.254902	-5.597610	-93.078296
0.255508	-5.025956	-86.743471
0.256113	-4.544820	-79.851756
0.256719	-3.892977	-72.439210
0.257324	-3.238704	-64.569007
0.257930	-2.571674	-56.275035
0.258535	-1.882774	-47.671169
0.259141	-1.242474	-38.725143
0.259746	-0.497685	-29.542154
0.260352	0.246497	-20.153924
0.260957	1.016802	-10.789824
0.261562	1.682009	-0.969422
0.262168	2.463248	8.592328
0.262773	3.222010	17.966188
0.263379	3.930958	27.499199
0.263984	4.657522	36.771387
0.264590	5.323945	45.745068
0.265195	5.910785	54.386892
0.265801	6.602115	62.767081
0.266406	7.206573	70.740041
0.267012	7.770329	78.205184
0.267617	8.272728	85.190166
0.268223	8.755079	91.760327
0.268828	9.171821	97.644544
0.269434	9.620761	102.654383
0.270039	9.862544	107.529745
0.270645	10.117084	111.458882
0.271250	10.316343	114.536417
0.271855	10.448777	117.099899
0.272461	10.578174	118.907487
0.273066	10.612801	119.871877
0.273672	10.544154	120.069798
0.274277	10.423870	119.549239
0.274883	10.259846	118.225880
0.275488	10.131664	116.204104
0.276094	9.859506	113.417757
0.276699	9.511411	109.949532
0.277305	9.123222	105.886188
0.277910	8.736247	100.773050
0.278516	8.225343	95.493441
0.279121	7.689532	89.532768
0.279727	7.130029	82.748147
0.280332	6.524963	75.543012
0.280938	5.872513	67.931190
0.281543	5.232820	59.860083
0.282148	4.531163	51.354093
0.282754	3.809458	42.654248
0.283359	3.110231	33.597603
0.283965	2.369087	24.301013
0.284570	1.624297	14.833615
0.285176	0.831515	5.351305
0.285781	0.054529	-4.120160
0.286387	-0.619791	-13.865732
0.286992	-1.352431	-23.217089
0.287598	-2.092968	-32.333924
0.288203	-2.818925	-41.590929
0.288809	-3.470768	-50.424167
0.289414	-4.091021	-58.905486
0.290020	-4.734966	-67.041120
0.290625	-5.282319	-74.800163
0.291230	-5.813878	-82.067928
0.291836	-6.378849	-88.779887
0.292441	-6.799843	-94.920316
0.293047	-7.254250	-100.518767
0.293652	-7.516688	-105.506103
0.294258	-7.839268	-109.524440
0.294863	-8.133296	-113.196280
0.295469	-8.239608	-116.058542
0.296074	-8.312507	-117.886193
0.296680	-8.389051	-119.193284
0.297285	-8.407276	-119.809279
0.297891	-8.324049	-119.535714
0.298496	-8.156988	-118.468568
0.299102	-7.966842	-116.715206
0.299707	-7.710479	-114.147114
0.300312	-7.382431	-110.895246
0.300918	-7.069571	-106.889381
0.301523	-6.652222	-102.217905
0.302129	-6.191740	-97.063827
0.302734	-5.693594	-90.878120
0.303340	-5.159605	-84.448130
0.303945	-4.511408	-77.563464
0.304551	-3.858957	-69.783545
0.305156	-3.207722	-61.701864
0.305762	-2.483588	-53.311102
0.306367	-1.757630	-44.522870
0.306973	-1.076020	-35.496592
0.307578	-0.322118	-26.206780
0.308184	0.429961	-16.817465
0.308789	1.239752	-7.188748
0.309395	1.953560	2.394149
0.310000	2.795548	11.955086
0.310605	3.518468	21.307798
0.311211	4.268725	30.892323
0.311816	5.020805	40.058773
0.312422	5.693910	48.780850
0.313027	6.390099	57.547391
0.313633	7.035867	65.774666
0.314238	7.585651	73.555398
0.314844	8.143331	80.870067
0.315449	8.711947	87.720843
0.316055	9.139017	94.020964
0.316660	9.614078	99.713224
0.317266	10.021100	104.750447
0.317871	10.321203	109.123686
0.318477	10.541724	112.860325
0.319082	10.750702	115.665108
0.319688	10.917764	117.969938
0.320293	10.975476	119.658231
0.320898	11.028935	120.143544
0.321504	11.006458	120.094470
0.322109	10.864304	119.445127
0.322715	10.756777	117.856879
0.323320	10.528359	115.595158
0.323926	10.241621	112.545549
0.324531	9.902638	108.856900
0.325137	9.570338	104.446788
0.325742	9.084342	99.326600
0.326348	8.580121	93.643830
0.326953	8.044310	87.419894
0.327559	7.424057	80.367674
0.328164	6.853011	73.067916
0.328770	6.193878	65.496763
0.329375	5.467921	57.163750
0.329980	4.799676	48.512979
0.330586	4.079187	39.717969
0.331191	3.331360	30.563448
0.331797	2.505166	21.179014
0.332402	1.805331	11.694535
0.333008	1.036849	2.195415
0.333613	0.222197	-7.346542
0.334219	-0.538994	-16.955739
0.334824	-1.292896	-26.416901
0.335430	-2.065631	-35.513944
0.336035	-2.775793	-44.689883
0.336641	-3.408196	-53.491128
0.337246	-4.092843	-61.643030
0.337852	-4.729498	-69.716849
0.338457	-5.287787	-77.374762
0.339062	-5.827850	-84.427254
0.339668	-6.388569	-90.954848
0.340273	-6.811993	-96.959444
0.340879	-7.217193	-102.277010
0.341484	-7.539773	-106.969091
0.342090	-7.890298	-110.977397
0.342695	-8.074976	-114.270747
0.343301	-8.216523	-116.930207
0.343906	-8.422464	-118.611451
0.344512	-8.500223	-119.678326
0.345117	-8.417604	-120.062509
0.345723	-8.378116	-119.295227
0.346328	-8.237178	-118.023653
0.346934	-8.023947	-116.097042
0.347539	-7.811931	-113.287920
0.348145	-7.458976	-109.693351
0.348750	-7.166770	-105.508001
0.349355	-6.739701	-100.649449
0.349961	-6.255527	-95.066452
0.350566	-5.761026	-88.915992
0.351172	-5.231897	-82.189391
0.351777	-4.634729	-75.040108
0.352383	-3.956764	-67.217622
0.352988	-3.332866	-58.941545
0.353594	-2.600834	-50.609074
0.354199	-1.896139	-41.725136
0.354805	-1.213314	-32.462166
0.355410	-0.474600	-23.144970
0.356016	0.329117	-13.658051
0.356621	1.041101	-4.078949
0.357227	1.815051	5.535670
0.357832	2.613907	15.044008
0.358438	3.381782	24.499206
0.359043	4.044559	33.774648
0.359648	4.807574	42.981495
0.360254	5.503763	51.690287
0.360859	6.145279	60.103824
0.361465	6.794084	68.423010
0.362070	7.356625	75.898185
0.362676	7.956223	83.067261
0.363281	8.394835	89.838054
0.363887	8.826156	95.916667
0.364492	9.236216	101.339700
0.365098	9.662070	106.171953
0.365703	9.889274	110.366521
0.366309	10.144422	113.765881
0.366914	10.376485	116.483633
0.367520	10.500414	118.467181
0.368125	10.573921	119.743093
0.368730	10.538079	120.173639
0.369336	10.590323	119.716523
0.369941	10.426300	118.850008
0.370547	10.205171	117.122674
0.371152	10.044792	114.438812
0.371758	9.742867	111.172574
0.372363	9.469494	107.328571
0.372969	9.027237	102.611003
0.373574	8.615963	97.383722
0.374180	8.055245	91.479171
0.374785	7.600231	85.018544
0.375391	7.011567	77.967408
0.375996	6.416829	70.421198
0.376602	5.808726	62.520358
0.377207	5.080339	54.246178
0.377812	4.435786	45.360884
0.378418	3.749316	36.522766
0.379023	2.936487	27.472357
0.379629	2.235438	17.974051
0.380234	1.490041	8.460290
0.380840	0.770158	-1.091157
0.381445	-0.018371	-10.596513
0.382051	-0.761338	-20.128438
0.382656	-1.447200	-29.468951
0.383262	-2.147035	-38.602595
0.383867	-2.818925	-47.538589
0.384473	-3.422168	-56.221082
0.385078	-4.043636	-64.468148
0.385684	-4.612252	-72.203332
0.386289	-5.220355	-79.824101
0.386895	-5.723361	-86.697379
0.387500	-6.186273	-92.825337
0.388105	-6.548948	-98.638518
0.388711	-6.952325	-103.732406
0.389316	-7.212333	-108.195659
0.389922	-7.548885	-111.944498
0.390527	-7.652767	-114.952625
0.391133	-7.822258	-117.303817
0.391738	-7.910345	-118.789580
0.392344	-7.884830	-119.523514
0.392949	-7.837445	-119.615696
0.393555	-7.684357	-118.797171
0.394160	-7.570755	-117.128671
0.394766	-7.356309	-115.001427
0.395371	-7.050131	-111.960223
0.395977	-6.709934	-107.986079
0.396582	-6.363054	-103.583288
0.397187	-5.962714	-98.475301
0.397793	-5.386201	-92.677031
0.398398	-4.882587	-86.322414
0.399004	-4.349814	-79.459167
0.399609	-3.718626	-72.004055
0.400215	-3.120243	-64.092912
0.400820	-2.475690	-55.810599
0.401426	-1.875485	-47.270989
0.402031	-1.051721	-38.279685
0.402637	-0.390158	-28.972250
0.403242	0.337622	-19.647735
0.403848	1.128581	-10.320779
0.404453	1.878230	-0.491700
0.405059	2.607832	9.093908
0.405664	3.290657	18.537448
0.406270	4.030587	27.903988
0.406875	4.706122	37.177261
0.407480	5.421144	46.160973
0.408086	6.089997	54.805508
0.408691	6.698707	63.171870
0.409297	7.267930	71.126664
0.409902	7.794022	78.569847
0.410508	8.314645	85.385647
0.411113	8.892981	92.073476
0.411719	9.207664	97.877440
0.412324	9.583096	102.934997
0.412930	9.900816	107.715194
0.413535	10.123159	111.581159
0.414141	10.294473	114.692856
0.414746	10.450599	117.163071
0.415352	10.501022	118.878205
0.415957	10.550836	119.820906
0.416563	10.474899	120.028316
0.417168	10.354008	119.381141
0.417773	10.230686	118.078117
0.418379	9.948201	116.085623
0.418984	9.701557	113.090238
0.419590	9.367435	109.690337
0.420195	8.942188	105.592289
0.420801	8.533344	100.479151
0.421406	8.064965	95.058015
0.422012	7.575931	89.038237
0.422617	6.953248	82.333056
0.423223	6.388884	75.119787
0.423828	5.697555	67.432592
0.424434	5.011085	59.344133
0.425039	4.333727	50.867424
0.425645	3.543375	42.045031
0.426250	2.910973	33.008721
0.426855	2.173473	23.803771
0.427461	1.420786	14.176680
0.428066	0.618892	4.720940
0.428672	-0.172067	-4.588121
0.429277	-0.901062	-14.303056
0.429883	-1.574167	-23.790518
0.430488	-2.330499	-32.990859
0.431094	-3.080756	-42.097932
0.431699	-3.693111	-50.918699
0.432305	-4.341916	-59.435805
0.432910	-4.927542	-67.498507
0.433516	-5.515598	-75.243180
0.434121	-6.090288	-82.504438
0.434727	-6.559882	-89.192268
0.435332	-7.011859	-95.223162
0.435937	-7.408554	-100.841947
0.436543	-7.728704	-105.754453
0.437148	-7.944972	-109.668678
0.437754	-8.206195	-113.287920
0.438359	-8.348957	-116.137981
0.438965	-8.419426	-118.067846
0.439570	-8.458913	-119.303090
0.440176	-8.466811	-119.808195
0.440781	-8.336807	-119.485827
0.441387	-8.224420	-118.458808
0.441992	-7.972309	-116.582626
0.442598	-7.731741	-114.068217
0.443203	-7.314392	-110.787067
0.443809	-6.990597	-106.571623
0.444414	-6.559275	-101.986093
0.445020	-6.055054	-96.712449
0.445625	-5.537467	-90.479296
0.446230	-4.993151	-83.962817
0.446836	-4.354066	-76.939064
0.447441	-3.694326	-69.305010
0.448047	-3.069821	-61.214382
0.448652	-2.332321	-52.803557
0.449258	-1.551082	-43.991466
0.449863	-0.795357	-34.902558
0.450469	-0.064540	-25.608137
0.451074	0.703941	-16.165140
0.451680	1.500976	-6.700995
0.452285	2.268850	3.053795
0.452891	3.033687	12.509535
0.453496	3.859881	21.884480
0.454102	4.537846	31.497473
0.454707	5.271093	40.588821
0.455313	5.942983	49.444020
0.455918	6.668332	57.998000
0.456523	7.278258	66.255098
0.457129	7.950755	74.043693
0.457734	8.481099	81.360803
0.458340	9.074622	88.176061
0.458945	9.467064	94.408401
0.459551	9.916003	100.032338
0.460156	10.234331	104.948639
0.460762	10.600651	109.462321
0.461367	10.807807	113.057703
0.461973	11.007673	115.779794
0.462578	11.166837	118.217475
0.463184	11.222726	119.693748
0.463789	11.259176	120.286697
0.464395	11.188099	120.187466
0.465000	11.026505	119.358638
0.465605	10.850939	117.769306
0.466211	10.652288	115.463934
0.466816	10.273818	112.333259
0.467422	9.996193	108.622648
0.468027	9.584918	104.152889
0.468633	9.098314	98.905002
0.469238	8.606851	93.291639
0.469844	8.012112	87.056859
0.470449	7.434992	79.926283
0.471055	6.781327	72.637370
0.471660	6.104577	64.962648
0.472266	5.396844	56.627465
0.472871	4.657522	48.045018
0.473477	3.934603	39.141016
0.474082	3.201355	30.026080
0.474687	2.337497	20.605857
0.475293	1.572053	11.112702
0.475898	0.790813	1.560170
0.476504	-0.015941	-7.970400
0.477109	-0.761945	-17.680726
0.477715	-1.455098	-26.917668
0.478320	-2.352976	-36.075443
0.478926	-3.039446	-45.324043
0.479531	-3.613529	-53.926554
0.480137	-4.411171	-62.272310
0.480742	-5.032639	-70.293530
0.481348	-5.609759	-77.872546
0.481953	-6.154683	-84.902264
0.482559	-6.603015	-91.426334
0.483164	-7.094478	-97.383211
0.483770	-7.584120	-102.660380
0.484375	-7.868428	-107.305557
0.484980	-8.179465	-111.168540
0.485586	-8.418211	-114.541329
0.486191	-8.554898	-117.150089
0.486797	-8.681864	-118.637208
0.487402	-8.740791	-119.766170
0.488008	-8.749296	-120.073626
0.488613	-8.697052	-119.449497
0.489219	-8.553683	-118.088994
0.489824	-8.276057	-116.004859
0.490430	-8.073761	-113.166727
0.491035	-7.723236	-109.581376
0.491641	-7.352057	-105.344784
0.492246	-6.928025	-100.420349
0.492852	-6.460253	-94.819187
0.493457	-5.848505	-88.603656
0.494063	-5.290824	-81.931823
0.494668	-4.642019	-74.736991
0.495273	-4.065506	-66.673204
0.495879	-3.405766	-58.552210
0.496484	-2.681631	-50.096649
0.497090	-1.891887	-41.163908
0.497695	-1.224249	-31.968719
0.498301	-0.387728	-22.628749
0.498906	0.383791	-13.138576
0.499512	1.162601	-3.513926
0.500117	1.943232	6.103676
0.500723	2.711714	15.643193
0.501328	3.460149	25.045522
0.501934	4.232883	34.411248
0.502539	4.906595	43.546519
0.503145	5.713957	52.122189
0.503750	6.370052	60.719819
0.504355	6.957500	68.876602
0.504961	7.574108	76.419558
0.505566	8.098984	83.577517
0.506172	8.632973	90.221696
0.506777	9.105604	96.274551
0.507383	9.572768	101.692433
0.507988	9.925723	106.532007
0.508594	10.276856	110.626801
0.509199	10.517424	113.988745
0.509805	10.692383	116.633565
0.510410	10.861874	118.625517
0.511016	10.885566	119.892754
0.511621	10.885566	120.077118
0.512227	10.920801	119.956739
0.512832	10.778040	118.942462
0.513437	10.560556	116.981960
0.514043	10.451207	114.451555
0.514648	10.116477	111.162814
0.515254	9.677258	107.116822
0.515859	9.324303	102.436128
0.516465	8.884476	97.081418
0.517070	8.398480	91.245462
0.517676	7.756357	84.684248
0.518281	7.207788	77.514359
0.518887	6.599078	70.108049
0.519492	5.947235	62.161931
0.520098	5.268663	53.565656
0.520703	4.562753	45.006525
0.521309	3.824646	36.156206
0.521914	3.112054	26.823827
0.522520	2.256092	17.434784
0.523125	1.565978	7.936206
0.523730	0.753756	-1.589484
0.524336	0.064249	-11.130628
0.524941	-0.699373	-20.634086
0.525547	-1.484865	-29.974327
0.526152	-2.231477	-39.118002
0.526758	-2.867525	-48.187390
0.527363	-3.552172	-56.776073
0.527969	-4.240465	-64.817628
0.528574	-4.790248	-72.920456
0.529180	-5.340031	-80.260340
0.529785	-5.897712	-87.009986
0.530391	-6.427448	-93.379244
0.530996	-6.787086	-99.064455
0.531602	-7.202613	-104.133671
0.532207	-7.460191	-108.516399
0.532813	-7.726881	-112.215894
0.533418	-7.915205	-115.223749
0.534023	-8.091379	-117.462425
0.534629	-8.148483	-118.921075
0.535234	-8.191615	-119.760206
0.535840	-8.143016	-119.730111
0.536445	-8.063434	-118.736168
0.537051	-7.928570	-117.291888
0.537656	-7.706834	-115.046434
0.538262	-7.362384	-111.793210
0.538867	-7.116956	-108.034882
0.539473	-6.724514	-103.507373
0.540078	-6.286509	-98.366851
0.540684	-5.800513	-92.589187
0.541289	-5.230075	-86.172211
0.541895	-4.724638	-79.312218
0.542500	-4.035131	-71.833247
0.543105	-3.468338	-63.848629
0.543711	-2.793410	-55.572280
0.544316	-2.039508	-47.022639
0.544922	-1.333599	-37.807115
0.545527	-0.583342	-28.652323
0.546133	0.152943	-19.337026
0.546738	0.958482	-9.694481
0.547344	1.702057	-0.045158
0.547949	2.458996	9.530961
0.548555	3.150933	18.962300
0.549160	3.827683	28.360019
0.549766	4.657522	37.629768
0.550371	5.385909	46.585825
0.550977	5.976395	55.203519
0.551582	6.600293	63.600247
0.552187	7.173161	71.428155
0.552793	7.798882	78.774003
0.553398	8.237493	85.947959
0.554004	8.766014	92.343516
0.554609	9.149344	98.027914
0.555215	9.566693	103.288001
0.555820	9.936051	107.943481
0.556426	10.097037	111.704250
0.557031	10.389850	114.863393
0.557637	10.524714	117.293482
0.558242	10.606118	118.975810
0.558848	10.680233	119.882993
0.559453	10.576351	120.003915
0.560059	10.551444	119.479017
0.560664	10.335783	118.048564
0.561270	10.213069	115.886346
0.561875	9.856469	113.230139
0.562480	9.529636	109.713924
0.563086	9.217991	105.308693
0.563691	8.786062	100.492165
0.564297	8.295205	94.918115
0.564902	7.702897	88.789887
0.565508	7.236341	82.070336
0.566113	6.596040	74.816669
0.566719	5.943590	67.143573
0.567324	5.263195	59.031527
0.567930	4.557893	50.446639
0.568535	3.844086	41.756283
0.569141	3.101726	32.679847
0.569746	2.374554	23.119453
0.570352	1.590277	13.918570
0.570957	0.854600	4.443309
0.571562	0.095231	-5.208454
0.572168	-0.659886	-14.702965
0.572773	-1.374301	-24.136473
0.573379	-2.140960	-33.396461
0.573984	-2.803130	-42.516549
0.574590	-3.469553	-51.360903
0.575195	-4.139620	-59.805619
0.575801	-4.778098	-67.851240
0.576406	-5.374659	-75.672099
0.577012	-5.864300	-82.820027
0.577617	-6.434738	-89.395340
0.578223	-6.857555	-95.731521
0.578828	-7.228735	-101.010045
0.579434	-7.584727	-105.769365
0.580039	-7.878755	-109.968813
0.580645	-8.111426	-113.450595
0.581250	-8.249935	-116.223386
0.581855	-8.353817	-118.144574
0.582461	-8.392089	-119.386325
0.583066	-8.352602	-119.819582
0.583672	-8.307040	-119.489623
0.584277	-8.141193	-118.338971
0.584883	-7.979599	-116.639291
0.585488	-7.691039	-113.910151
0.586094	-7.400049	-110.461718
0.586699	-7.027654	-106.653502
0.587305	-6.542265	-101.745606
0.587910	-6.195385	-96.314167
0.588516	-5.592750	-90.348885
0.589121	-5.019274	-83.726939
0.589727	-4.486500	-76.622933
0.590332	-3.810358	-68.948210
0.590938	-3.097765	-60.896624
0.591543	-2.453213	-52.441063
0.592148	-1.721788	-43.649036
0.592754	-0.952699	-34.530575
0.593359	-0.127112	-25.355178
0.593965	0.609780	-15.912452
0.594570	1.275595	-6.160915
0.595176	2.100574	3.248463
0.595781	2.898823	12.867149
0.596387	3.698287	22.494782
0.596992	4.437001	31.813604
0.597598	5.121041	40.924473
0.598203	5.825129	49.821426
0.598809	6.504309	58.385166
0.599414	7.212041	66.621116
0.600020	7.753319	74.321596
0.600625	8.289738	81.580956
0.601230	8.853494	88.437425
0.601836	9.316405	94.594664
0.602441	9.756840	100.093612
0.603047	10.073345	105.255010
0.603652	10.444524	109.482113
0.604258	10.668690	112.940035
0.604863	10.901361	115.965243
0.605469	11.027720	118.182500
0.606074	11.073282	119.553034
0.606680	11.055057	120.196955
0.607285	11.049590	120.088505
0.607891	10.908651	119.213044
0.608496	10.751917	117.545628
0.609102	10.505274	115.191996
0.609707	10.200311	112.143743
0.610313	9.826094	108.295672
0.610918	9.398417	103.653206
0.611523	8.981675	98.715486
0.612129	8.458622	93.025666
0.612734	7.900941	86.531962
0.613340	7.326250	79.637535
0.613945	6.750952	72.288162
0.614551	6.072987	64.433684
0.615156	5.362825	56.090096
0.615762	4.661775	47.541539
0.616367	3.827076	38.604732
0.616973	3.088361	29.436926
0.617578	2.329599	20.027548
0.618184	1.528313	10.575333
0.618789	0.739784	1.072146
0.619395	-0.023838	-8.691049
0.620000	-0.750403	-18.014480
0.620605	-1.537110	-27.343605
0.621211	-2.317741	-36.722617
0.621816	-3.045521	-45.708498
0.622422	-3.679139	-54.402107
0.623027	-4.380796	-62.710177
0.623633	-5.000441	-70.710520
0.624238	-5.609152	-78.248325
0.624844	-6.130991	-85.237374
0.625449	-6.702036	-91.776085
0.626055	-7.116348	-97.730793
0.626660	-7.551923	-102.910357
0.627266	-7.927355	-107.497513
0.627871	-8.162456	-111.632162
0.628477	-8.376294	-114.685025
0.629082	-8.593777	-117.024288
0.629687	-8.629620	-118.826453
0.630293	-8.676397	-119.868384
0.630898	-8.736539	-120.000151
0.631504	-8.662424	-119.397983
0.632109	-8.471671	-118.034227
0.632715	-8.232925	-115.887734
0.633320	-8.017872	-112.990225
0.633926	-7.653982	-109.387522
0.634531	-7.305887	-105.172891
0.635137	-6.870920	-100.174981
0.635742	-6.385531	-94.434461
0.636348	-5.886170	-88.363169
0.636953	-5.208812	-81.680762
0.637559	-4.631084	-74.095781
0.638164	-4.018121	-66.383914
0.638770	-3.272117	-58.135492
0.639375	-2.586254	-49.546808
0.639980	-1.885204	-40.673986
0.640586	-1.129480	-31.501842
0.641191	-0.331838	-22.196577
0.641797	0.411129	-12.652179
0.642402	1.199658	-3.065757
0.643008	1.973607	6.474303
0.643613	2.766996	15.961222
0.644219	3.527581	25.587771
0.644824	4.294240	34.787298
0.645430	5.083984	43.739831
0.646035	5.773491	52.799729
0.646641	6.455101	61.205675
0.647246	7.082644	69.205476
0.647852	7.674345	76.793167
0.648457	8.287308	83.948416
0.649062	8.745967	90.554908
0.649668	9.286031	96.580922
0.650273	9.661463	101.946206
0.650879	10.067270	106.729927
0.651484	10.329100	110.840447
0.652090	10.618268	114.035921
0.652695	10.864304	116.824166
0.653301	10.982766	118.818829
0.653906	11.016785	119.721674
0.654512	11.047160	120.235726
0.655117	10.949961	119.910105
0.655723	10.870986	118.737221
0.656328	10.699673	116.874053
0.656934	10.417795	114.263394
0.657539	10.198489	110.951066
0.658145	9.830954	106.844342
0.658750	9.372295	102.116472
0.659355	8.925178	96.755797
0.659961	8.414274	90.835522
0.660566	7.895473	84.192699
0.661172	7.354802	77.192534
0.661777	6.654967	69.757214
0.662383	6.029247	61.544851
0.662988	5.336702	53.245729
0.663594	4.615605	44.577606
0.664199	3.823431	35.548345
0.664805	3.050697	26.282121
0.665410	2.339319	16.873285
0.666016	1.610932	7.386908
0.666621	0.826048	-2.185687
0.667227	0.005322	-11.784038
0.667832	-0.729748	-21.218088
0.668438	-1.483650	-30.515220
0.669043	-2.220542	-39.842718
0.669648	-2.887572	-48.642066
0.670254	-3.599557	-57.110099
0.670859	-4.280559	-65.496795
0.671465	-4.811510	-73.294337
0.672070	-5.460923	-80.640999
0.672676	-5.973649	-87.486894
0.673281	-6.483945	-93.781051
0.673887	-6.909800	-99.461652
0.674492	-7.310139	-104.465798
0.675098	-7.608420	-108.866692
0.675703	-7.881793	-112.582454
0.676309	-8.123576	-115.547201
0.676914	-8.303395	-117.709419
0.677520	-8.370219	-119.308783
0.678125	-8.392089	-119.932641
0.678730	-8.390874	-119.636573
0.679336	-8.333162	-118.914568
0.679941	-8.145446	-117.340148
0.680547	-7.929785	-114.936357
0.681152	-7.640009	-111.757693
0.681758	-7.286447	-107.968185
0.682363	-7.025224	-103.402990
0.682969	-6.486983	-98.191163
0.683574	-5.993089	-92.353038
0.684180	-5.470035	-85.965885
0.684785	-4.933617	-79.040551
0.685391	-4.317009	-71.412461
0.685996	-3.716803	-63.645827
0.686602	-2.928882	-55.334233
0.687207	-2.257599	-46.396612
0.687813	-1.529212	-37.470921
0.688418	-0.855500	-28.271936
0.689023	0.023546	-18.866354
0.689629	0.660809	-9.356931
0.690234	1.483358	0.266093
0.690840	2.227540	9.854955
0.691445	3.033079	19.383356
0.692051	3.745064	28.764537
0.692656	4.478919	37.926920
0.693262	5.176931	46.864270
0.693867	5.875551	55.652230
0.694473	6.541366	63.865406
0.695078	7.149469	71.631227
0.695684	7.725375	79.301883
0.696289	8.279410	86.240774
0.696895	8.764799	92.604338
0.697500	9.194906	98.383087
0.698105	9.600713	103.558855
0.698711	9.911143	108.084466
0.699316	10.192414	111.901086
0.699922	10.420225	115.017934
0.700527	10.500414	117.417929
0.701133	10.694205	119.044405
0.701738	10.733085	119.861303
0.702344	10.759207	120.103688
0.702949	10.631026	119.386564
0.703555	10.533219	117.827327
0.704160	10.283538	115.931895
0.704766	10.029605	113.055806
0.705371	9.761092	109.405927
0.705977	9.424540	105.177468
0.706582	9.002330	100.199893
0.707187	8.500539	94.646991
0.707793	7.995710	88.490565
0.708398	7.445927	81.715976
0.709004	6.829926	74.476950
0.709609	6.222431	66.754781
0.710215	5.485539	58.502834
0.710820	4.836733	50.198018
0.711426	4.069467	41.262295
0.712031	3.358697	32.054905
0.712637	2.626057	23.011003
0.713242	1.900100	13.477450
0.713848	1.091524	3.946880
0.714453	0.315144	-5.597247
0.715059	-0.433898	-15.116972
0.715664	-1.215137	-24.607416
0.716270	-1.967824	-33.874725
0.716875	-2.637891	-42.922693
0.717480	-3.385111	-51.723667
0.718086	-4.033309	-60.269785
0.718691	-4.653561	-68.418162
0.719297	-5.258627	-75.865140
0.719902	-5.795653	-83.155408
0.720508	-6.245200	-89.965244
0.721113	-6.767038	-95.863558
0.721719	-7.134573	-101.244296
0.722324	-7.403086	-106.060553
0.722930	-7.697722	-110.214723
0.723535	-7.946187	-113.599985
0.724141	-8.141801	-116.328853
0.724746	-8.232318	-118.297760
0.725352	-8.347742	-119.439465
0.725957	-8.319797	-119.784878
0.726562	-8.228065	-119.487996
0.727168	-8.098669	-118.515202
0.727773	-7.938290	-116.351899
0.728379	-7.712909	-113.808750
0.728984	-7.347804	-110.558509
0.729590	-6.981484	-106.248713
0.730195	-6.591472	-101.510812
0.730801	-6.178983	-96.120313
0.731406	-5.644994	-90.111109
0.732012	-5.085491	-83.488891
0.732617	-4.427573	-76.315478
0.733223	-3.841340	-68.624488
0.733828	-3.109915	-60.588085
0.734434	-2.467793	-52.031123
0.735039	-1.752163	-43.267021
0.735645	-0.992186	-34.395013
0.736250	-0.220667	-24.835974
0.736855	0.549638	-15.403280
0.737461	1.299287	-6.036469
0.738066	2.099966	3.711815
0.738672	2.839896	13.323451
0.739277	3.568283	22.756959
0.739883	4.272978	32.049482
0.740488	5.091882	41.272597
0.741094	5.719424	50.087399
0.741699	6.423512	58.627009
0.742305	7.094794	66.810090
0.742910	7.689532	74.574826
0.743516	8.233241	81.791891
0.744121	8.738677	88.422784
0.744727	9.203411	94.851961
0.745332	9.603143	100.454750
0.745938	10.026568	105.178553
0.746543	10.282323	109.574295
0.747148	10.528359	113.183505
0.747754	10.717897	115.985849
0.748359	10.844257	118.136680
0.748965	10.925661	119.476306
0.749570	10.925661	120.077389
0.750176	10.817527	119.926915
0.750781	10.749487	118.966863
0.751387	10.514386	117.368584
0.751992	10.346718	114.992991
0.752598	10.017455	111.618032
0.753203	9.690623	107.998790
0.753809	9.251403	103.532013
0.754414	8.811577	98.201705
0.755020	8.327403	92.441935
0.755625	7.719907	86.085690
0.756230	7.181666	79.160627
0.756836	6.512814	71.728832
0.757441	5.871298	63.900382
0.758047	5.160529	55.592854
0.758652	4.463124	46.993325
0.759258	3.716512	38.011782
0.759863	2.949852	28.823371
0.760469	2.198988	19.552809
0.761074	1.396486	9.837603
0.761680	0.666884	0.449915
0.762285	-0.136225	-8.947533
0.762891	-0.910782	-18.593060
0.763496	-1.650104	-28.020603
0.764102	-2.387603	-37.201694
0.764707	-3.125710	-46.195438
0.765312	-3.805498	-54.941103
0.765918	-4.424536	-63.227482
0.766523	-5.098248	-71.155707
0.767129	-5.696024	-78.672364
0.767734	-6.170478	-85.735429
0.768340	-6.677737	-92.163793
0.768945	-7.160695	-97.918954
0.769551	-7.494211	-103.382385
0.770156	-7.827118	-107.818524
0.770762	-8.158811	-111.524526
0.771367	-8.343489	-114.842819
0.771973	-8.536065	-117.265860
0.772578	-8.562188	-118.905892
0.773184	-8.614432	-119.793283
0.773789	-8.605320	-119.982257
0.774395	-8.472278	-119.287364
0.775000	-8.340452	-117.918999
0.775605	-8.146053	-115.765456
0.776211	-7.828941	-112.864424
0.776816	-7.487528	-109.182552
0.777422	-7.102376	-104.774609
0.778027	-6.680167	-99.990616
0.778633	-6.194778	-94.251452
0.779238	-5.671724	-87.810075
0.779844	-5.056331	-81.046330
0.780449	-4.482855	-73.750640
0.781055	-3.851667	-65.943337
0.781660	-3.103233	-57.672411
0.782266	-2.392463	-49.096470
0.782871	-1.595429	-40.164543
0.783477	-0.868257	-30.938988
0.784082	-0.160525	-21.593324
0.784687	0.649874	-12.180151
0.785293	1.426254	-2.579902
0.785898	2.197773	7.183565
0.786504	2.934057	16.568270
0.787109	3.812496	25.923965
0.787715	4.560323	35.400582
0.788320	5.251045	44.461293
0.788926	5.969713	53.194757
0.789531	6.639173	61.598805
0.790137	7.343867	69.678317
0.790742	7.976270	77.246488
0.791348	8.524839	84.309554
0.791953	8.975600	90.878088
0.792559	9.467672	96.940162
0.793164	9.891096	102.215704
0.793770	10.285361	106.836751
0.794375	10.520461	111.088526
0.794980	10.809629	114.209983
0.795586	11.020430	116.806543
0.796191	11.161977	118.858684
0.796797	11.216651	119.961077
0.797402	11.135854	120.200480
0.798008	11.137677	119.821990
0.798613	11.004635	118.628771
0.799219	10.855191	116.735779
0.799824	10.570884	114.078487
0.800430	10.276856	110.664758
0.801035	9.908106	106.611988
0.801641	9.491972	101.798172
0.802246	9.102567	96.317118
0.802852	8.469557	90.538098
0.803457	7.907016	83.904493
0.804063	7.380317	76.580335
0.804668	6.768569	69.159385
0.805273	6.089389	61.238481
0.805879	5.359787	52.736557
0.806484	4.689112	44.022885
0.807090	3.885395	34.996064
0.807695	3.065884	25.727671
0.808301	2.343572	16.283589
0.808906	1.536818	6.750037
0.809512	0.757401	-2.732274
0.810117	-0.078513	-12.372378
0.810723	-0.755870	-21.970730
0.811328	-1.597252	-31.100036
0.811934	-2.333536	-40.263775
0.812539	-3.017576	-49.324486
0.813145	-3.719841	-57.813667
0.813750	-4.386871	-65.968823
0.814355	-4.987077	-73.776125
0.814961	-5.637704	-81.182435
0.815566	-6.124308	-87.982510
0.816172	-6.655867	-94.225966
0.816777	-7.098731	-99.899790
0.817383	-7.417666	-104.888481
0.817988	-7.841090	-109.185806
0.818594	-8.139371	-112.860357
0.819199	-8.340452	-115.971511
0.819805	-8.555505	-117.910594
0.820410	-8.639340	-119.386054
0.821016	-8.580412	-120.139509
0.821621	-8.624152	-119.914204
0.822227	-8.471063	-118.941680
0.822832	-8.363537	-117.331472
0.823438	-8.123576	-114.908160
0.824043	-7.909737	-111.712415
0.824648	-7.485706	-107.855397
0.825254	-7.125461	-103.324906
0.825859	-6.737271	-98.090847
0.826465	-6.238517	-92.149152
0.827070	-5.720324	-85.801855
0.827676	-5.147455	-78.900651
0.828281	-4.487715	-71.128594
0.828887	-3.902090	-63.223415
0.829492	-3.116598	-54.928089
0.830098	-2.470223	-46.142840
0.830703	-1.743050	-37.159941
0.831309	-0.971531	-27.918118
0.831914	-0.173890	-18.509012
0.832520	0.576975	-8.906051
0.833125	1.412889	0.745712
0.833730	2.152818	10.298244
0.834336	2.941347	19.742054
0.834941	3.671557	29.186949
0.835547	4.373822	38.378885
0.836152	5.168426	47.155458
0.836758	5.785641	56.025840
0.837363	6.446597	64.362378
0.837969	7.135496	72.112202
0.838574	7.677382	79.537761
0.839180	8.257541	86.499427
0.839785	8.756902	92.860551
0.840391	9.247758	98.659363
0.840996	9.608611	103.800698
0.841602	9.955491	108.262052
0.842207	10.259846	112.046951
0.842812	10.589108	115.109303
0.843418	10.720327	117.533428
0.844023	10.810237	119.124115
0.844629	10.897109	119.780779
0.845234	10.884959	120.121854
0.845840	10.798087	119.491489
0.846445	10.706963	117.956924
0.847051	10.519246	115.794435
0.847656	10.242836	112.896655
0.848262	9.993155	109.319980
0.848867	9.545431	104.915291
0.849473	9.150559	99.969437
0.850078	8.731387	94.400267
0.850684	8.201044	88.209951
0.851289	7.603875	81.320405
0.851895	7.034652	74.173833
0.852500	6.408324	66.412622
0.853105	5.716387	58.052225
0.853711	5.063937	49.705655
0.854316	4.347700	41.002286
0.854922	3.580433	31.793269
0.855527	2.852046	22.480412
0.856133	2.086601	13.035246
0.856738	1.356999	3.488408
0.857344	0.569685	-6.061412
0.857949	-0.148982	-15.610690
0.858555	-0.882837	-25.006511
0.859160	-1.691413	-34.325062
0.859766	-2.388818	-43.485006
0.860371	-3.089261	-52.132523
0.860977	-3.720448	-60.506205
0.861582	-4.376544	-68.837049
0.862187	-4.991329	-76.308700
0.862793	-5.540505	-83.342213
0.863398	-6.019211	-90.087250
0.864004	-6.481515	-96.134412
0.864609	-6.956577	-101.543889
0.865215	-7.299204	-106.280164
0.865820	-7.647907	-110.400715
0.866426	-7.822866	-113.780282
0.867031	-8.058574	-116.435134
0.867637	-8.170353	-118.352527
0.868242	-8.217130	-119.599700
0.868848	-8.223205	-119.929930
0.869453	-8.237178	-119.424011
0.870059	-8.079229	-118.489716
0.870664	-7.879363	-116.474176
0.871270	-7.672207	-113.653125
0.871875	-7.368459	-110.264068
0.872480	-7.016719	-106.184457
0.873086	-6.651614	-101.382028
0.873691	-6.160150	-95.877386
0.874297	-5.650462	-89.875773
0.874902	-5.146848	-83.234034
0.875508	-4.480425	-76.044353
0.876113	-3.897230	-68.305916
0.876719	-3.242957	-60.346242
0.877324	-2.490877	-51.805547
0.877930	-1.842072	-42.870908
0.878535	-1.149527	-33.987241
0.879141	-0.337306	-24.604705
0.879746	0.415381	-14.975716
0.880352	1.073299	-5.507776
0.880957	1.850285	4.075664
0.881563	2.661899	13.609759
0.882168	3.430381	23.166899
0.882773	4.157553	32.468641
0.883379	4.919353	41.584662
0.883984	5.564513	50.394583
0.884590	6.230936	59.014446
0.885195	6.853619	66.957582
0.885801	7.504246	74.711744
0.886406	7.969588	82.110733
0.887012	8.476847	88.662729
0.887617	9.000508	94.820781
0.888223	9.381407	100.504094
0.888828	9.761092	105.407382
0.889434	10.036288	109.591105
0.890039	10.317558	113.123587
0.890645	10.514386	115.978257
0.891250	10.634063	118.037448
0.891855	10.732477	119.368128
0.892461	10.747665	119.981411
0.893066	10.616446	119.834191
0.893672	10.553266	118.716073
0.894277	10.422047	117.083903
0.894883	10.163254	114.811879
0.895488	9.870441	111.447224
0.896094	9.526599	107.567702
0.896699	9.132334	103.143221
0.897305	8.687647	97.926242
0.897910	8.213193	92.098149
0.898516	7.665233	85.736211
0.899121	7.080822	78.758549
0.899727	6.467251	71.319705
0.900332	5.825736	63.434590
0.900937	5.130154	55.125435
0.901543	4.356204	46.512893
0.902148	3.645435	37.513184
0.902754	2.928590	28.192464
0.903359	2.094499	19.088102
0.903965	1.375224	9.464807
0.904570	0.637117	-0.163369
0.905176	-0.128327	-9.573831
0.905781	-0.808722	-19.069968
0.906387	-1.599682	-28.446811
0.906992	-2.373631	-37.698936
0.907598	-3.071643	-46.658518
0.908203	-3.733206	-55.365412
0.908809	-4.349814	-63.644743
0.909414	-4.910532	-71.616889
0.910020	-5.470035	-78.998798
0.910625	-6.020426	-86.038276
0.911230	-6.485160	-92.536860
0.911836	-6.941390	-98.123924
0.912441	-7.371496	-103.350934
0.913047	-7.590195	-107.978759
0.913652	-7.924317	-111.782365
0.914258	-8.141801	-114.898942
0.914863	-8.361107	-117.346384
0.915469	-8.354424	-118.913484
0.916074	-8.396949	-119.794909
0.916680	-8.355032	-119.856726
0.917285	-8.232318	-119.220939
0.917891	-8.134511	-117.819767
0.918496	-7.890905	-115.485656
0.919102	-7.636364	-112.668672
0.919707	-7.250605	-109.053497
0.920312	-6.903117	-104.418894
0.920918	-6.439598	-99.452163
0.921523	-5.926872	-93.848018
0.922129	-5.408071	-87.549253
0.922734	-4.806650	-80.690344
0.923340	-4.305467	-73.360763
0.923945	-3.546097	-65.496795
0.924551	-2.883927	-57.211500
0.925156	-2.165867	-48.646675
0.925762	-1.444163	-39.745113
0.926367	-0.696336	-30.580019
0.926973	0.087941	-21.080628
0.927578	0.821796	-11.660405
0.928184	1.675934	-2.166166
0.928789	2.417686	7.657762
0.929395	3.177663	17.207582
0.930000	3.877498	26.538604
0.930605	4.659952	35.806184
0.931211	5.385302	44.890483
0.931816	6.006162	53.597920
0.932422	6.724222	61.967263
0.933027	7.351157	69.976554
0.933633	7.935568	77.521679
0.934238	8.500539	84.561970
0.934844	9.047892	91.089294
0.935449	9.444587	97.085485
0.936055	9.869834	102.381632
0.936660	10.182694	106.878504
0.937266	10.543546	111.112385
0.937871	10.699673	114.401939
0.938477	10.891034	116.917704
0.939082	11.031365	118.751048
0.939688	11.049590	119.800029
0.940293	11.056880	120.109111
0.940898	11.011925	119.636270
0.941504	10.887996	118.431663
0.942109	10.673550	116.509390
0.942715	10.411720	113.705420
0.943320	10.081850	110.221470
0.943926	9.719782	106.277421
0.944531	9.233786	101.452217
0.945137	8.829194	95.832076
0.945742	8.296420	89.989884
0.946348	7.690140	83.458765
0.946953	7.078392	76.227873
0.947559	6.489729	68.671631
0.948164	5.788071	60.581275
0.948770	5.132584	52.181565
0.949375	4.282090	43.404992
0.949980	3.567068	34.364886
0.950586	2.873308	25.114658
0.951191	2.044684	15.713957
0.951797	1.278632	6.054602
0.952402	0.522908	-3.409272
0.953008	-0.319689	-12.900529
0.953613	-1.071768	-22.613837
0.954219	-1.845717	-31.828276
0.954824	-2.504242	-40.808464
0.955430	-3.247817	-49.794074
0.956035	-3.898445	-58.336938
0.956641	-4.572765	-66.521917
0.957246	-5.205775	-74.276892
0.957852	-5.791401	-81.667748
0.958457	-6.332679	-88.413869
0.959063	-6.779796	-94.605269
0.959668	-7.249390	-100.183386
0.960273	-7.568325	-105.304115
0.960879	-7.883615	-109.512782
0.961484	-8.173391	-112.968264
0.962090	-8.344704	-116.094602
0.962695	-8.532420	-118.188496
0.963301	-8.613217	-119.464680
0.963906	-8.610180	-120.019129
0.964512	-8.530598	-119.895768
0.965117	-8.488681	-118.908332
0.965723	-8.369004	-117.214888
0.966328	-8.093809	-114.797542
0.966934	-7.778518	-111.528864
0.967539	-7.453508	-107.604607
0.968145	-7.031299	-102.927709
0.968750	-6.579322	-97.806708
0.969355	-6.072064	-91.907038
0.969961	-5.542935	-85.250659
0.970566	-4.955487	-78.424285
0.971172	-4.341309	-70.883497
0.971777	-3.638436	-62.786905
0.972383	-2.964116	-54.361167
0.972988	-2.253954	-45.660238
0.973594	-1.459958	-36.596815
0.974199	-0.714561	-27.356890
0.974805	0.037519	-17.908471
0.975410	0.796281	-8.402573
0.976016	1.591492	1.233736
0.976621	2.387312	10.897429
0.977227	3.118736	20.174227
0.977832	3.881750	29.685547
0.978437	4.603455	39.036091
0.979043	5.325767	47.815104
0.979648	6.062052	56.415446
0.980254	6.767962	64.777198
0.980859	7.390037	72.625170
0.981465	7.927063	79.979966
0.982070	8.547924	86.881983
0.982676	9.027845	93.290826
0.983281	9.461597	98.989321
0.983887	9.862544	104.095952
0.984492	10.198489	108.554053
0.985098	10.501022	112.344104
0.985703	10.710000	115.220193
0.986309	10.895894	117.576808
0.986914	11.020430	119.368670
0.987520	11.021645	119.997136
0.988125	10.993700	119.980869
0.988730	10.919586	119.334237
0.989336	10.865519	117.891041
0.989941	10.599436	115.642605
0.990547	10.315128	112.701446
0.991152	9.963996	109.022828
0.991758	9.609826	104.717912
0.992363	9.165746	99.629175
0.992969	8.710732	93.967824
0.993574	8.150014	87.876468
0.994180	7.616025	80.883081
0.994785	7.053485	73.562718
0.995391	6.352435	66.032234
0.995996	5.735219	57.793301
0.996602	5.036599	49.178860
0.997207	4.291202	40.388189
0.997812	3.604733	31.258883
0.998418	2.822278	21.883396
0.999023	2.044077	12.455582
0.999629	1.281670	2.952124
1.000234	0.502253	-6.589563
1.000840	-0.288706	-16.164869
1.001445	-1.003121	-25.640130
1.002051	-1.781323	-34.777298
1.002656	-2.499990	-43.986044
1.003262	-3.208330	-52.823891
1.003867	-3.835265	-60.977691
1.004473	-4.538137	-69.151283
1.005078	-5.149278	-76.891346
1.005684	-5.643779	-83.935976
1.006289	-6.251275	-90.563616
1.006895	-6.629137	-96.559264
1.007500	-7.025831	-101.929157
1.008105	-7.445003	-106.696611
1.008711	-7.705011	-110.726606
1.009316	-7.931607	-114.124882
1.009922	-8.123576	-116.812539
1.010527	-8.311899	-118.542856
1.011133	-8.348957	-119.811719
1.011738	-8.299750	-120.112667
1.012344	-8.344704	-119.460884
1.012949	-8.237178	-118.309689
1.013555	-7.985067	-116.352441
1.014160	-7.705619	-113.606763
1.014766	-7.432853	-110.161854
1.015371	-7.109666	-106.039676
1.015977	-6.706289	-101.187631
1.016582	-6.228797	-95.674313
1.017187	-5.750091	-89.574824
1.017793	-5.237972	-83.012797
1.018398	-4.578840	-75.789225
1.019004	-3.958587	-67.948303
1.019609	-3.360811	-59.959889
1.020215	-2.558917	-51.569126
1.020820	-1.896139	-42.481302
1.021426	-1.202987	-33.410559
1.022031	-0.430253	-24.089839
1.022637	0.348557	-14.636268
1.023242	1.087879	-5.048220
1.023848	1.906783	4.582938
1.024453	2.596290	14.077720
1.025059	3.334397	23.557048
1.025664	4.095589	32.900813
1.026270	4.817294	41.955018
1.026875	5.520773	50.704207
1.027480	6.176261	59.355521
1.028086	6.770999	67.450215
1.028691	7.438029	74.980429
1.029297	8.024870	82.406530
1.029902	8.534559	89.179493
1.030508	8.974385	95.207134
1.031113	9.357715	100.682223
1.031719	9.821234	105.586595
1.032324	10.106757	109.793906
1.032930	10.403215	113.306596
1.033535	10.557519	116.093485
1.034141	10.722757	118.184940
1.034746	10.816312	119.461665
1.035352	10.881921	119.863472
1.035957	10.764675	119.781321
1.036563	10.579996	118.799037
1.037168	10.497984	116.871070
1.037773	10.271388	114.547262
1.038379	10.013810	111.416587
1.038984	9.625013	107.497752
1.039590	9.221636	102.881586
1.040195	8.758117	97.639392
1.040801	8.252073	91.808588
1.041406	7.727805	85.353654
1.042012	7.192601	78.383313
1.042617	6.600293	70.971581
1.043223	5.898636	62.967713
1.043828	5.227961	54.541433
1.044434	4.502611	46.041678
1.045039	3.780299	37.194342
1.045645	3.028827	27.762732
1.046250	2.280392	18.524163
1.046855	1.499761	9.051613
1.047461	0.822403	-0.498478
1.048066	0.030836	-10.080020
1.048672	-0.741290	-19.572362
1.049277	-1.510380	-28.935920
1.049883	-2.215075	-38.100743
1.050488	-2.913087	-47.036195
1.051094	-3.593482	-55.696456
1.051699	-4.238642	-63.953825
1.052305	-4.866185	-72.036048
1.052910	-5.411108	-79.370781
1.053516	-5.971827	-86.214235
1.054121	-6.460253	-92.823439
1.054727	-6.861808	-98.592156
1.055332	-7.276727	-103.661643
1.055937	-7.607812	-108.174240
1.056543	-7.887868	-111.976762
1.057148	-8.074369	-115.084391
1.057754	-8.279702	-117.431246
1.058359	-8.305825	-119.040912
1.058965	-8.363537	-119.878958
1.059570	-8.360499	-119.939690
1.060176	-8.272412	-119.146922
1.060781	-8.037312	-117.814345
1.061387	-7.850203	-115.512497
1.061992	-7.575615	-112.322174
1.062598	-7.249997	-108.736281
1.063203	-6.856340	-104.344063
1.063809	-6.498525	-99.293555
1.064414	-5.960892	-93.522398
1.065020	-5.394099	-87.255625
1.065625	-4.898382	-80.408916
1.066230	-4.243502	-72.950822
1.066836	-3.578902	-65.083601
1.067441	-2.927059	-56.869883
1.068047	-2.234514	-48.283097
1.068652	-1.473322	-39.241906
1.069258	-0.763160	-30.227557
1.069863	0.015649	-20.814655
1.070469	0.773803	-11.052273
1.071074	1.593922	-1.581350
1.071680	2.323524	7.975248
1.072285	3.118129	17.559230
1.072891	3.833151	26.992196
1.073496	4.580978	36.232121
1.074102	5.287495	45.260297
1.074707	5.969105	53.994575
1.075312	6.623378	62.395640
1.075918	7.210218	70.279129
1.076523	7.886968	77.806089
1.077129	8.356562	84.942629
1.077734	8.892981	91.295078
1.078340	9.330985	97.182005
1.078945	9.713100	102.749006
1.079551	10.055120	107.284648
1.080156	10.411112	111.249574
1.080762	10.614016	114.458062
1.081367	10.799909	116.984129
1.081973	10.851546	118.736678
1.082578	10.911689	119.734146
1.083184	10.930521	120.059224
1.083789	10.887996	119.578791
1.084395	10.718505	118.241876
1.085000	10.604296	116.233928
1.085605	10.336998	113.591548
1.086211	9.977968	109.955496
1.086816	9.655388	105.829252
1.087422	9.236823	101.224472
1.088027	8.752042	95.711426
1.088633	8.199221	89.627662
1.089238	7.681635	82.998666
1.089844	7.105122	75.887611
1.090449	6.411969	68.197706
1.091055	5.776529	60.125514
1.091660	5.014122	51.652872
1.092266	4.322185	42.972548
1.092871	3.593190	33.811521
1.093477	2.784614	24.476431
1.094082	2.024637	15.214274
1.094688	1.288352	5.511811
1.095293	0.433606	-4.072985
1.095898	-0.284454	-13.383402
1.096504	-1.062656	-22.910448
1.097109	-1.779500	-32.206766
1.097715	-2.478120	-41.361287
1.098320	-3.147580	-50.186662
1.098926	-3.856527	-58.773448
1.099531	-4.503510	-66.921283
1.100137	-5.132268	-74.680868
1.100742	-5.708174	-81.922063
1.101348	-6.149215	-88.719969
1.101953	-6.633997	-95.039340
1.102559	-7.067749	-100.416011
1.103164	-7.466266	-105.475195
1.103770	-7.764546	-109.857110
1.104375	-8.043994	-113.178657
1.104980	-8.242645	-116.086468
1.105586	-8.348957	-118.193377
1.106191	-8.462558	-119.547373
1.106797	-8.551860	-120.096942
1.107402	-8.388444	-119.857268
1.108008	-8.283347	-118.877424
1.108613	-8.162456	-117.122435
1.109219	-7.958945	-114.615075
1.109824	-7.660057	-111.402520
1.110430	-7.294344	-107.537368
1.111035	-6.887930	-102.648450
1.111641	-6.462683	-97.423880
1.112246	-5.925050	-91.638896
1.112852	-5.386809	-84.986583
1.113457	-4.858287	-77.939514
1.114062	-4.236212	-70.402523
1.114668	-3.630539	-62.384556
1.115273	-2.905189	-53.976170
1.115879	-2.170120	-45.218847
1.116484	-1.408320	-36.152984
1.117090	-0.666568	-26.914957
1.117695	0.104951	-17.455422
1.118301	0.848525	-7.911837
1.118906	1.612147	1.556375
1.119512	2.411611	11.316587
1.120117	3.132708	20.837397
1.120723	3.952827	29.997340
1.121328	4.642335	39.326736
1.121934	5.348852	48.302044
1.122539	6.059014	56.892625
1.123145	6.663472	65.099565
1.123750	7.339615	72.976818
1.124355	7.850519	80.328903
1.124961	8.453762	87.205706
1.125566	8.892373	93.469768
1.126172	9.317013	99.239841
1.126777	9.721605	104.285197
1.127383	10.120122	108.535617
1.127988	10.423870	112.412698
1.128594	10.580603	115.475592
1.129199	10.753740	117.603649
1.129805	10.819957	119.158277
1.130410	10.871594	120.002017
1.131016	10.796872	119.933422
1.131621	10.810844	119.180780
1.132227	10.713645	117.720504
1.132832	10.482189	115.457698
1.133438	10.213676	112.443335
1.134043	9.898386	108.732996
1.134648	9.529029	104.411541
1.135254	9.092847	99.349646
1.135859	8.679750	93.507996
1.136465	8.137257	87.439958
1.137070	7.566818	80.688414
1.137676	6.922873	73.167148
1.138281	6.309910	65.397260
1.138887	5.656245	57.296601
1.139492	4.947905	48.735843
1.140098	4.241388	39.854887
1.140703	3.497813	30.711211
1.141309	2.725687	21.369615
1.141914	1.973607	11.878629
1.142520	1.205733	2.332333
1.143125	0.498000	-7.196882
1.143730	-0.342166	-16.688139
1.144336	-1.111863	-26.324448
1.144941	-1.792865	-35.342593
1.145547	-2.518215	-44.275334
1.146152	-3.143935	-53.208074
1.146758	-3.816433	-61.617274
1.147363	-4.433041	-69.600265
1.147969	-5.046004	-77.178739
1.148574	-5.604899	-84.328022
1.149180	-6.093326	-90.883271
1.149785	-6.576892	-96.860212
1.150391	-7.000317	-102.233359
1.150996	-7.315607	-106.979936
1.151602	-7.579867	-110.931306
1.152207	-7.916420	-114.192934
1.152813	-8.059789	-117.039199
1.153418	-8.171568	-118.703633
1.154023	-8.246897	-119.625457
1.154629	-8.263907	-120.036210
1.155234	-8.182503	-119.567707
1.155840	-8.074976	-118.272274
1.156445	-7.954085	-116.290625
1.157051	-7.616317	-113.500482
1.157656	-7.398226	-110.041204
1.158262	-7.025224	-105.826844
1.158867	-6.655867	-100.950397
1.159473	-6.143748	-95.529804
1.160078	-5.692379	-89.346266
1.160684	-5.159605	-82.621022
1.161289	-4.578840	-75.543586
1.161895	-3.945222	-67.683143
1.162500	-3.242957	-59.361788
1.163105	-2.581394	-50.963976
1.163711	-1.926514	-42.123689
1.164316	-1.234577	-32.979200
1.164922	-0.413243	-23.630826
1.165527	0.307247	-14.161529
1.166133	1.096384	-4.588663
1.166738	1.825986	5.038156
1.167344	2.589000	14.567642
1.167949	3.322247	23.912492
1.168555	4.027549	33.252733
1.169160	4.732244	42.518686
1.169766	5.504371	51.114961
1.170371	6.137381	59.631254
1.170977	6.758849	67.930919
1.171582	7.314708	75.527287
1.172187	7.840799	82.633462
1.172793	8.417312	89.325900
1.173398	8.874149	95.504286
1.174004	9.318228	100.951179
1.174609	9.697305	105.792108
1.175215	9.978575	109.956852
1.175820	10.211854	113.443243
1.176426	10.384382	116.104059
1.177031	10.565416	118.120412
1.177637	10.583641	119.549239
1.178242	10.617053	119.810603
1.178848	10.618268	119.592890
1.179453	10.465787	118.651816
1.180059	10.321203	116.925295
1.180664	10.083672	114.394348
1.181270	9.803009	111.123772
1.181875	9.467064	107.196804
1.182480	9.070370	102.547018
1.183086	8.666993	97.265240
1.183691	8.176136	91.418168
1.184297	7.688925	85.077378
1.184902	7.085074	77.952496
1.185508	6.480009	70.417402
1.186113	5.810549	62.677339
1.186719	5.223101	54.172432
1.187324	4.461909	45.429479
1.187930	3.780299	36.635012
1.188535	3.049482	27.426266
1.189141	2.281607	18.058371
1.189746	1.568408	8.531054
1.190352	0.835160	-0.959390
1.190957	0.107988	-10.524393
1.191563	-0.664746	-20.042492
1.192168	-1.416825	-29.446447
1.192773	-2.158577	-38.561926
1.193379	-2.838972	-47.585493
1.193984	-3.469553	-56.283982
1.194590	-4.100133	-64.319843
1.195195	-4.747116	-72.361669
1.195801	-5.301152	-79.821390
1.196406	-5.787756	-86.634750
1.197012	-6.281042	-92.979878
1.197617	-6.663764	-98.770827
1.198223	-7.100553	-103.887490
1.198828	-7.389114	-108.320647
1.199434	-7.678889	-112.113409
1.200039	-7.890905	-115.172778
1.200645	-7.980814	-117.493875
1.201250	-8.111426	-119.012173
1.201855	-8.105959	-119.868926
1.202461	-8.085304	-120.002591
1.203066	-8.002684	-119.027898
1.203672	-7.827726	-117.582804
1.204277	-7.604167	-115.394016
1.204883	-7.344159	-112.313227
1.205488	-6.991204	-108.545952
1.206094	-6.627922	-104.079717
1.206699	-6.209358	-99.003994
1.207305	-5.711211	-93.249647
1.207910	-5.240402	-86.950067
1.208516	-4.660851	-80.058352
1.209121	-4.001111	-72.652856
1.209727	-3.352306	-64.695080
1.210332	-2.739343	-56.469974
1.210937	-1.990909	-47.921417
1.211543	-1.289859	-38.705080
1.212148	-0.617361	-29.582009
1.212754	0.155373	-20.277286
1.213359	0.900770	-10.735328
1.213965	1.660139	-1.055639
1.214570	2.371517	8.435889
1.215176	3.056164	17.943143
1.215781	3.876283	27.388580
1.216387	4.541491	36.602477
1.216992	5.302682	45.613573
1.217598	5.904103	54.254854
1.218203	6.615480	62.693606
1.218809	7.170124	70.607732
1.219414	7.760002	77.928637
1.220020	8.258756	85.160885
1.220625	8.747790	91.703934
1.221230	9.211916	97.416257
1.221836	9.623798	102.723791
1.222441	9.963388	107.348363
1.223047	10.150497	111.248760
1.223652	10.406860	114.457520
1.224258	10.604903	116.977080
1.224863	10.640746	118.670253
1.225469	10.752525	119.685885
1.226074	10.714860	119.848289
1.226680	10.621913	119.382768
1.227285	10.400785	118.033652
1.227891	10.308446	115.857336
1.228496	10.016240	113.310934
1.229102	9.628051	109.826170
1.229707	9.304863	105.519627
1.230312	8.868074	100.675445
1.230918	8.395442	95.208761
1.231523	7.847481	89.118219
1.232129	7.306203	82.452350
1.232734	6.711465	75.286528
1.233340	6.100324	67.669284
1.233945	5.408994	59.540699
1.234551	4.751077	51.032810
1.235156	3.978950	42.385564
1.235762	3.263320	33.254631
1.236367	2.570775	23.841186
1.236973	1.738506	14.623494
1.237578	1.008297	5.062828
1.238184	0.211870	-4.561280
1.238789	-0.494647	-14.026509
1.239395	-1.229109	-23.498517
