LabVIEW Measurement	
Writer_Version	2
Reader_Version	2
Separator	Tab
Decimal_Separator	.
Multi_Headings	No
X_Columns	One
Time_Pref	Absolute
Operator	AlunosGDS-JT
Date	2019/10/09
Time	15:11:28.9575998562499047959
***End_of_Header***	
	
Channels	2		
Samples	2048	2048	
Date	2019/10/09	2019/10/09	
Time	15:13:46.5376584499999038075	15:13:46.5376584499999038075	
Y_Unit_Label	g	Newtons	
X_Dimension	Time	Time	
X0	0.0000000000000000E+0	0.0000000000000000E+0	
Delta_X	0.000605	0.000605	
***End_of_Header***			
X_Value	Acceleration (Trigger)	Force (Trigger)	Comment
0.000000	0.147476	-2.484466
0.000605	0.206403	-6.416585
0.001211	0.252572	-10.549879
0.001816	0.423886	-14.197589
0.002422	0.439681	-18.219993
0.003027	0.414774	-22.319125
0.003633	0.545993	-26.094263
0.004238	0.567255	-29.938538
0.004844	0.720344	-33.702832
0.005449	0.743429	-37.559578
0.006055	0.832730	-41.248228
0.006660	0.871003	-44.991374
0.007266	1.006474	-48.617393
0.007871	0.993109	-52.227959
0.008477	1.092131	-55.751494
0.009082	1.145591	-59.292652
0.009687	1.297465	-62.547231
0.010293	1.188115	-65.919749
0.010898	1.321764	-69.351915
0.011504	1.477891	-72.300123
0.012109	1.480321	-75.299574
0.012715	1.581772	-78.387954
0.013320	1.589062	-81.320166
0.013926	1.699019	-84.079401
0.014531	1.716029	-86.820199
0.015137	1.788928	-89.429502
0.015742	1.877015	-91.907851
0.016348	1.900708	-94.328993
0.016953	1.979075	-96.639517
0.017559	2.009449	-98.827221
0.018164	2.006412	-100.747325
0.018770	2.117583	-102.802991
0.019375	2.213568	-104.682156
0.019980	2.177726	-106.226752
0.020586	2.209923	-107.788972
0.021191	2.225110	-109.238675
0.021797	2.200203	-110.584808
0.022402	2.267635	-111.704010
0.023008	2.307122	-112.776579
0.023613	2.378807	-113.703283
0.024219	2.386704	-114.450502
0.024824	2.395209	-115.111775
0.025430	2.426191	-115.699031
0.026035	2.444416	-116.020313
0.026641	2.323524	-116.271646
0.027246	2.346609	-116.596182
0.027852	2.444416	-116.209558
0.028457	2.369694	-116.042817
0.029062	2.437734	-115.808294
0.029668	2.396424	-115.386695
0.030273	2.457781	-114.750366
0.030879	2.441986	-114.058727
0.031484	2.439556	-113.196822
0.032090	2.365442	-112.214809
0.032695	2.423154	-111.089100
0.033301	2.356937	-109.897508
0.033906	2.352077	-108.451600
0.034512	2.325347	-106.911613
0.035117	2.287075	-105.518033
0.035723	2.125481	-103.593048
0.036328	2.215390	-101.550667
0.036934	2.194735	-99.723288
0.037539	2.146743	-97.588182
0.038145	2.024637	-95.380414
0.038750	2.033142	-92.973371
0.039355	1.977860	-90.565513
0.039961	1.940195	-87.990101
0.040566	1.872763	-85.349890
0.041172	1.849678	-82.583335
0.041777	1.793181	-79.689352
0.042383	1.716636	-76.716742
0.042988	1.682009	-73.827910
0.043594	1.613362	-70.606950
0.044199	1.545930	-67.243108
0.044805	1.459666	-64.104570
0.045410	1.394664	-60.659119
0.046016	1.369149	-57.235630
0.046621	1.299895	-53.697725
0.047227	1.169283	-50.179884
0.047832	1.216668	-46.473069
0.048438	1.126758	-42.799060
0.049043	1.029559	-39.105802
0.049648	0.959697	-35.304907
0.050254	0.838198	-31.542782
0.050859	0.814506	-27.631268
0.051465	0.751934	-23.931774
0.052070	0.658987	-19.836708
0.052676	0.564825	-15.880188
0.053281	0.499823	-12.019103
0.053887	0.425101	-8.101895
0.054492	0.293274	-4.055904
0.055098	0.221590	-0.089352
0.055703	0.187570	3.854426
0.056309	0.115278	7.865172
0.056914	0.042986	11.859650
0.057520	-0.022016	15.803428
0.058125	-0.092485	19.665055
0.058730	-0.179357	23.621033
0.059336	-0.247397	27.440907
0.059941	-0.308754	31.160736
0.060547	-0.373148	35.204287
0.061152	-0.458197	38.880194
0.061758	-0.513480	42.507298
0.062363	-0.513480	46.246106
0.062969	-0.634371	49.869144
0.063574	-0.660493	53.413284
0.064180	-0.774703	56.873104
0.064785	-0.833630	60.329942
0.065391	-0.865219	63.665317
0.065996	-0.936904	66.943484
0.066602	-0.978821	70.045148
0.067207	-1.056581	73.224626
0.067812	-1.122798	76.163887
0.068418	-1.183547	79.031843
0.069023	-1.241867	82.079012
0.069629	-1.332384	84.678283
0.070234	-1.360328	87.268336
0.070840	-1.373693	89.894990
0.071445	-1.449023	92.341347
0.072051	-1.487902	94.645906
0.072656	-1.509165	96.870212
0.073262	-1.582064	99.008029
0.073867	-1.623981	100.940063
0.074473	-1.707208	102.714031
0.075078	-1.733938	104.523245
0.075684	-1.755808	106.199066
0.076289	-1.833567	107.476333
0.076895	-1.862727	109.015507
0.077500	-1.954459	110.368690
0.078105	-1.934412	111.277229
0.078711	-1.939272	112.334885
0.079316	-2.004881	113.225258
0.079922	-2.031003	113.872975
0.080527	-2.082033	114.467551
0.081133	-2.057733	114.961269
0.081738	-2.097220	115.236732
0.082344	-2.110585	115.464205
0.082949	-2.058341	115.494842
0.083555	-2.115445	115.415674
0.084160	-2.181055	115.184947
0.084766	-2.165260	114.709394
0.085371	-2.191382	114.331447
0.085977	-2.178625	113.792993
0.086582	-2.166475	112.855173
0.087188	-2.193205	112.071352
0.087793	-2.195635	111.064396
0.088398	-2.207177	109.890698
0.089004	-2.224794	108.612074
0.089609	-2.207785	107.240997
0.090215	-2.191382	105.723513
0.090820	-2.180447	104.007295
0.091426	-2.091753	102.281858
0.092031	-2.127595	100.430348
0.092637	-2.064416	98.373055
0.093242	-2.022498	96.155528
0.093848	-1.999414	94.159780
0.094453	-2.031611	91.763581
0.095059	-1.984226	89.232633
0.095664	-1.870625	86.745608
0.096270	-1.904037	84.101872
0.096875	-1.826277	81.315796
0.097480	-1.773425	78.479833
0.098086	-1.738191	75.594797
0.098691	-1.738798	72.591821
0.099297	-1.627626	69.439998
0.099902	-1.557764	66.222292
0.100508	-1.473930	62.972322
0.101113	-1.465425	59.562660
0.101719	-1.380983	56.090368
0.102324	-1.312944	52.834433
0.102930	-1.256447	49.206786
0.103535	-1.094245	45.500514
0.104141	-1.017093	41.990264
0.104746	-0.959381	38.298903
0.105352	-0.921109	34.537321
0.105957	-0.824517	30.765165
0.106563	-0.787460	26.943122
0.107168	-0.614931	23.109963
0.107773	-0.505582	19.221766
0.108379	-0.431468	15.268499
0.108984	-0.400485	11.421513
0.109590	-0.241322	7.373894
0.110195	-0.147160	3.386465
0.110801	-0.061503	-0.323874
0.111406	-0.010473	-4.408637
0.112012	0.157195	-8.351872
0.112617	0.204580	-12.294294
0.113223	0.299349	-16.230752
0.113828	0.493140	-20.079365
0.114434	0.538703	-24.003893
0.115039	0.654127	-27.861724
0.115645	0.764691	-31.688918
0.116250	0.886798	-35.514215
0.116855	0.959697	-39.266036
0.117461	1.041709	-42.918355
0.118066	1.082411	-46.746905
0.118672	1.242790	-50.225704
0.119277	1.312044	-53.654616
0.119883	1.425039	-57.341639
0.120488	1.522238	-60.783837
0.121094	1.661354	-64.021064
0.121699	1.721496	-67.322276
0.122305	1.763414	-70.528867
0.122910	1.853930	-73.635683
0.123516	2.004589	-76.614257
0.124121	2.007627	-79.622113
0.124727	2.086601	-82.484917
0.125332	2.141276	-85.211888
0.125938	2.259737	-87.884905
0.126543	2.306515	-90.611062
0.127148	2.341142	-92.878206
0.127754	2.398246	-95.185205
0.128359	2.468716	-97.503862
0.128965	2.585355	-99.606704
0.129570	2.524605	-101.569104
0.130176	2.586570	-103.431729
0.130781	2.635170	-105.221151
0.131387	2.698349	-106.829191
0.131992	2.735406	-108.318478
0.132598	2.799193	-109.680337
0.133203	2.738444	-111.042467
0.133809	2.792511	-112.054575
0.134414	2.796156	-113.078341
0.135020	2.806483	-114.058185
0.135625	2.813773	-114.610195
0.136230	2.769426	-115.201788
0.136836	2.835643	-115.794196
0.137441	2.846578	-116.055831
0.138047	2.768819	-116.238840
0.138652	2.744519	-116.278424
0.139258	2.741481	-116.168076
0.139863	2.725687	-115.952261
0.140469	2.673442	-115.576754
0.141074	2.662507	-115.082494
0.141680	2.633347	-114.480868
0.142285	2.605402	-113.638484
0.142891	2.542830	-112.784984
0.143496	2.542830	-111.842013
0.144102	2.500913	-110.425387
0.144707	2.364834	-109.198820
0.145313	2.401891	-107.844824
0.145918	2.326562	-106.223228
0.146523	2.321702	-104.512161
0.147129	2.231793	-102.761509
0.147734	2.181371	-100.842219
0.148340	2.079919	-98.788179
0.148945	1.973607	-96.624063
0.149551	1.951130	-94.345803
0.150156	1.936550	-92.005727
0.150762	1.823556	-89.436009
0.151367	1.779208	-86.913195
0.151973	1.706917	-84.297927
0.152578	1.609110	-81.283022
0.153184	1.511910	-78.455193
0.153789	1.485181	-75.553347
0.154395	1.414104	-72.393390
0.155000	1.304147	-69.241296
0.155605	1.169890	-66.019523
0.156211	1.130403	-62.676015
0.156816	1.025914	-59.256863
0.157422	0.891658	-55.820631
0.158027	0.837590	-52.306856
0.158633	0.812076	-48.723945
0.159238	0.702119	-44.958839
0.159844	0.655949	-41.426899
0.160449	0.553283	-37.625462
0.161055	0.446971	-33.617698
0.161660	0.386221	-29.892447
0.162266	0.313929	-26.051154
0.162871	0.234347	-22.113070
0.163477	0.103736	-18.218908
0.164082	0.111633	-14.250458
0.164687	-0.000753	-10.286075
0.165293	-0.006221	-6.336604
0.165898	-0.161740	-2.367340
0.166504	-0.207909	1.593790
0.167109	-0.232817	5.581761
0.167715	-0.393803	9.627210
0.168320	-0.438150	13.422954
0.168926	-0.486142	17.463794
0.169531	-0.515910	21.544219
0.170137	-0.646521	25.226362
0.170742	-0.702411	29.062232
0.171348	-0.699981	32.986760
0.171953	-0.771665	36.771387
0.172559	-0.813582	40.511822
0.173164	-0.869472	44.227313
0.173770	-0.914427	47.863635
0.174375	-1.011626	51.435701
0.174980	-1.048076	54.903113
0.175586	-1.121583	58.429630
0.176191	-1.165930	61.836039
0.176797	-1.239437	64.952616
0.177402	-1.252802	68.409725
0.178008	-1.306869	71.626076
0.178613	-1.354861	74.554221
0.179219	-1.390096	77.563975
0.179824	-1.458743	80.467176
0.180430	-1.478182	83.252439
0.181035	-1.544399	85.927896
0.181641	-1.493977	88.559702
0.182246	-1.568699	91.082516
0.182852	-1.591177	93.443469
0.183457	-1.597252	95.711426
0.184062	-1.634916	97.963115
0.184668	-1.633094	99.966725
0.185273	-1.696881	101.775668
0.185879	-1.688376	103.753793
0.186484	-1.752163	105.477332
0.187090	-1.770995	106.954147
0.187695	-1.775855	108.421745
0.188301	-1.776463	109.765438
0.188906	-1.782538	110.971942
0.189512	-1.825062	111.967512
0.190117	-1.885204	112.903434
0.190723	-1.854830	113.708402
0.191328	-1.902214	114.348256
0.191934	-1.894924	114.793172
0.192539	-1.913149	115.364431
0.193145	-1.902822	115.476406
0.193750	-1.903429	115.542560
0.194355	-1.956889	115.784403
0.194961	-1.909504	115.518972
0.195566	-1.904644	115.215584
0.196172	-1.930767	114.740845
0.196777	-1.928944	114.266648
0.197383	-1.924084	113.549252
0.197988	-1.898569	112.711477
0.198594	-1.891279	111.789925
0.199199	-1.823847	110.750162
0.199805	-1.859082	109.518986
0.200410	-1.837212	108.113476
0.201016	-1.811090	106.743484
0.201621	-1.799548	105.091793
0.202227	-1.773425	103.269836
0.202832	-1.780715	101.666948
0.203437	-1.721181	99.694516
0.204043	-1.680478	97.592217
0.204648	-1.621551	95.488290
0.205254	-1.626411	93.175055
0.205859	-1.598467	90.743339
0.206465	-1.560194	88.223779
0.207070	-1.451453	85.647011
0.207676	-1.477575	82.939832
0.208281	-1.366403	80.094380
0.208887	-1.368226	77.159457
0.209492	-1.317196	74.313191
0.210098	-1.271026	71.099823
0.210703	-1.196912	67.941764
0.211309	-1.152565	64.926588
0.211914	-1.082095	61.499302
0.212520	-0.998261	58.101841
0.213125	-0.914427	54.671031
0.213730	-0.907137	51.153732
0.214336	-0.805685	47.575159
0.214941	-0.745543	43.935854
0.215547	-0.719421	40.260489
0.216152	-0.676288	36.509481
0.216758	-0.564509	32.758744
0.217363	-0.517125	28.941581
0.217969	-0.430253	25.174848
0.218574	-0.328801	21.112046
0.219180	-0.278379	17.238490
0.219785	-0.195152	13.495073
0.220391	-0.181787	9.428747
0.220996	-0.041456	5.468702
0.221602	0.018686	1.516248
0.222207	0.062426	-2.416142
0.222812	0.160233	-6.422279
0.223418	0.256217	-10.318881
0.224023	0.338837	-14.240698
0.224629	0.371641	-18.231651
0.225234	0.437858	-22.176785
0.225840	0.478561	-26.014824
0.226445	0.580012	-29.840933
0.227051	0.673567	-33.874182
0.227656	0.710624	-37.484748
0.228262	0.761046	-41.112395
0.228867	0.870395	-44.867199
0.229473	0.910490	-48.560186
0.230078	1.018624	-52.088601
0.230684	1.073906	-55.667987
0.231289	1.097599	-59.179322
0.231895	1.219705	-62.534217
0.232500	1.275595	-65.864982
0.233105	1.367327	-69.078892
0.233711	1.426254	-72.355162
0.234316	1.443263	-75.291440
0.234922	1.517378	-78.370873
0.235527	1.615185	-81.384423
0.236133	1.628550	-83.996979
0.236738	1.657102	-86.698464
0.237344	1.802293	-89.415674
0.237949	1.773134	-91.819464
0.238555	1.842388	-94.273413
0.239160	1.918325	-96.540828
0.239766	1.951737	-98.744257
0.240371	2.016132	-100.773624
0.240977	2.029497	-102.709453
0.241582	2.056834	-104.568826
0.242187	2.140668	-106.262541
0.242793	2.129733	-107.763486
0.243398	2.152818	-109.340347
0.244004	2.270672	-110.668586
0.244609	2.191698	-111.601254
0.245215	2.251840	-112.724523
0.245820	2.259130	-113.712230
0.246426	2.298010	-114.452942
0.247031	2.338104	-115.087645
0.247637	2.323524	-115.654024
0.248242	2.387312	-116.010011
0.248848	2.331422	-116.243449
0.249453	2.370302	-116.327226
0.250059	2.436519	-116.332378
0.250664	2.451099	-116.207932
0.251270	2.385489	-115.733464
0.251875	2.318057	-115.502737
0.252480	2.411611	-114.944762
0.253086	2.361797	-114.028632
0.253691	2.367872	-113.217428
0.254297	2.393386	-112.243548
0.254902	2.390956	-111.144681
0.255508	2.357544	-109.833251
0.256113	2.323524	-108.528329
0.256719	2.306515	-107.012200
0.257324	2.263382	-105.404160
0.257930	2.250625	-103.617721
0.258535	2.215998	-101.741268
0.259141	2.221465	-99.814928
0.259746	2.163146	-97.572999
0.260352	2.165576	-95.501336
0.260957	2.079311	-93.135503
0.261562	2.079311	-90.484718
0.262168	2.062909	-88.013689
0.262773	1.955990	-85.368598
0.263379	1.965710	-82.586589
0.263984	1.916502	-79.718091
0.264590	1.801686	-76.802418
0.265195	1.830238	-73.747386
0.265801	1.691729	-70.629454
0.266406	1.641307	-67.407138
0.267012	1.647382	-64.205971
0.267617	1.555650	-60.811762
0.268223	1.468171	-57.255693
0.268828	1.453591	-53.974001
0.269434	1.392234	-50.308397
0.270039	1.317512	-46.569861
0.270645	1.220920	-42.942485
0.271250	1.138908	-39.231061
0.271855	1.137086	-35.426913
0.272461	1.074514	-31.610563
0.273066	1.028344	-27.776862
0.273672	0.917780	-23.898425
0.274277	0.851563	-19.953292
0.274883	0.719736	-16.036898
0.275488	0.705156	-12.166866
0.276094	0.604920	-8.174557
0.276699	0.462766	-4.165167
0.277305	0.424493	-0.342040
0.277910	0.364959	3.792881
0.278516	0.302387	7.901774
0.279121	0.181495	11.784277
0.279727	0.119531	15.690369
0.280332	-0.004398	19.588598
0.280938	-0.080335	23.468661
0.281543	-0.181787	27.335440
0.282148	-0.250434	31.143113
0.282754	-0.354316	34.947261
0.283359	-0.409598	38.713181
0.283965	-0.491002	42.346522
0.284570	-0.566332	46.115695
0.285176	-0.682971	49.680712
0.285781	-0.656241	53.048892
0.286387	-0.864004	56.749200
0.286992	-0.941156	60.217968
0.287598	-0.993401	63.429438
0.288203	-1.056581	66.759661
0.288809	-1.188407	69.918804
0.289414	-1.273456	73.009624
0.290020	-1.321449	76.009618
0.290625	-1.374908	78.957555
0.291230	-1.460565	81.817648
0.291836	-1.593607	84.509915
0.292441	-1.684123	87.051978
0.293047	-1.735153	89.759157
0.293652	-1.942917	91.974787
0.294258	-1.873055	94.288835
0.294863	-1.884597	96.809751
0.295469	-1.950814	98.866773
0.296074	-2.083855	100.724519
0.296680	-2.099043	102.663059
0.297285	-2.128810	104.412355
0.297891	-2.165867	105.968881
0.298496	-2.225402	107.523509
0.299102	-2.273394	108.923867
0.299707	-2.297086	110.161551
0.300312	-2.359658	111.209990
0.300918	-2.368163	112.237281
0.301523	-2.425875	113.155308
0.302129	-2.328676	113.753951
0.302734	-2.432558	114.391365
0.303340	-2.461718	114.965065
0.303945	-2.441063	115.236460
0.304551	-2.492700	115.402931
0.305156	-2.455643	115.515990
0.305762	-2.478120	115.405371
0.306367	-2.445923	115.187116
0.306973	-2.436203	114.847939
0.307578	-2.458680	114.398414
0.308184	-2.443493	113.736057
0.308789	-2.394286	112.921599
0.309395	-2.385781	112.161637
0.310000	-2.458680	111.075783
0.310605	-2.340219	109.865483
0.311211	-2.296479	108.826263
0.311816	-2.248487	107.423735
0.312422	-2.205355	105.856093
0.313027	-2.165867	104.234226
0.313633	-2.090538	102.527497
0.314238	-2.069883	100.594108
0.314844	-2.011564	98.579381
0.315449	-1.954459	96.512056
0.316055	-1.849970	94.370986
0.316660	-1.844502	91.929780
0.317266	-1.747910	89.510536
0.317871	-1.744265	86.987180
0.318477	-1.588139	84.243670
0.319082	-1.503697	81.544354
0.319688	-1.483650	78.930171
0.320293	-1.366403	75.863481
0.320898	-1.304439	72.866742
0.321504	-1.230932	69.753418
0.322109	-1.232147	66.537610
0.322715	-1.056581	63.319633
0.323320	-0.976391	59.963653
0.323926	-0.895594	56.584357
0.324531	-0.853070	53.081970
0.325137	-0.687223	49.587716
0.325742	-0.614931	46.034358
0.326348	-0.534742	42.308564
0.326953	-0.577874	38.420367
0.327559	-0.422963	34.998233
0.328164	-0.308146	31.177003
0.328770	-0.211554	27.292873
0.329375	-0.136832	23.417961
0.329980	-0.020193	19.544675
0.330586	0.030836	15.633975
0.331191	0.142616	11.679352
0.331797	0.227057	7.760247
0.332402	0.313929	3.778511
0.333008	0.414166	-0.244164
0.333613	0.450008	-4.221561
0.334219	0.554498	-8.010527
0.334824	0.595807	-12.190725
0.335430	0.756186	-15.931973
0.336035	0.742821	-19.793057
0.336641	0.840020	-23.914422
0.337246	0.957267	-27.717486
0.337852	0.955445	-31.525973
0.338457	1.086056	-35.298400
0.339062	1.103673	-39.105259
0.339668	1.197835	-42.795807
0.340273	1.203910	-46.490963
0.340879	1.327232	-50.136233
0.341484	1.332699	-53.771742
0.342090	1.406814	-57.141821
0.342695	1.490648	-60.691112
0.343301	1.500368	-64.120838
0.343906	1.568408	-67.142521
0.344512	1.634017	-70.556250
0.345117	1.728179	-73.691263
0.345723	1.751871	-76.627000
0.346328	1.721496	-79.632145
0.346934	1.795611	-82.484917
0.347539	1.882483	-85.237103
0.348145	1.880660	-87.883549
0.348750	1.937157	-90.481465
0.349355	1.980290	-92.947885
0.349961	1.984542	-95.346253
0.350566	2.008234	-97.510911
0.351172	2.021599	-99.771277
0.351777	2.050151	-101.674300
0.352383	2.017347	-103.466704
0.352988	2.110294	-105.487667
0.353594	2.099359	-107.032806
0.354199	2.104826	-108.503114
0.354805	2.209315	-109.839487
0.355410	2.120621	-111.132480
0.356016	2.188660	-112.203693
0.356621	2.158286	-113.232068
0.357227	2.216605	-114.095058
0.357832	2.188660	-114.872643
0.358438	2.231185	-115.325150
0.359043	2.163146	-115.962564
0.359648	2.254270	-116.244533
0.360254	2.079311	-116.276255
0.360859	2.138238	-116.512133
0.361465	2.269457	-116.341867
0.362070	2.204455	-115.975307
0.362676	2.236653	-115.607933
0.363281	2.093891	-115.214802
0.363887	2.204455	-114.507438
0.364492	2.155856	-113.728769
0.365098	2.133378	-112.826737
0.365703	2.138846	-111.769623
0.366309	2.099966	-110.558509
0.366914	2.112724	-109.309710
0.367520	2.122443	-107.958967
0.368125	2.087209	-106.243291
0.368730	2.109079	-104.599192
0.369336	2.076274	-102.928793
0.369941	2.011879	-100.824053
0.370547	1.997907	-98.687863
0.371152	1.904960	-96.631654
0.371758	1.977252	-94.364782
0.372363	1.931082	-91.863387
0.372969	1.835098	-89.452276
0.373574	1.859398	-86.793357
0.374180	1.803508	-84.092144
0.374785	1.765236	-81.252656
0.375391	1.703879	-78.412626
0.375996	1.638270	-75.458724
0.376602	1.683224	-72.218786
0.377207	1.590885	-69.277084
0.377812	1.544715	-65.881521
0.378418	1.425039	-62.462098
0.379023	1.412281	-59.123470
0.379629	1.338774	-55.606713
0.380234	1.281670	-52.060675
0.380840	1.189938	-48.481831
0.381445	1.114608	-44.867199
0.382051	1.065401	-41.118630
0.382656	1.007082	-37.335630
0.383262	0.900770	-33.647522
0.383867	0.889835	-29.789149
0.384473	0.770766	-25.788164
0.385078	0.745251	-22.095176
0.385684	0.705156	-18.094191
0.386289	0.538095	-14.003464
0.386895	0.495570	-10.181150
0.387500	0.403839	-6.249844
0.388105	0.363744	-2.208732
0.388711	0.284162	1.793880
0.389316	0.174813	5.730879
0.389922	0.043594	9.719935
0.390527	0.035696	13.685674
0.391133	-0.061503	17.586885
0.391738	-0.151412	21.427635
0.392344	-0.224919	25.442448
0.392949	-0.328801	29.200505
0.393555	-0.410205	32.938500
0.394160	-0.476422	36.951143
0.394766	-0.553574	40.633286
0.395371	-0.652596	44.219450
0.395977	-0.683578	47.931145
0.396582	-0.755263	51.572077
0.397187	-0.884052	55.019697
0.397793	-0.952699	58.465148
0.398398	-0.998261	61.888908
0.399004	-1.098498	65.187681
0.399609	-1.195090	68.347366
0.400215	-1.243689	71.546094
0.400820	-1.362151	74.623629
0.401426	-1.371871	77.462574
0.402031	-1.501875	80.460669
0.402637	-1.617299	83.289854
0.403242	-1.548044	85.794774
0.403848	-1.659824	88.451794
0.404453	-1.730901	91.006872
0.405059	-1.729686	93.428286
0.405664	-1.764920	95.679704
0.406270	-1.772210	97.902383
0.406875	-1.843895	99.913043
0.407480	-1.913757	101.813626
0.408086	-1.931374	103.635854
0.408691	-1.979974	105.380269
0.409297	-2.034648	106.802860
0.409902	-2.025536	108.233313
0.410508	-2.043761	109.819663
0.411113	-2.082033	110.791373
0.411719	-2.128810	111.857977
0.412324	-2.144605	112.894215
0.412930	-2.150680	113.659329
0.413535	-2.157970	114.322500
0.414141	-2.179232	114.822182
0.414746	-2.193205	115.200672
0.415352	-2.149465	115.481286
0.415957	-2.178625	115.613052
0.416563	-2.210822	115.596243
0.417168	-2.194420	115.464205
0.417773	-2.160400	115.040708
0.418379	-2.186522	114.743827
0.418984	-2.250917	114.149522
0.419590	-2.119698	113.373292
0.420195	-2.141568	112.711477
0.420801	-2.081425	111.805650
0.421406	-2.057126	110.728472
0.422012	-2.007919	109.506243
0.422617	-1.976329	108.231958
0.423223	-2.018246	106.693326
0.423828	-1.937449	105.152525
0.424434	-1.931982	103.433324
0.425039	-1.863942	101.634684
0.425645	-1.842680	99.586338
0.426250	-1.752163	97.596826
0.426855	-1.792865	95.576134
0.427461	-1.637954	93.076908
0.428066	-1.636739	90.808951
0.428672	-1.603327	88.394587
0.429277	-1.559587	85.702320
0.429883	-1.551689	83.035539
0.430488	-1.459350	80.252175
0.431094	-1.428975	77.386388
0.431699	-1.311729	74.396969
0.432305	-1.335421	71.302895
0.432910	-1.246119	68.172220
0.433516	-1.154995	64.894595
0.434121	-1.124013	61.517468
0.434727	-1.068123	58.318740
0.435332	-0.998868	54.680249
0.435937	-0.865219	51.256488
0.436543	-0.896202	47.800192
0.437148	-0.834237	44.084430
0.437754	-0.751010	40.429400
0.438359	-0.737645	36.701708
0.438965	-0.668391	32.953954
0.439570	-0.575444	29.063587
0.440176	-0.538994	25.275977
0.440781	-0.374971	21.372597
0.441387	-0.360998	17.468132
0.441992	-0.278379	13.485855
0.442598	-0.213377	9.632904
0.443203	-0.198797	5.583659
0.443809	-0.079120	1.541192
0.444414	0.003499	-2.128208
0.445020	0.047846	-6.185587
0.445625	0.117101	-10.151868
0.446230	0.219768	-14.134417
0.446836	0.265330	-17.974625
0.447441	0.355847	-21.939822
0.448047	0.419634	-25.831815
0.448652	0.520478	-29.673650
0.449258	0.584265	-33.482136
0.449863	0.682679	-37.344848
0.450469	0.686932	-41.053289
0.451074	0.748896	-44.679038
0.451680	0.897125	-48.502437
0.452285	1.035634	-51.905863
0.452891	0.956660	-55.418282
0.453496	1.084841	-59.055689
0.454102	1.181433	-62.375338
0.454707	1.185685	-65.666519
0.455313	1.269520	-68.938721
0.455918	1.420179	-72.069396
0.456523	1.401346	-75.124970
0.457129	1.494901	-78.142315
0.457734	1.556258	-81.053922
0.458340	1.614577	-83.879582
0.458945	1.667429	-86.527927
0.459551	1.736684	-89.317527
0.460156	1.834491	-91.779880
0.460762	1.850285	-93.977345
0.461367	1.923185	-96.368392
0.461973	2.010664	-98.549318
0.462578	2.026459	-100.611220
0.463184	2.090854	-102.473575
0.463789	2.171043	-104.405609
0.464395	2.285252	-105.965659
0.465000	2.336282	-107.566921
0.465605	2.376984	-109.004152
0.466211	2.403714	-110.358419
0.466816	2.465071	-111.500938
0.467422	2.431051	-112.599535
0.468027	2.532503	-113.630893
0.468633	2.479043	-114.260986
0.469238	2.510633	-114.978111
0.469844	2.626057	-115.553437
0.470449	2.649142	-115.847878
0.471055	2.662507	-116.037394
0.471660	2.687414	-116.158045
0.472266	2.728116	-116.161569
0.472871	2.755454	-115.933825
0.473477	2.746341	-115.691982
0.474082	2.674049	-115.268485
0.474687	2.740266	-114.691803
0.475293	2.718397	-113.936721
0.475898	2.737229	-113.265959
0.476504	2.752416	-112.181732
0.477109	2.816811	-110.957876
0.477715	2.729331	-109.981556
0.478320	2.697134	-108.486847
0.478926	2.715967	-106.864437
0.479531	2.601757	-105.298693
0.480137	2.590822	-103.603893
0.480742	2.598112	-101.691110
0.481348	2.501521	-99.690210
0.481953	2.553765	-97.565136
0.482559	2.488763	-95.357911
0.483164	2.378199	-92.985029
0.483770	2.359974	-90.490412
0.484375	2.287682	-88.117801
0.484980	2.155248	-85.352873
0.485586	2.231185	-82.612617
0.486191	2.019777	-79.968068
0.486797	1.954167	-76.805671
0.487402	1.955382	-73.862614
0.488008	1.801078	-70.753087
0.488613	1.694159	-67.550834
0.489219	1.619437	-64.294357
0.489824	1.500368	-60.941631
0.490430	1.451161	-57.474490
0.491035	1.361859	-53.979695
0.491641	1.225173	-50.400308
0.492246	1.107318	-46.936692
0.492852	1.110356	-43.165892
0.493457	0.861890	-39.430067
0.494063	0.839413	-35.849596
0.494668	0.737961	-31.846442
0.495273	0.615855	-27.936826
0.495879	0.513795	-24.180937
0.496484	0.391689	-20.243938
0.497090	0.285985	-16.321579
0.497695	0.225235	-12.337403
0.498301	0.137148	-8.392541
0.498906	-0.008043	-4.439545
0.499512	-0.105243	-0.457810
0.500117	-0.209732	3.432285
0.500723	-0.289921	7.418359
0.501328	-0.435113	11.504206
0.501934	-0.535349	15.248165
0.502539	-0.534134	19.222851
0.503145	-0.714561	23.281585
0.503750	-0.798395	26.977013
0.504355	-0.885874	30.834573
0.504961	-1.001298	34.643873
0.505566	-1.039571	38.438532
0.506172	-1.113685	42.119590
0.506777	-1.195090	45.797124
0.507383	-1.224249	49.478995
0.507988	-1.341496	52.942611
0.508594	-1.389488	56.438763
0.509199	-1.473930	59.956875
0.509805	-1.538325	63.256461
0.510410	-1.608186	66.349450
0.511016	-1.687768	69.825809
0.511621	-1.682301	72.944012
0.512227	-1.775855	75.845858
0.512832	-1.777678	78.848292
0.513437	-1.873055	81.721670
0.514043	-1.896139	84.412039
0.514648	-1.904037	87.096172
0.515254	-1.938664	89.694629
0.515859	-2.017031	92.071850
0.516465	-2.031003	94.423042
0.517070	-2.030396	96.714044
0.517676	-2.015816	98.868129
0.518281	-2.002451	100.690086
0.518887	-2.065023	102.732738
0.519492	-2.055911	104.524600
0.520098	-2.065631	105.988402
0.520703	-2.056518	107.652564
0.521309	-2.071098	109.068919
0.521914	-2.085678	110.303620
0.522520	-2.082640	111.430685
0.523125	-2.012779	112.477226
0.523730	-2.038901	113.275688
0.524336	-2.020068	114.041886
0.524941	-2.020068	114.730542
0.525547	-1.945954	115.169222
0.526152	-1.950814	115.332981
0.526758	-1.923477	115.694661
0.527363	-1.965394	115.819649
0.527969	-1.882774	115.530631
0.528574	-1.845110	115.506229
0.529180	-1.821417	115.156208
0.529785	-1.784360	114.666014
0.530391	-1.736368	114.067914
0.530996	-1.753985	113.320965
0.531602	-1.741228	112.449842
0.532207	-1.619729	111.477047
0.532813	-1.676833	110.304705
0.533418	-1.589962	109.094405
0.534023	-1.608186	107.602949
0.534629	-1.492155	106.097123
0.535234	-1.438695	104.684293
0.535840	-1.465425	102.645707
0.536445	-1.379768	100.801518
0.537051	-1.354861	98.919100
0.537656	-1.340281	96.816258
0.538262	-1.303831	94.541252
0.538867	-1.227894	92.232626
0.539473	-1.212099	89.807417
0.540078	-1.170790	87.191336
0.540684	-1.119153	84.559530
0.541289	-1.138592	81.850725
0.541895	-1.070553	78.972196
0.542500	-1.034103	75.949428
0.543105	-0.994616	73.092588
0.543711	-0.993401	69.775379
0.544316	-0.907744	66.571501
0.544922	-0.888304	63.524603
0.545527	-0.826947	60.087828
0.546133	-0.775310	56.638310
0.546738	-0.794143	53.158156
0.547344	-0.704233	49.624589
0.547949	-0.648951	46.017277
0.548555	-0.642876	42.353029
0.549160	-0.598529	38.623439
0.549766	-0.514087	34.919607
0.550371	-0.508012	31.038730
0.550977	-0.450300	27.274979
0.551582	-0.440580	23.381359
0.552187	-0.446048	19.255114
0.552793	-0.315436	15.599000
0.553398	-0.326371	11.656578
0.554004	-0.244967	7.610044
0.554609	-0.226742	3.682262
0.555215	-0.200012	-0.314114
0.555820	-0.087625	-4.260061
0.556426	-0.048746	-8.242609
0.557031	0.042986	-12.147074
0.557637	0.033874	-16.138841
0.558242	0.132288	-20.080178
0.558848	0.143223	-23.971900
0.559453	0.236170	-27.755714
0.560059	0.284162	-31.824752
0.560664	0.360099	-35.521535
0.561270	0.423886	-39.103904
0.561875	0.480991	-42.948450
0.562480	0.541133	-46.634660
0.563086	0.618892	-50.248208
0.563691	0.652912	-53.789365
0.564297	0.744036	-57.360889
0.564902	0.820581	-60.741270
0.565508	0.835768	-64.103215
0.566113	0.983389	-67.384093
0.566719	1.026522	-70.667953
0.567324	1.086056	-73.660626
0.567930	1.138908	-76.813805
0.568535	1.283492	-79.837928
0.569141	1.369149	-82.382161
0.569746	1.329054	-85.331454
0.570352	1.498546	-88.036735
0.570957	1.536818	-90.529454
0.571562	1.613970	-92.940022
0.572168	1.627942	-95.311549
0.572773	1.744581	-97.531517
0.573379	1.826593	-99.632190
0.573984	1.847855	-101.663455
0.574590	1.921362	-103.487310
0.575195	2.024637	-105.241486
0.575801	2.043469	-106.903750
0.576406	2.174688	-108.556254
0.577012	2.185015	-109.713956
0.577617	2.277355	-110.957605
0.578223	2.307122	-112.231619
0.578828	2.387919	-113.081865
0.579434	2.340534	-114.003689
0.580039	2.404929	-114.683940
0.580645	2.447454	-115.321083
0.581250	2.542830	-115.680323
0.581855	2.604795	-116.011909
0.582461	2.597505	-116.177295
0.583066	2.684377	-116.238298
0.583672	2.688022	-116.040106
0.584277	2.688022	-115.975578
0.584883	2.739051	-115.542321
0.585488	2.748771	-114.847157
0.586094	2.681947	-114.489544
0.586699	2.747556	-113.643364
0.587305	2.678302	-112.613091
0.587910	2.702602	-111.615624
0.588516	2.745734	-110.390141
0.589121	2.661899	-109.115584
0.589727	2.664329	-107.662899
0.590332	2.663114	-106.116133
0.590938	2.686199	-104.428654
0.591543	2.557410	-102.582296
0.592148	2.551943	-100.739733
0.592754	2.520961	-98.755644
0.593359	2.440771	-96.394962
0.593965	2.422546	-94.204818
0.594570	2.404929	-91.950960
0.595176	2.324132	-89.258151
0.595781	2.273710	-86.706055
0.596387	2.108471	-84.060151
0.596992	2.135808	-81.276515
0.597598	2.071414	-78.309328
0.598203	1.994262	-75.350275
0.598809	1.931082	-72.297412
0.599414	1.821126	-69.125255
0.600020	1.746404	-65.856577
0.600625	1.618830	-62.651614
0.601230	1.607895	-59.161970
0.601836	1.413496	-55.689406
0.602441	1.468171	-52.313363
0.603047	1.306577	-48.636643
0.603652	1.219098	-44.900005
0.604258	1.124936	-41.250939
0.604863	1.033204	-37.502100
0.605469	0.946332	-33.703103
0.606074	0.793243	-29.929049
0.606680	0.713054	-26.101312
0.607285	0.610387	-22.157806
0.607891	0.496178	-18.253883
0.608496	0.440288	-14.385478
0.609102	0.357061	-10.455257
0.609707	0.231310	-6.362631
0.610313	0.075791	-2.585324
0.610918	0.043594	1.406985
0.611523	-0.063325	5.595317
0.612129	-0.183610	9.427663
0.612734	-0.189077	13.408856
0.613340	-0.346418	17.353989
0.613945	-0.444225	21.263063
0.614551	-0.477030	25.126588
0.615156	-0.588809	28.992011
0.615762	-0.679326	32.800226
0.616367	-0.761338	36.580787
0.616973	-0.879799	40.266996
0.617578	-0.963026	44.041050
0.618184	-1.040178	47.652971
0.618789	-0.994616	51.113605
0.619395	-1.182940	54.846719
0.620000	-1.252802	58.281325
0.620605	-1.279531	61.584978
0.621211	-1.331169	64.954514
0.621816	-1.476967	68.146463
0.622422	-1.481827	71.253279
0.623027	-1.543792	74.361994
0.623633	-1.612439	77.392624
0.624238	-1.641599	80.256784
0.624844	-1.672581	83.009782
0.625449	-1.699311	85.705845
0.626055	-1.767350	88.372626
0.626660	-1.817772	90.675829
0.627266	-1.858475	93.252326
0.627871	-1.962356	95.668317
0.628477	-1.886419	97.722899
0.629082	-1.984226	99.724340
0.629687	-2.030396	101.716292
0.630293	-1.989694	103.535267
0.630898	-2.034041	105.238200
0.631504	-2.058948	106.816958
0.632109	-2.123343	108.282929
0.632715	-2.117268	109.619844
0.633320	-2.077173	110.767785
0.633926	-2.119090	111.882921
0.634531	-2.079603	112.759466
0.635137	-2.098435	113.429415
0.635742	-2.040723	114.424171
0.636348	-2.146428	114.777175
0.636953	-2.104510	115.098729
0.637559	-2.065023	115.491860
0.638164	-2.131848	115.576451
0.638770	-2.037686	115.618746
0.639375	-2.125165	115.431941
0.639980	-2.055303	115.191996
0.640586	-1.981796	114.778531
0.641191	-2.015816	114.182328
0.641797	-2.023713	113.531087
0.642402	-1.964179	112.784410
0.643008	-1.941702	111.669546
0.643613	-1.983619	110.788933
0.644219	-2.007311	109.636383
0.644824	-1.844502	108.158212
0.645430	-1.860297	106.825906
0.646035	-1.822025	105.300830
0.646641	-1.838427	103.557228
0.647246	-1.807445	101.696229
0.647852	-1.742443	99.816794
0.648457	-1.637954	97.776310
0.649062	-1.650104	95.632528
0.649668	-1.621551	93.325258
0.650273	-1.608186	90.971897
0.650879	-1.572344	88.324095
0.651484	-1.499445	85.740278
0.652090	-1.496407	83.195774
0.652695	-1.391918	80.242685
0.653301	-1.314766	77.412958
0.653906	-1.284391	74.562897
0.654512	-1.275279	71.466383
0.655117	-1.150135	68.299920
0.655723	-1.062656	65.097396
0.656328	-1.096068	61.750906
0.656934	-0.959989	58.378930
0.657539	-0.958774	54.918567
0.658145	-0.891342	51.447631
0.658750	-0.877977	47.826491
0.659355	-0.755263	44.081448
0.659961	-0.694513	40.644131
0.660566	-0.723066	36.739395
0.661172	-0.525022	32.899729
0.661777	-0.514087	29.332543
0.662383	-0.502545	25.446786
0.662988	-0.350671	21.525783
0.663594	-0.282631	17.658462
0.664199	-0.238284	13.715226
0.664805	-0.166600	9.721291
0.665410	-0.136225	5.797847
0.666016	-0.044493	1.814214
0.666621	0.077614	-2.078863
0.667227	0.084904	-6.183147
0.667832	0.197898	-10.043418
0.668438	0.250142	-13.937852
0.669043	0.317574	-18.123472
0.669648	0.451831	-21.739189
0.670254	0.505898	-25.637418
0.670859	0.610387	-29.567911
0.671465	0.694829	-33.405679
0.672070	0.713661	-37.191662
0.672676	0.867965	-40.913118
0.673281	0.962127	-44.573842
0.673887	0.959697	-48.262220
0.674492	1.065401	-51.807716
0.675098	1.146806	-55.422349
0.675703	1.278025	-58.917686
0.676309	1.262837	-62.202631
0.676914	1.439011	-65.633984
0.677520	1.520415	-68.831898
0.678125	1.519200	-71.863884
0.678730	1.561118	-75.039837
0.679336	1.658317	-78.063960
0.679941	1.757946	-80.886096
0.680547	1.708739	-83.777097
0.681152	1.855145	-86.481835
0.681758	1.867295	-89.132349
0.682363	1.980897	-91.573555
0.682969	2.071414	-94.008253
0.683574	2.072021	-96.387642
0.684180	2.153426	-98.394506
0.684785	2.188660	-100.587904
0.685391	2.245765	-102.625676
0.685996	2.237868	-104.217448
0.686602	2.283430	-106.042388
0.687207	2.364834	-107.656392
0.687813	2.392171	-108.983276
0.688418	2.465678	-110.343779
0.689023	2.435911	-111.565466
0.689629	2.554373	-112.551004
0.690234	2.561663	-113.513496
0.690840	2.545260	-114.318736
0.691445	2.582318	-115.012815
0.692051	2.582318	-115.499212
0.692656	2.599327	-115.907254
0.693262	2.637600	-116.342409
0.693867	2.649750	-116.192749
0.694473	2.587785	-116.148284
0.695078	2.567738	-116.145302
0.695684	2.621805	-115.832424
0.696289	2.541008	-115.340333
0.696895	2.588393	-114.814894
0.697500	2.527643	-114.121086
0.698105	2.531895	-113.236135
0.698711	2.460818	-112.303467
0.699316	2.466893	-111.173149
0.699922	2.456566	-109.979116
0.700527	2.392779	-108.536462
0.701133	2.343572	-107.175146
0.701738	2.339319	-105.570631
0.702344	2.211745	-103.626939
0.702949	2.244550	-101.906382
0.703555	2.189875	-99.928258
0.704160	2.119406	-97.747874
0.704766	2.086601	-95.542276
0.705371	2.016132	-93.236361
0.705977	2.026459	-90.768586
0.706582	1.864258	-88.266106
0.707187	1.851500	-85.623455
0.707793	1.785891	-82.847682
0.708398	1.711169	-79.961561
0.709004	1.655279	-77.088996
0.709609	1.667429	-74.187692
0.710215	1.532565	-70.814090
0.710820	1.364289	-67.820874
0.711426	1.431721	-64.535929
0.712031	1.285315	-61.021342
0.712637	1.257977	-57.566402
0.713242	1.145591	-54.125560
0.713848	1.077551	-50.550240
0.714453	0.970024	-46.930999
0.715059	0.937827	-43.285187
0.715664	0.821796	-39.518453
0.716270	0.767728	-35.761480
0.716875	0.609172	-31.927237
0.717480	0.561180	-28.225302
0.718086	0.487673	-24.274204
0.718691	0.429353	-20.253156
0.719297	0.360706	-16.549052
0.719902	0.322434	-12.492215
0.720508	0.183925	-8.470625
0.721113	0.183925	-4.500819
0.721719	0.059996	-0.564362
0.722324	-0.063325	3.445842
0.722930	-0.056035	7.441133
0.723535	-0.130150	11.399280
0.724141	-0.185432	15.400265
0.724746	-0.369503	19.299308
0.725352	-0.342773	23.183709
0.725957	-0.441188	26.988671
0.726562	-0.496470	30.981251
0.727168	-0.556004	34.623539
0.727773	-0.645914	38.420638
0.728379	-0.734608	42.306937
0.728984	-0.794143	45.894458
0.729590	-0.854285	49.494992
0.730195	-0.899847	53.027745
0.730801	-0.915642	56.581374
0.731406	-0.994009	59.970702
0.732012	-1.040786	63.364639
0.732617	-1.105788	66.633588
0.733223	-1.198127	69.784327
0.733828	-1.219389	72.803841
0.734434	-1.255232	76.013956
0.735039	-1.324486	78.867541
0.735645	-1.263129	81.623251
0.736250	-1.395563	84.568749
0.736855	-1.472107	87.144703
0.737461	-1.508557	89.664806
0.738066	-1.585709	92.148036
0.738672	-1.579027	94.569178
0.739277	-1.581457	96.781825
0.739883	-1.600289	98.843456
0.740488	-1.697488	100.880686
0.741094	-1.769173	102.693696
0.741699	-1.725433	104.453295
0.742305	-1.777070	106.043169
0.742910	-1.778893	107.678863
0.743516	-1.840857	108.800235
0.744121	-1.778893	110.305247
0.744727	-1.879737	111.511751
0.745332	-1.883382	112.345730
0.745938	-1.928944	113.240713
0.746543	-1.964786	113.964615
0.747148	-1.944739	114.602029
0.747754	-1.920439	115.039353
0.748359	-1.972076	115.417300
0.748965	-1.976936	115.583771
0.749570	-1.977544	115.608172
0.750176	-1.990909	115.521412
0.750781	-2.012779	115.407269
0.751387	-2.031611	114.938495
0.751992	-2.023713	114.411971
0.752598	-2.026751	114.050562
0.753203	-2.003059	113.175643
0.753809	-1.985441	112.266562
0.754414	-1.988479	111.312746
0.755020	-2.023713	110.194899
0.755625	-1.979366	108.875878
0.756230	-2.004274	107.521882
0.756836	-1.975721	105.993553
0.757441	-1.916794	104.399612
0.758047	-1.940487	102.548373
0.758652	-1.836605	100.729670
0.759258	-1.782538	98.748021
0.759863	-1.766135	96.491451
0.760469	-1.787398	94.482418
0.761074	-1.740621	92.131226
0.761680	-1.705386	89.540631
0.762285	-1.687161	87.094274
0.762891	-1.591177	84.527538
0.763496	-1.556549	81.737666
0.764102	-1.557764	78.875946
0.764707	-1.526782	75.960273
0.765312	-1.449023	72.933981
0.765918	-1.388273	69.827978
0.766523	-1.354253	66.639011
0.767129	-1.328131	63.405850
0.767734	-1.271634	59.881502
0.768340	-1.202379	56.540977
0.768945	-1.118545	53.234342
0.769551	-1.093638	49.452154
0.770156	-0.984896	45.923197
0.770762	-0.939334	42.392342
0.771367	-0.886482	38.646214
0.771973	-0.834237	34.876498
0.772578	-0.716383	31.113560
0.773184	-0.689653	27.257627
0.773789	-0.557219	23.435584
0.774395	-0.514087	19.538982
0.775000	-0.404130	15.684946
0.775605	-0.353708	11.663356
0.776211	-0.255294	7.659388
0.776816	-0.094308	3.945795
0.777422	-0.051175	-0.208646
0.778027	-0.025661	-4.224814
0.778633	0.049669	-7.990463
0.779238	0.177850	-11.972470
0.779844	0.250750	-15.935497
0.780449	0.313929	-19.849722
0.781055	0.436643	-23.696980
0.781660	0.516833	-27.590057
0.782266	0.627397	-31.472019
0.782871	0.600060	-35.279692
0.783477	0.776233	-38.982982
0.784082	0.802356	-42.831866
0.784687	0.919602	-46.422911
0.785293	0.866143	-49.981963
0.785898	1.100636	-53.737038
0.786504	1.164423	-57.089222
0.787109	1.239145	-60.488040
0.787715	1.295035	-63.838868
0.788320	1.379476	-67.134387
0.788926	1.431721	-70.329861
0.789531	1.600605	-73.387333
0.790137	1.648597	-76.488455
0.790742	1.690514	-79.431784
0.791348	1.774349	-82.292961
0.791953	1.810798	-85.116452
0.792559	1.925007	-87.866197
0.793164	1.998514	-90.255889
0.793770	2.075059	-92.823710
0.794375	2.152211	-95.231838
0.794980	2.160108	-97.263374
0.795586	2.256700	-99.398209
0.796191	2.282215	-101.437879
0.796797	2.393994	-103.310808
0.797402	2.366657	-105.076371
0.798008	2.412826	-106.751920
0.798613	2.474791	-108.225482
0.799219	2.515493	-109.596017
0.799824	2.544653	-110.861898
0.800430	2.512456	-112.091176
0.801035	2.576850	-113.024116
0.801641	2.565915	-113.937535
0.802246	2.606010	-114.819232
0.802852	2.661292	-115.141056
0.803457	2.619375	-115.652940
0.804063	2.677694	-116.022211
0.804668	2.661292	-116.218777
0.805273	2.688629	-116.219319
0.805879	2.674049	-116.182446
0.806484	2.703817	-115.935723
0.807090	2.658862	-115.627996
0.807695	2.647927	-115.085205
0.808301	2.665544	-114.518826
0.808906	2.667974	-113.714399
0.809512	2.645497	-112.743231
0.810117	2.652787	-111.875903
0.810723	2.655825	-110.549020
0.811328	2.518531	-109.143781
0.811934	2.492408	-107.888204
0.812539	2.488763	-106.267692
0.813145	2.378199	-104.607868
0.813750	2.366657	-102.806516
0.814355	2.363012	-100.851166
0.814961	2.246373	-98.791432
0.815566	2.226933	-96.652802
0.816172	2.206278	-94.433647
0.816777	2.132771	-92.086522
0.817383	2.052581	-89.450378
0.817988	2.030104	-86.991007
0.818594	1.969355	-84.333987
0.819199	1.829023	-81.334536
0.819805	1.842388	-78.536801
0.820410	1.725749	-75.660983
0.821016	1.679579	-72.517294
0.821621	1.565978	-69.367911
0.822227	1.513733	-66.122550
0.822832	1.361859	-62.796394
0.823438	1.289567	-59.397306
0.824043	1.288352	-55.941281
0.824648	1.181433	-52.468447
0.825254	1.151666	-48.791184
0.825859	0.987642	-45.196344
0.826465	0.933575	-41.621566
0.827070	0.836375	-37.660708
0.827676	0.744644	-33.904548
0.828281	0.717914	-30.183364
0.828887	0.593985	-26.253956
0.829492	0.550245	-22.328072
0.830098	0.493748	-18.434452
0.830703	0.347342	-14.519414
0.831309	0.276265	-10.523309
0.831914	0.219768	-6.599052
0.832520	0.112848	-2.608370
0.833125	0.075184	1.337306
0.833730	-0.085803	5.383027
0.834336	-0.181180	9.275020
0.834941	-0.153842	13.200090
0.835547	-0.310576	17.330401
0.836152	-0.433898	21.025829
0.836758	-0.427823	24.942494
0.837363	-0.535349	28.891694
0.837969	-0.538387	32.738139
0.838574	-0.752225	36.457696
0.839180	-0.746150	40.216296
0.839785	-0.823910	43.926636
0.840391	-0.943586	47.563771
0.840996	-1.027421	51.138006
0.841602	-0.984896	54.709259
0.842207	-1.094245	58.155523
0.842812	-1.159855	61.378381
0.843418	-1.277709	64.864500
0.844023	-1.337243	68.103625
0.844629	-1.334206	71.094943
0.845234	-1.396778	74.314005
0.845840	-1.443555	77.340568
0.846445	-1.491547	80.225062
0.847051	-1.528605	83.034184
0.847656	-1.663469	85.700422
0.848262	-1.657394	88.285595
0.848867	-1.678048	90.813289
0.849473	-1.811090	93.183460
0.850078	-1.788613	95.571525
0.850684	-1.822632	97.640748
0.851289	-1.857260	99.706988
0.851895	-1.918009	101.758859
0.852500	-1.896139	103.389944
0.853105	-1.899784	105.076881
0.853711	-1.987871	106.779814
0.854316	-2.037686	108.220028
0.854922	-2.029788	109.537693
0.855527	-1.978151	110.792187
0.856133	-2.054088	111.824900
0.856738	-2.028573	112.743741
0.857344	-2.047406	113.577720
0.857949	-2.068061	114.260141
0.858555	-2.086893	114.720510
0.859160	-2.029788	115.059416
0.859766	-2.089930	115.507856
0.860371	-1.959319	115.597869
0.860977	-2.046191	115.452818
0.861582	-2.013993	115.596243
0.862187	-2.007311	115.216668
0.862793	-2.007919	114.800492
0.863398	-1.995161	114.295387
0.864004	-1.955674	113.595886
0.864609	-1.933804	112.805829
0.865215	-1.920439	111.844421
0.865820	-1.912542	110.806014
0.866426	-1.878522	109.622013
0.867031	-1.856045	108.180715
0.867637	-1.837820	106.814247
0.868242	-1.811090	105.286731
0.868848	-1.759453	103.355511
0.869453	-1.666506	101.802781
0.870059	-1.692628	99.869934
0.870664	-1.632486	97.712054
0.871270	-1.572344	95.653947
0.871875	-1.557157	93.361047
0.872480	-1.487295	90.992774
0.873086	-1.455705	88.479720
0.873691	-1.382806	85.902953
0.874297	-1.361543	83.179506
0.874902	-1.283784	80.361709
0.875508	-1.278316	77.472334
0.876113	-1.188407	74.649114
0.876719	-1.219997	71.334346
0.877324	-1.145275	68.282297
0.877930	-1.089993	65.266307
0.878535	-1.014056	61.759040
0.879141	-0.923539	58.458641
0.879746	-0.845172	55.006412
0.880352	-0.840920	51.503753
0.880957	-0.745543	47.896170
0.881563	-0.692691	44.291027
0.882168	-0.633156	40.624610
0.882773	-0.593669	36.868721
0.883379	-0.521985	33.096294
0.883984	-0.418710	29.377821
0.884590	-0.385298	25.464951
0.885195	-0.291136	21.460984
0.885801	-0.179357	17.847165
0.886406	-0.179965	13.767553
0.887012	-0.114355	9.738642
0.887617	-0.014118	5.842312
0.888223	-0.026268	1.917241
0.888828	0.168738	-2.011353
0.889434	0.117708	-6.045958
0.890039	0.207618	-9.960997
0.890645	0.312107	-13.917788
0.891250	0.366174	-17.840961
0.891855	0.425101	-21.799650
0.892461	0.484636	-25.616813
0.893066	0.522908	-29.712149
0.893672	0.591555	-33.348201
0.894277	0.645014	-37.068572
0.894883	0.764083	-40.958125
0.895488	0.868573	-44.588754
0.896094	1.024699	-48.153499
0.896699	1.045961	-51.778163
0.897305	1.058719	-55.324744
0.897910	1.138301	-58.816286
0.898516	1.228818	-62.218628
0.899121	1.289567	-65.517129
0.899727	1.350924	-68.815359
0.900332	1.361252	-71.863884
0.900937	1.446908	-75.081319
0.901543	1.574483	-78.122252
0.902148	1.596960	-80.791473
0.902754	1.659532	-83.822646
0.903359	1.789536	-86.577271
0.903965	1.790751	-89.090596
0.904570	1.890988	-91.576537
0.905176	1.903138	-94.046210
0.905781	1.963280	-96.275397
0.906387	1.990009	-98.503769
0.906992	1.988794	-100.589530
0.907598	2.107864	-102.519124
0.908203	2.161323	-104.291194
0.908809	2.195950	-105.991416
0.909414	2.254270	-107.738543
0.910020	2.284645	-109.009304
0.910625	2.303477	-110.296332
0.911230	2.390956	-111.708077
0.911836	2.451706	-112.565373
0.912441	2.429229	-113.565552
0.913047	2.469323	-114.343408
0.913652	2.480866	-115.028811
0.914258	2.472361	-115.511142
0.914863	2.537970	-115.920811
0.915469	2.527035	-116.179735
0.916074	2.569560	-116.311772
0.916680	2.580495	-116.284931
0.917285	2.575635	-116.171601
0.917891	2.567130	-115.912135
0.918496	2.575028	-115.317016
0.919102	2.590822	-114.929579
0.919707	2.653395	-114.227638
0.920312	2.615730	-113.220681
0.920918	2.536148	-112.318108
0.921523	2.533110	-111.209750
0.922129	2.575635	-109.936550
0.922734	2.476613	-108.611022
0.923340	2.489371	-107.125259
0.923945	2.508203	-105.485498
0.924551	2.440164	-103.769008
0.925156	2.364834	-101.918854
0.925762	2.384274	-100.002275
0.926367	2.324739	-97.761701
0.926973	2.404929	-95.522755
0.927578	2.302262	-93.380329
0.928184	2.137023	-90.765061
0.928789	2.113331	-88.212152
0.929395	2.033749	-85.644603
0.930000	1.980290	-82.876692
0.930605	1.966925	-80.020937
0.931211	1.937157	-77.106348
0.931816	1.795611	-74.100661
0.932422	1.714814	-70.968902
0.933027	1.688692	-67.743875
0.933633	1.593922	-64.554366
0.934238	1.582380	-61.145246
0.934844	1.417749	-57.661295
0.935449	1.378261	-54.379061
0.936055	1.318119	-50.603923
0.936660	1.200873	-46.924221
0.937266	1.062971	-43.374116
0.937871	1.069046	-39.627717
0.938477	0.976707	-35.847969
0.939082	0.856423	-32.058190
0.939688	0.802963	-28.210390
0.940293	0.720951	-24.339816
0.940898	0.621930	-20.436707
0.941504	0.498000	-16.549594
0.942109	0.417811	-12.652992
0.942715	0.339444	-8.585311
0.943320	0.333369	-4.709585
0.943926	0.190608	-0.792377
0.944531	0.058174	3.413578
0.945137	0.007144	7.334581
0.945742	-0.079120	11.246908
0.946348	-0.169637	15.242742
0.946953	-0.208517	19.193298
0.947559	-0.325156	23.034320
0.948164	-0.371326	26.919806
0.948770	-0.495255	30.737782
0.949375	-0.596706	34.543828
0.949980	-0.600351	38.278840
0.950586	-0.721851	42.031475
0.951191	-0.823302	45.763776
0.951797	-0.836667	49.114875
0.952402	-0.931436	52.891369
0.953008	-1.039571	56.436594
0.953613	-1.107610	59.741602
0.954219	-1.143452	63.106800
0.954824	-1.245512	66.411808
0.955430	-1.370656	69.614060
0.956035	-1.285606	72.713556
0.956641	-1.395563	75.771028
0.957246	-1.413788	78.740655
0.957852	-1.507950	81.551675
0.958457	-1.532250	84.268071
0.959063	-1.621551	86.987451
0.959668	-1.635524	89.447364
0.960273	-1.699311	91.860644
0.960879	-1.809875	94.430633
0.961484	-1.731508	96.564926
0.962090	-1.797725	98.724704
0.962695	-1.801978	100.751089
0.963301	-1.913149	102.534817
0.963906	-1.879129	104.286011
0.964512	-1.913757	105.920078
0.965117	-1.968431	107.454643
0.965723	-1.958104	108.892146
0.966328	-1.940487	110.086992
0.966934	-1.995769	111.264486
0.967539	-2.021283	112.285541
0.968145	-2.038901	112.908043
0.968750	-2.068668	113.880567
0.969355	-2.085070	114.523945
0.969961	-2.057733	114.865562
0.970566	-2.055911	115.264928
0.971172	-2.048013	115.509754
0.971777	-2.073528	115.543102
0.972383	-2.010349	115.522768
0.972988	-2.035256	115.330812
0.973594	-2.028573	114.971029
0.974199	-1.965394	114.525301
0.974805	-1.991516	113.869450
0.975410	-2.004881	113.194893
0.976016	-1.959926	112.190376
0.976621	-1.959319	111.195078
0.977227	-1.839035	110.314736
0.977832	-1.906467	108.888079
0.978437	-1.877307	107.468471
0.979043	-1.844502	106.032595
0.979648	-1.799548	104.415337
0.980254	-1.804408	102.632964
0.980859	-1.749125	100.777388
0.981465	-1.737583	98.807397
0.982070	-1.707816	96.669037
0.982676	-1.629449	94.508175
0.983281	-1.589354	92.161592
0.983887	-1.567484	89.778949
0.984492	-1.513417	87.102679
0.985098	-1.390703	84.528893
0.985703	-1.393741	81.871602
0.986309	-1.345141	78.863475
0.986914	-1.314159	76.047846
0.987520	-1.275886	73.074152
0.988125	-1.196305	69.971945
0.988730	-1.174435	66.714383
0.989336	-1.135555	63.483934
0.989941	-1.056581	60.113856
0.990547	-0.990971	56.740524
0.991152	-0.949661	53.225666
0.991758	-0.847602	49.773165
0.992363	-0.873724	46.040594
0.992969	-0.722458	42.326730
0.993574	-0.723066	38.833561
0.994180	-0.712738	34.943195
0.994785	-0.582127	31.145011
0.995391	-0.504367	27.453108
0.995996	-0.382261	23.609104
0.996602	-0.370718	19.677255
0.997207	-0.319689	15.747847
0.997812	-0.223704	11.821964
0.998418	-0.166600	7.845922
0.999023	-0.028091	3.928172
0.999629	0.021724	-0.064950
1.000234	0.090978	-3.946912
1.000840	0.155373	-8.053364
1.001445	0.334584	-11.946171
1.002051	0.253787	-15.791801
1.002656	0.415381	-19.913708
1.003262	0.496178	-23.692913
1.003867	0.542955	-27.520107
1.004473	0.672352	-31.392037
1.005078	0.731279	-35.224654
1.005684	0.778663	-38.956954
1.006289	0.901377	-42.640724
1.006895	0.943902	-46.321240
1.007500	1.033204	-49.928009
1.008105	1.130403	-53.456967
1.008711	1.137693	-57.020899
1.009316	1.212415	-60.574529
1.009922	1.312652	-63.744517
1.010527	1.318727	-67.239855
1.011133	1.494901	-70.420146
1.011738	1.468778	-73.346935
1.012344	1.590885	-76.361298
1.012949	1.685654	-79.413889
1.013555	1.770096	-82.257986
1.014160	1.810798	-85.056805
1.014766	1.890380	-87.727653
1.015371	1.887343	-90.349698
1.015977	1.972392	-92.758640
1.016582	1.994262	-95.159990
1.017187	2.131556	-97.460482
1.017793	2.155856	-99.465448
1.018398	2.240298	-101.469872
1.019004	2.346609	-103.518218
1.019609	2.321094	-105.150930
1.020215	2.341142	-106.680615
1.020820	2.441379	-108.269676
1.021426	2.531895	-109.642651
1.022031	2.485726	-110.933475
1.022637	2.519746	-112.020142
1.023242	2.565308	-113.039841
1.023848	2.576243	-113.927232
1.024453	2.574420	-114.652761
1.025059	2.624235	-115.311323
1.025664	2.667367	-115.817241
1.026270	2.609047	-116.050950
1.026875	2.623020	-116.406937
1.027480	2.672227	-116.424560
1.028086	2.619982	-116.102464
1.028691	2.613907	-115.972053
1.029297	2.677694	-115.657820
1.029902	2.658862	-115.135905
1.030508	2.678302	-114.488460
1.031113	2.625450	-113.778927
1.031719	2.581710	-112.870117
1.032324	2.599935	-111.793753
1.032930	2.572598	-110.647167
1.033535	2.581710	-109.425480
1.034141	2.547083	-107.854855
1.034746	2.482688	-106.384547
1.035352	2.460211	-104.845373
1.035957	2.556195	-102.794044
1.036563	2.379414	-100.899697
1.037168	2.350862	-98.941907
1.037773	2.267027	-96.789991
1.038379	2.215390	-94.469436
1.038984	2.178333	-92.119599
1.039590	2.139453	-89.680021
1.040195	2.113939	-87.017578
1.040801	1.999729	-84.371402
1.041406	1.907390	-81.608100
1.042012	1.841781	-78.713575
1.042617	1.730609	-75.668032
1.043223	1.695374	-72.765373
1.043828	1.675934	-69.593216
1.044434	1.551398	-66.106825
1.045039	1.458451	-62.949851
1.045645	1.403169	-59.491386
1.046250	1.284707	-56.070336
1.046855	1.255547	-52.551411
1.047461	1.192975	-48.967415
1.048066	1.111571	-45.252467
1.048672	0.991894	-41.597979
1.049277	0.906237	-37.835583
1.049883	0.829693	-34.109790
1.050488	0.725811	-30.202885
1.051094	0.620715	-26.373250
1.051699	0.487066	-22.694904
1.052305	0.413559	-18.551036
1.052910	0.358884	-14.607800
1.053516	0.309069	-10.778166
1.054121	0.197290	-6.754949
1.054727	0.100698	-2.739052
1.055332	0.024154	1.181680
1.055937	-0.043886	5.189172
1.056543	-0.135617	9.205612
1.057148	-0.234032	13.121735
1.057754	-0.271089	17.072833
1.058359	-0.396233	20.964555
1.058965	-0.453338	24.904537
1.059570	-0.562687	28.590204
1.060176	-0.570584	32.546725
1.060781	-0.678718	36.417299
1.061387	-0.742505	39.999125
1.061992	-0.795965	43.783753
1.062598	-0.881622	47.436072
1.063203	-0.924754	51.050975
1.063809	-1.016486	54.530046
1.064414	-1.032281	58.045447
1.065020	-1.145275	61.376754
1.065625	-1.161070	64.738156
1.066230	-1.250979	67.956676
1.066836	-1.315981	71.160284
1.067441	-1.393741	74.199861
1.068047	-1.410750	77.071070
1.068652	-1.483042	80.157552
1.069258	-1.524352	82.838974
1.069863	-1.504305	85.491385
1.070469	-1.592392	88.194226
1.071074	-1.521922	90.785092
1.071680	-1.681086	93.126253
1.072285	-1.707816	95.446537
1.072891	-1.706601	97.668674
1.073496	-1.712068	99.689907
1.074102	-1.664076	101.640377
1.074707	-1.780715	103.430342
1.075312	-1.834782	105.176113
1.075918	-1.840857	106.602228
1.076523	-1.897354	108.165532
1.077129	-1.829922	109.582429
1.077734	-1.882167	110.544650
1.078340	-1.888849	111.794263
1.078945	-1.891887	112.752417
1.079551	-1.913757	113.524851
1.080156	-1.920439	114.214592
1.080762	-1.946561	114.725662
1.081367	-1.859082	115.176542
1.081973	-1.892494	115.463392
1.082578	-1.927122	115.590007
1.083184	-1.925907	115.597869
1.083789	-1.904644	115.374463
1.084395	-1.874270	115.141838
1.085000	-1.900999	114.850650
1.085605	-1.797725	114.139762
1.086211	-1.848755	113.509939
1.086816	-1.903429	112.833483
1.087422	-1.814127	111.842252
1.088027	-1.939272	110.723321
1.088633	-1.806230	109.645059
1.089238	-1.723003	108.275337
1.089844	-1.737583	106.850307
1.090449	-1.713891	105.275886
1.091055	-1.699311	103.569971
1.091660	-1.711461	101.733915
1.092266	-1.648281	99.694788
1.092871	-1.651926	97.844905
1.093477	-1.642206	95.550649
1.094082	-1.506127	93.242565
1.094688	-1.534072	91.097157
1.095293	-1.552297	88.527167
1.095898	-1.457528	85.893192
1.096504	-1.464210	83.218006
1.097109	-1.433835	80.428948
1.097715	-1.341496	77.573193
1.098320	-1.261307	74.575911
1.098926	-1.257662	71.567784
1.099531	-1.174435	68.374750
1.100137	-1.215744	65.041816
1.100742	-1.127658	61.809198
1.101348	-1.098498	58.467859
1.101953	-0.860360	54.913145
1.102559	-0.936904	51.495891
1.103164	-0.899239	48.023056
1.103770	-0.854892	44.265812
1.104375	-0.837882	40.583941
1.104980	-0.670821	36.906407
1.105586	-0.626474	33.197966
1.106191	-0.552967	29.326849
1.106797	-0.521377	25.527310
1.107402	-0.412635	21.623658
1.108008	-0.364643	17.737901
1.108613	-0.255294	13.783821
1.109219	-0.189077	9.907011
1.109824	-0.125290	5.895723
1.110430	-0.037203	1.814214
1.111035	-0.038418	-1.882298
1.111641	0.029621	-5.976550
1.112246	0.109811	-9.887793
1.112852	0.193645	-13.834282
1.113457	0.316967	-17.709736
1.114062	0.391689	-21.665986
1.114668	0.391081	-25.613559
1.115273	0.502253	-29.425842
1.115879	0.634687	-33.299941
1.116484	0.679642	-37.136624
1.117090	0.778056	-40.818767
1.117695	0.823011	-44.409269
1.118301	0.846095	-48.339220
1.118906	0.983389	-51.672967
1.119512	1.077551	-55.147699
1.120117	1.132226	-58.811406
1.120723	1.192368	-62.134037
1.121328	1.312652	-65.402443
1.121934	1.439619	-68.678441
1.122539	1.427469	-71.881236
1.123145	1.638270	-74.876891
1.123750	1.598175	-77.937616
1.124355	1.719674	-80.853561
1.124961	1.785283	-83.694675
1.125566	1.808368	-86.346544
1.126172	1.864258	-89.091680
1.126777	1.979075	-91.612325
1.127383	2.006412	-93.813314
1.127988	2.036179	-96.261027
1.128594	2.107256	-98.444664
1.129199	2.227540	-100.427940
1.129805	2.237868	-102.367294
1.130410	2.329599	-104.266793
1.131016	2.389741	-105.950205
1.131621	2.384274	-107.528150
1.132227	2.433481	-108.955892
1.132832	2.486941	-110.305550
1.133438	2.571383	-111.440749
1.134043	2.544653	-112.498948
1.134648	2.593252	-113.663699
1.135254	2.740266	-114.238754
1.135859	2.743911	-114.948558
1.136465	2.697134	-115.677341
1.137070	2.743304	-115.903730
1.137676	2.753024	-116.169161
1.138281	2.827746	-116.267850
1.138887	2.705639	-116.316381
1.139492	2.831998	-116.100566
1.140098	2.798586	-115.829984
1.140703	2.785829	-115.433600
1.141309	2.769426	-114.896502
1.141914	2.794333	-114.096142
1.142520	2.777324	-113.442190
1.143125	2.684377	-112.402970
1.143730	2.709892	-111.194839
1.144336	2.695919	-110.190593
1.144941	2.647320	-108.691274
1.145547	2.654002	-107.137460
1.146152	2.644282	-105.532402
1.146758	2.568345	-103.817539
1.147363	2.483296	-101.949491
1.147969	2.514886	-99.984652
1.148574	2.363619	-97.915971
1.149180	2.363012	-95.702782
1.149785	2.260345	-93.357825
1.150391	2.259737	-90.978707
1.150996	2.193520	-88.504696
1.151602	2.151603	-85.666564
1.152207	2.003374	-83.154053
1.152813	1.955990	-80.335984
1.153418	1.849678	-77.208833
1.154023	1.831453	-74.229174
1.154629	1.736076	-71.152182
1.155234	1.674719	-67.904923
1.155840	1.587240	-64.604524
1.156445	1.500368	-61.321477
1.157051	1.407421	-57.866808
1.157656	1.345457	-54.364149
1.158262	1.222135	-50.804555
1.158867	1.118861	-47.294306
1.159473	1.054466	-43.565258
1.160078	1.013764	-39.771141
1.160684	0.871003	-36.230797
1.161289	0.819366	-32.243639
1.161895	0.776841	-28.283865
1.162500	0.544170	-24.546955
1.163105	0.477346	-20.664723
1.163711	0.433606	-16.662111
1.164316	0.312107	-12.773100
1.164922	0.257432	-8.827425
1.165527	0.185748	-4.845418
1.166133	0.077614	-0.834131
1.166738	-0.046316	3.114798
1.167344	-0.097345	6.961243
1.167949	-0.199404	11.107279
1.168555	-0.305109	14.940167
1.169160	-0.282631	18.809386
1.169766	-0.477637	22.855377
1.170371	-0.512265	26.734899
1.170977	-0.562687	30.495938
1.171582	-0.651381	34.344552
1.172187	-0.761338	38.108303
1.172793	-0.755870	41.853888
1.173398	-0.831807	45.546605
1.174004	-0.944801	49.131685
1.174609	-1.010411	52.708360
1.175215	-1.020738	56.136459
1.175820	-1.145882	59.565642
1.176426	-1.188407	63.069656
1.177031	-1.245512	66.119265
1.177637	-1.282569	69.421291
1.178242	-1.356076	72.723859
1.178848	-1.397386	75.637364
1.179453	-1.395563	78.625698
1.180059	-1.479397	81.465728
1.180664	-1.524960	84.248008
1.181270	-1.559587	86.835621
1.181875	-1.656786	89.366026
1.182480	-1.692628	91.882333
1.183086	-1.654964	94.234881
1.183691	-1.707816	96.436413
1.184297	-1.746088	98.670479
1.184902	-1.780715	100.526598
1.185508	-1.783145	102.354248
1.186113	-1.845110	104.334542
1.186719	-1.870017	105.901642
1.187324	-1.858475	107.381982
1.187930	-1.891279	108.789932
1.188535	-1.927122	110.116002
1.189141	-1.882167	111.208905
1.189746	-1.874270	112.258157
1.190352	-1.854222	113.127654
1.190957	-1.899177	113.875686
1.191563	-1.877307	114.385943
1.192168	-1.909504	114.913822
1.192773	-1.962964	115.318340
1.193379	-1.940487	115.341114
1.193984	-1.848755	115.647214
1.194590	-1.921047	115.625253
1.195195	-1.928944	115.325389
1.195801	-1.888849	115.009529
1.196406	-1.860905	114.542110
1.197012	-1.885812	113.908763
1.197617	-1.882774	113.168322
1.198223	-1.845110	112.349797
1.198828	-1.831137	111.386221
1.199434	-1.786183	110.226621
1.200039	-1.736368	108.946371
1.200645	-1.770388	107.638195
1.201250	-1.714498	106.055098
1.201855	-1.679871	104.352436
1.202461	-1.757023	102.823836
1.203066	-1.645851	100.818870
1.203672	-1.622766	98.750190
1.204277	-1.599074	96.792670
1.204883	-1.510987	94.566738
1.205488	-1.490332	92.228017
1.206094	-1.475752	89.790608
1.206699	-1.441733	87.274843
1.207305	-1.390096	84.607791
1.207910	-1.340281	81.847200
1.208516	-1.322056	79.087423
1.209121	-1.209669	76.127828
1.209727	-1.199950	72.975463
1.210332	-1.044431	70.134891
1.210937	-1.142845	66.839914
1.211543	-1.019523	63.428083
1.212148	-0.944801	60.201971
1.212754	-0.912604	56.825657
1.213359	-0.904099	53.349027
1.213965	-0.802040	49.778317
1.214570	-0.766805	46.224958
1.215176	-0.732785	42.551221
1.215781	-0.576659	38.917067
1.216387	-0.602174	35.080926
1.216992	-0.504975	31.411797
1.217598	-0.428430	27.424639
1.218203	-0.363428	23.611815
1.218809	-0.371326	19.855655
1.219414	-0.249219	15.698231
1.220020	-0.115570	11.869953
1.220625	-0.091270	7.951661
1.221230	-0.048746	4.003003
1.221836	0.025369	0.034010
1.222441	0.148083	-3.931729
1.223047	0.180280	-7.877404
1.223652	0.318789	-11.815489
1.224258	0.295097	-15.793428
1.224863	0.402016	-19.660749
1.225469	0.474308	-23.609136
1.226074	0.601882	-27.597649
1.226680	0.632864	-31.266235
1.227285	0.654127	-35.205675
1.227891	0.831515	-38.985422
1.228496	0.911705	-42.532003
1.229102	0.946940	-46.227159
1.229707	1.061149	-49.862668
1.230312	1.090309	-53.418738
1.230918	1.150451	-56.956642
1.231523	1.245827	-60.389893
1.232129	1.352747	-63.725809
1.232734	1.389196	-67.059286
1.233340	1.448123	-70.204330
1.233945	1.531958	-73.467314
1.234551	1.581165	-76.505265
1.235156	1.659532	-79.310049
1.235762	1.663784	-82.426354
1.236367	1.860613	-85.086086
1.236973	1.895240	-87.666379
1.237578	1.888558	-90.322044
1.238184	1.999122	-92.784668
1.238789	2.096929	-95.078653
1.239395	2.120013	-97.340374
