LabVIEW Measurement	
Writer_Version	2
Reader_Version	2
Separator	Tab
Decimal_Separator	.
Multi_Headings	No
X_Columns	One
Time_Pref	Absolute
Operator	AlunosGDS-JT
Date	2019/10/09
Time	15:19:08.4651639249999940857
***End_of_Header***	
	
Channels	2		
Samples	2048	2048	
Date	2019/10/09	2019/10/09	
Time	15:37:45.9322147062499860971	15:37:45.9322147062499860971	
Y_Unit_Label	g	Newtons	
X_Dimension	Time	Time	
X0	0.0000000000000000E+0	0.0000000000000000E+0	
Delta_X	0.000605	0.000605	
***End_of_Header***			
X_Value	Acceleration (Trigger)	Force (Trigger)	Comment
0.000000	-0.340951	-2.075610
0.000605	0.100091	-7.552055
0.001211	0.380754	-13.041514
0.001816	0.767121	-18.770918
0.002422	1.242790	-24.366929
0.003027	1.528920	-29.892176
0.003633	1.854538	-35.279963
0.004238	2.195950	-40.630606
0.004844	2.513671	-45.972031
0.005449	2.922515	-51.129634
0.006055	3.226263	-56.106125
0.006660	3.534263	-60.986909
0.007266	3.914555	-65.938728
0.007871	4.249285	-70.303020
0.008477	4.569435	-74.659449
0.009082	4.900520	-79.114839
0.009687	5.146556	-83.064853
0.010293	5.448481	-86.864934
0.010898	5.655637	-90.508848
0.011504	5.897421	-93.893025
0.012109	6.175046	-97.018549
0.012715	6.430802	-99.976247
0.013320	6.673192	-102.638961
0.013926	6.894321	-105.071219
0.014531	7.024325	-107.258110
0.015137	7.238163	-109.076814
0.015742	7.358447	-110.861084
0.016348	7.496956	-112.329766
0.016953	7.616633	-113.182724
0.017559	7.655513	-113.953260
0.018164	7.804349	-114.629444
0.018770	7.832901	-114.910329
0.019375	7.965335	-114.794017
0.019980	8.001785	-114.468125
0.020586	8.057675	-113.912049
0.021191	8.021225	-113.035774
0.021797	7.877856	-111.882953
0.022402	7.874211	-110.469852
0.023008	7.765469	-108.887569
0.023613	7.742384	-106.893719
0.024219	7.617848	-104.448989
0.024824	7.506069	-102.008325
0.025430	7.444712	-99.500694
0.026035	7.243023	-96.313083
0.026641	7.071102	-93.009159
0.027246	6.877918	-89.565335
0.027852	6.699315	-85.939857
0.028457	6.399212	-82.028886
0.029062	6.143456	-77.942225
0.029668	5.844568	-73.728950
0.030273	5.612505	-69.251057
0.030879	5.313617	-64.623503
0.031484	5.046319	-59.741905
0.032090	4.772339	-54.872508
0.032695	4.460086	-49.912284
0.033301	4.083439	-44.461867
0.033906	3.695857	-39.187952
0.034512	3.360519	-33.933830
0.035117	2.999667	-28.456300
0.035723	2.667974	-22.852156
0.036328	2.265812	-17.232557
0.036934	1.930475	-11.602656
0.037539	1.519200	-5.950251
0.038145	1.133441	-0.275885
0.038750	0.767728	5.497712
0.039355	0.337622	11.055766
0.039961	-0.011688	16.614903
0.040566	-0.444833	22.303910
0.041172	-0.837275	27.739415
0.041777	-1.154995	33.102801
0.042383	-1.526175	38.767406
0.042988	-1.952029	44.018818
0.043594	-2.238159	49.130058
0.044199	-2.715043	54.204154
0.044805	-2.985986	59.146484
0.045410	-3.351699	63.900110
0.046016	-3.730776	68.472897
0.046621	-4.050318	72.929914
0.047227	-4.315794	77.208530
0.047832	-4.639589	81.294377
0.048438	-4.886232	85.096899
0.049043	-5.148670	88.776331
0.049648	-5.425081	92.477994
0.050254	-5.677191	95.522181
0.050859	-5.898927	98.400168
0.051465	-6.124308	101.303098
0.052070	-6.357586	103.858176
0.052676	-6.555630	106.047778
0.053281	-6.660727	108.037290
0.053887	-6.800451	109.802040
0.054492	-6.929847	111.285091
0.055098	-7.015504	112.452282
0.055703	-7.037981	113.350518
0.056309	-7.166770	113.993083
0.056914	-7.185603	114.505509
0.057520	-7.211725	114.390823
0.058125	-7.187425	114.211881
0.058730	-7.206258	113.989830
0.059336	-7.188033	113.206280
0.059941	-7.094478	112.065930
0.060547	-7.040411	110.884369
0.061152	-7.047701	109.334621
0.061758	-6.907370	107.506428
0.062363	-6.792553	105.474892
0.062969	-6.690494	103.129665
0.063574	-6.489413	100.596277
0.064180	-6.290762	97.746758
0.064785	-6.139496	94.656751
0.065391	-5.920797	91.360419
0.065996	-5.745231	88.021249
0.066602	-5.434801	84.094823
0.067207	-5.211242	80.227773
0.067812	-4.947589	76.281555
0.068418	-4.616504	71.916450
0.069023	-4.388086	67.359389
0.069629	-4.044243	62.729123
0.070234	-3.742318	58.026739
0.070840	-3.442215	53.008766
0.071445	-3.007856	47.954462
0.072051	-2.685276	42.738568
0.072656	-2.320779	37.536772
0.073262	-1.956889	32.221646
0.073867	-1.552904	26.535893
0.074473	-1.160462	21.102286
0.075078	-0.880407	15.645904
0.075684	-0.410205	9.788801
0.076289	-0.014726	4.210142
0.076895	0.341267	-1.375295
0.077500	0.750111	-7.007637
0.078105	1.141338	-12.666277
0.078711	1.536818	-18.312175
0.079316	1.962672	-23.880802
0.079922	2.304692	-29.370803
0.080527	2.633347	-34.840199
0.081133	3.029434	-40.218226
0.081738	3.387857	-45.447134
0.082344	3.742026	-50.601483
0.082949	4.081616	-55.830933
0.083555	4.428496	-60.626584
0.084160	4.705514	-65.138639
0.084766	5.079732	-69.894706
0.085371	5.361610	-74.354976
0.085977	5.700592	-78.576114
0.086582	5.919898	-82.644338
0.087188	6.186588	-86.538772
0.087793	6.427157	-90.203020
0.088398	6.631883	-93.621901
0.089004	6.892498	-96.737393
0.089609	7.090542	-99.741995
0.090215	7.303773	-102.578229
0.090820	7.447142	-104.918305
0.091426	7.626353	-106.977225
0.092031	7.740562	-109.187161
0.092637	7.852341	-110.843461
0.093242	7.914306	-112.069486
0.093848	8.011505	-113.210921
0.094453	8.058282	-114.093431
0.095059	8.047347	-114.698581
0.095664	8.094124	-114.927410
0.096270	8.042487	-114.919548
0.096875	8.025477	-114.623209
0.097480	7.993888	-114.043544
0.098086	7.947110	-113.125245
0.098691	7.823181	-112.004417
0.099297	7.755142	-110.811468
0.099902	7.686495	-108.988969
0.100508	7.461722	-106.857388
0.101113	7.280688	-104.771356
0.101719	7.211433	-102.301682
0.102324	6.996380	-99.611313
0.102930	6.836609	-96.554113
0.103535	6.598470	-93.385209
0.104141	6.352435	-90.006726
0.104746	6.110044	-86.345189
0.105352	5.873121	-82.434217
0.105957	5.551148	-78.364366
0.106563	5.314832	-74.248424
0.107168	5.000150	-69.720102
0.107773	4.724347	-64.957257
0.108379	4.369569	-60.398569
0.108984	4.194611	-55.411504
0.109590	3.800346	-50.235736
0.110195	3.436456	-45.047767
0.110801	3.130279	-39.753518
0.111406	2.688629	-34.399622
0.112012	2.366657	-28.868681
0.112617	1.969355	-23.371359
0.113223	1.672897	-17.746067
0.113828	1.271342	-12.139753
0.114434	0.961520	-6.413332
0.115039	0.522300	-0.717005
0.115645	0.235562	4.791704
0.116250	-0.149590	10.675378
0.116855	-0.566939	16.376856
0.117461	-0.865827	21.781182
0.118066	-1.228502	27.434671
0.118672	-1.584494	32.920334
0.119277	-1.916187	38.335776
0.119883	-2.260029	43.653613
0.120488	-2.609339	48.838328
0.121094	-2.897899	53.940079
0.121699	-3.240527	58.837130
0.122305	-3.586192	63.590757
0.122910	-3.886902	68.242712
0.123516	-4.174855	72.815228
0.124121	-4.476780	77.020912
0.124727	-4.654776	80.937577
0.125332	-4.869830	85.079818
0.125938	-5.120118	88.845196
0.126543	-5.363116	92.232626
0.127148	-5.621302	95.435421
0.127754	-5.731259	98.509702
0.128359	-5.930517	101.266497
0.128965	-6.107298	103.793649
0.129570	-6.268285	106.063232
0.130176	-6.339969	108.100733
0.130781	-6.483338	109.850300
0.131387	-6.536798	111.275602
0.131992	-6.630959	112.454451
0.132598	-6.680774	113.595072
0.133203	-6.762178	114.235197
0.133809	-6.750029	114.436372
0.134414	-6.791338	114.773922
0.135020	-6.784656	114.633751
0.135625	-6.774328	114.105600
0.136230	-6.621847	113.426433
0.136836	-6.691709	112.456891
0.137441	-6.578715	111.181250
0.138047	-6.469366	109.631502
0.138652	-6.329034	107.832049
0.139258	-6.190525	105.741136
0.139863	-6.082998	103.516830
0.140469	-5.897712	100.761120
0.141074	-5.738548	97.982094
0.141680	-5.444521	95.172430
0.142285	-5.329704	91.760870
0.142891	-5.015021	88.201547
0.143496	-4.847960	84.471415
0.144102	-4.573372	80.687058
0.144707	-4.308504	76.550240
0.145313	-4.009616	72.189201
0.145918	-3.745963	67.687720
0.146523	-3.400298	63.113578
0.147129	-3.098980	58.308438
0.147734	-2.790980	53.370717
0.148340	-2.430735	48.203354
0.148945	-2.116660	43.189448
0.149551	-1.865765	37.825249
0.150156	-1.458743	32.262044
0.150762	-1.129480	27.068382
0.151367	-0.818442	21.548828
0.151973	-0.470347	15.839216
0.152578	-0.071830	10.225582
0.153184	0.318182	4.535491
0.153789	0.637117	-1.081125
0.154395	0.942080	-6.781790
0.155000	1.319942	-12.422808
0.155605	1.661962	-18.089040
0.156211	2.017347	-23.574432
0.156816	2.302262	-29.215178
0.157422	2.694097	-34.768351
0.158027	2.969292	-39.959031
0.158633	3.319817	-45.345733
0.159238	3.610200	-50.654623
0.159844	3.921845	-55.580685
0.160449	4.214051	-60.456318
0.161055	4.528126	-65.257663
0.161660	4.798461	-69.850784
0.162266	5.071227	-74.320543
0.162871	5.370114	-78.547104
0.163477	5.535961	-82.674976
0.164082	5.766809	-86.648306
0.164687	6.016490	-90.223896
0.165293	6.141026	-93.618647
0.165898	6.345145	-97.000655
0.166504	6.639780	-99.903585
0.167109	6.641603	-102.385188
0.167715	6.860301	-104.960872
0.168320	6.962968	-107.299863
0.168926	7.064419	-109.114771
0.169531	7.201713	-110.803064
0.170137	7.217508	-112.233517
0.170742	7.339007	-113.355972
0.171348	7.346297	-114.219233
0.171953	7.354802	-114.821672
0.172559	7.349942	-115.082765
0.173164	7.366952	-115.157595
0.173770	7.405832	-114.856918
0.174375	7.346297	-114.121086
0.174980	7.336577	-113.501837
0.175586	7.298913	-112.380195
0.176191	7.145824	-110.781916
0.176797	7.119094	-109.127785
0.177402	7.007315	-107.228286
0.178008	6.862123	-105.016181
0.178613	6.736372	-102.542170
0.179219	6.618518	-99.785646
0.179824	6.475149	-96.813850
0.180430	6.302013	-93.632203
0.181035	6.138596	-90.158827
0.181641	5.915038	-86.473431
0.182246	5.707274	-82.783968
0.182852	5.439976	-78.564456
0.183457	5.191511	-74.199893
0.184062	4.929680	-69.913685
0.184668	4.684252	-65.233804
0.185273	4.416347	-60.380132
0.185879	4.152693	-55.431567
0.186484	3.938855	-50.330087
0.187090	3.558563	-45.201495
0.187695	3.219580	-39.890165
0.188301	2.893963	-34.566363
0.188906	2.590215	-29.034880
0.189512	2.263990	-23.559791
0.190117	1.965710	-17.883256
0.190723	1.628550	-12.196419
0.191328	1.374616	-6.693946
0.191934	1.041101	-0.840095
0.192539	0.663239	4.973086
0.193145	0.351594	10.564759
0.193750	0.005322	16.190865
0.194355	-0.335483	21.825104
0.194961	-0.680541	27.370686
0.195566	-0.997046	32.844148
0.196172	-1.312336	38.277213
0.196777	-1.641599	43.580138
0.197383	-1.953851	48.799828
0.197988	-2.247272	53.883956
0.198594	-2.571067	58.722716
0.199199	-2.851122	63.654472
0.199805	-3.170057	68.395627
0.200410	-3.473805	72.590737
0.201016	-3.715588	77.005458
0.201621	-3.973774	81.175354
0.202227	-4.221632	85.046470
0.202832	-4.526595	88.701229
0.203437	-4.700946	92.253503
0.204043	-4.916607	95.541159
0.204648	-5.145633	98.486928
0.205254	-5.327882	101.267852
0.205859	-5.545365	103.811543
0.206465	-5.706351	106.159210
0.207070	-5.822990	108.087719
0.207676	-5.956032	109.693861
0.208281	-6.064166	111.448579
0.208887	-6.145570	112.712020
0.209492	-6.211787	113.446767
0.210098	-6.297444	114.131899
0.210703	-6.336324	114.595793
0.211309	-6.418336	114.703701
0.211914	-6.401934	114.495477
0.212520	-6.412261	114.042157
0.213125	-6.462683	113.320694
0.213730	-6.401326	112.350611
0.214336	-6.319314	111.044604
0.214941	-6.246415	109.512208
0.215547	-6.188703	107.840996
0.216152	-6.140103	105.599338
0.216758	-6.022249	103.303455
0.217363	-5.944489	100.963922
0.217969	-5.792008	98.153173
0.218574	-5.644387	94.993759
0.219180	-5.449381	91.734842
0.219785	-5.313909	88.235437
0.220391	-5.109791	84.549499
0.220996	-4.914785	80.672418
0.221602	-4.689404	76.537768
0.222207	-4.474958	72.200318
0.222812	-4.239857	67.719171
0.223418	-4.009009	62.986150
0.224023	-3.762366	58.285121
0.224629	-3.405158	53.435245
0.225234	-3.115990	48.102225
0.225840	-2.835935	42.988273
0.226445	-2.512747	37.938307
0.227051	-2.207785	32.449391
0.227656	-1.854830	26.972675
0.228262	-1.592999	21.431431
0.228867	-1.196912	15.901846
0.229473	-0.871902	10.214195
0.230078	-0.574229	4.526002
0.230684	-0.204872	-1.090886
0.231289	0.129858	-6.698284
0.231895	0.494355	-12.367227
0.232500	0.889228	-18.173359
0.233105	1.256762	-23.561146
0.233711	1.553828	-28.966828
0.234316	1.900100	-34.630078
0.234922	2.294365	-39.953879
0.235527	2.602972	-45.249213
0.236133	2.946815	-50.381872
0.236738	3.286405	-55.433194
0.237344	3.562815	-60.377421
0.237949	3.928528	-65.147586
0.238555	4.239565	-69.737725
0.239160	4.560323	-74.187692
0.239766	4.901735	-78.485288
0.240371	5.155669	-82.472445
0.240977	5.447874	-86.370403
0.241582	5.712742	-90.223354
0.242187	5.899851	-93.442958
0.242793	6.261310	-96.560891
0.243398	6.461176	-99.647102
0.244004	6.706605	-102.338013
0.244609	6.890068	-104.799281
0.245215	7.099047	-106.991866
0.245820	7.291623	-108.962941
0.246426	7.438637	-110.660181
0.247031	7.557098	-112.062708
0.247637	7.720515	-113.174590
0.248242	7.796452	-114.064150
0.248848	7.929493	-114.792119
0.249453	7.988420	-114.816792
0.250059	8.054030	-114.889724
0.250664	8.066787	-114.756060
0.251270	8.092909	-114.053034
0.251875	8.044310	-113.175675
0.252480	7.992065	-112.103648
0.253086	7.972018	-110.687022
0.253691	7.920988	-109.008219
0.254297	7.865706	-107.079710
0.254902	7.742384	-104.895531
0.255508	7.652475	-102.425586
0.256113	7.489059	-99.718950
0.256719	7.346905	-96.649548
0.257324	7.176806	-93.568760
0.257930	7.017035	-90.270259
0.258535	6.728474	-86.348171
0.259141	6.555946	-82.561645
0.259746	6.361547	-78.587502
0.260352	6.068734	-74.328948
0.260957	5.761949	-69.857291
0.261562	5.467921	-65.296705
0.262168	5.255298	-60.502681
0.262773	4.893838	-55.619998
0.263379	4.601025	-50.546173
0.263984	4.318540	-45.360374
0.264590	3.940070	-40.165085
0.265195	3.656370	-34.796277
0.265801	3.256030	-29.196470
0.266406	2.853261	-23.857757
0.267012	2.585963	-18.235989
0.267617	2.186230	-12.410336
0.268223	1.802293	-6.744646
0.268828	1.400739	-1.094139
0.269434	1.016194	4.564773
0.270039	0.552068	10.270860
0.270645	0.230095	15.919740
0.271250	-0.162955	21.447428
0.271855	-0.590632	26.960474
0.272461	-0.964241	32.498736
0.273066	-1.376731	37.926107
0.273672	-1.744873	43.073949
0.274277	-2.093575	48.308551
0.274883	-2.449568	53.593582
0.275488	-2.834720	58.293526
0.276094	-3.126318	63.057998
0.276699	-3.530302	67.842533
0.277305	-3.864425	72.311479
0.277910	-4.174248	76.535870
0.278516	-4.464023	80.669435
0.279121	-4.699124	84.577153
0.279727	-4.999226	88.328704
0.280332	-5.319984	91.785000
0.280938	-5.506485	95.019245
0.281543	-5.748876	98.095695
0.282148	-6.022856	100.962566
0.282754	-6.180805	103.240283
0.283359	-6.333894	105.614250
0.283965	-6.485768	107.912031
0.284570	-6.712971	109.547725
0.285176	-6.819891	110.979805
0.285781	-6.911622	112.247583
0.286387	-6.983914	113.280568
0.286992	-7.052561	113.941298
0.287598	-7.066534	114.353950
0.288203	-7.050131	114.509304
0.288809	-7.198360	114.372115
0.289414	-7.226912	113.926115
0.290020	-7.167378	113.159646
0.290625	-7.126068	112.207728
0.291230	-7.075646	111.166339
0.291836	-6.930455	109.404029
0.292441	-6.911015	107.619216
0.293047	-6.742739	105.821389
0.293652	-6.604837	103.504901
0.294258	-6.445066	100.888278
0.294863	-6.266462	98.131212
0.295469	-6.098186	95.088652
0.296074	-5.917760	91.831633
0.296680	-5.611582	88.365306
0.297285	-5.414146	84.707835
0.297891	-5.107361	80.820452
0.298496	-4.880157	76.661130
0.299102	-4.580055	72.255627
0.299707	-4.328551	67.933359
0.300312	-4.002326	63.393921
0.300918	-3.690681	58.492802
0.301523	-3.310389	53.658109
0.302129	-2.928274	48.614108
0.302734	-2.595367	43.483347
0.303340	-2.250917	38.176626
0.303945	-1.840250	32.882106
0.304551	-1.507342	27.414066
0.305156	-1.078450	21.889089
0.305762	-0.726711	16.321004
0.306367	-0.402308	10.680800
0.306973	-0.011688	5.075571
0.307578	0.371034	-0.523693
0.308184	0.716699	-6.466472
0.308789	1.159563	-11.851277
0.309395	1.494901	-17.416108
0.310000	1.877623	-23.112706
0.310605	2.185015	-28.670218
0.311211	2.543438	-34.104367
0.311816	2.999059	-39.412986
0.312422	3.333182	-44.786946
0.313027	3.646650	-49.967051
0.313633	3.963155	-55.046028
0.314238	4.371392	-59.896446
0.314844	4.692149	-64.740900
0.315449	5.014730	-69.492629
0.316055	5.249223	-73.776125
0.316660	5.661105	-77.927313
0.317266	5.874336	-82.309228
0.317871	6.162289	-86.075149
0.318477	6.408324	-89.634743
0.319082	6.645855	-93.100528
0.319688	6.806841	-96.403638
0.320293	7.036475	-99.370554
0.320898	7.267930	-102.063092
0.321504	7.416159	-104.567470
0.322109	7.505461	-106.830275
0.322715	7.769114	-108.792404
0.323320	7.772152	-110.434605
0.323926	7.840191	-111.920097
0.324531	7.962905	-113.305001
0.325137	8.009682	-113.961665
0.325742	8.053422	-114.512861
0.326348	8.073470	-114.967537
0.326953	8.100199	-114.947745
0.327559	8.126322	-114.660895
0.328164	8.126929	-114.140065
0.328770	8.020617	-113.348110
0.329375	7.976270	-112.244362
0.329980	7.900941	-110.873014
0.330586	7.874211	-109.241115
0.331191	7.659158	-107.409126
0.331797	7.590511	-105.279172
0.332402	7.432562	-102.664718
0.333008	7.394897	-99.967029
0.333613	7.131851	-97.219181
0.334219	6.930163	-93.841240
0.334824	6.760064	-90.467095
0.335430	6.497019	-86.829959
0.336035	6.246123	-83.006019
0.336641	5.907748	-78.937252
0.337246	5.695125	-74.715030
0.337852	5.419322	-70.314407
0.338457	5.085807	-65.742705
0.339062	4.817901	-60.891473
0.339668	4.515368	-55.920404
0.340273	4.166666	-50.987835
0.340879	3.873853	-45.918620
0.341484	3.506926	-40.383341
0.342090	3.132101	-35.098852
0.342695	2.822886	-29.723265
0.343301	2.470538	-24.075470
0.343906	2.058656	-18.494371
0.344512	1.719674	-12.910018
0.345117	1.316904	-7.296384
0.345723	0.938435	-1.569963
0.346328	0.516225	4.139107
0.346934	0.200328	9.819980
0.347539	-0.112533	15.386438
0.348145	-0.492217	21.000885
0.348750	-0.867649	26.658713
0.349355	-1.291681	31.968145
0.349961	-1.641599	37.284084
0.350566	-1.964786	42.902869
0.351172	-2.328676	48.082975
0.351777	-2.640321	53.104744
0.352383	-2.999959	58.028366
0.352988	-3.249639	62.870108
0.353594	-3.549742	67.545109
0.354199	-3.899660	71.992365
0.354805	-4.188220	76.305686
0.355410	-4.507155	80.428677
0.356016	-4.788426	84.357000
0.356621	-5.039321	88.019080
0.357227	-5.293862	91.545597
0.357832	-5.505270	95.005688
0.358438	-5.710604	97.868764
0.359043	-5.895282	100.573231
0.359648	-6.104261	103.339786
0.360254	-6.284079	105.692063
0.360859	-6.446281	107.656631
0.361465	-6.566565	109.461779
0.362070	-6.664979	111.013424
0.362676	-6.798628	112.272798
0.363281	-6.929847	113.237188
0.363887	-6.915267	113.929098
0.364492	-6.968119	114.368862
0.365098	-7.006392	114.599589
0.365703	-7.000924	114.293489
0.366309	-6.950502	113.924218
0.366914	-7.033729	113.430771
0.367520	-6.917697	112.487257
0.368125	-6.825965	111.136515
0.368730	-6.721476	109.677865
0.369336	-6.568387	107.983336
0.369941	-6.425626	105.985419
0.370547	-6.388569	103.669745
0.371152	-6.120056	101.175128
0.371758	-5.992482	98.413453
0.372363	-5.856403	95.350017
0.372969	-5.604292	92.093811
0.373574	-5.294469	88.662729
0.374180	-5.141988	85.066262
0.374785	-4.822445	80.978517
0.375391	-4.564867	77.001933
0.375996	-4.245932	72.827157
0.376602	-3.976204	68.329201
0.377207	-3.679746	63.741231
0.377812	-3.326184	58.974591
0.378418	-3.025474	54.068050
0.379023	-2.683454	48.996665
0.379629	-2.335966	43.798936
0.380234	-2.012171	38.563521
0.380840	-1.579634	33.226434
0.381445	-1.223642	27.738059
0.382051	-0.853070	22.078334
0.382656	-0.482497	16.664248
0.383262	-0.236462	11.089385
0.383867	0.276872	5.229299
0.384473	0.640762	-0.346378
0.385078	1.031382	-5.910125
0.385684	1.417749	-11.567952
0.386289	1.822948	-17.236895
0.386895	2.230578	-22.810674
0.387500	2.592037	-28.357340
0.388105	2.953497	-33.829176
0.388711	3.344117	-39.171143
0.389316	3.663660	-44.520159
0.389922	3.988670	-49.654987
0.390527	4.294240	-54.755924
0.391133	4.683037	-59.882076
0.391738	5.009262	-64.422870
0.392344	5.272308	-69.005960
0.392949	5.629515	-73.609113
0.393555	5.833026	-77.863599
0.394160	6.063874	-81.992826
0.394766	6.357295	-85.852555
0.395371	6.569918	-89.589736
0.395977	6.795299	-93.036543
0.396582	6.941705	-96.300340
0.397187	7.142179	-99.278101
0.397793	7.289800	-102.103761
0.398398	7.462329	-104.675649
0.399004	7.583828	-106.748667
0.399609	7.611773	-108.855847
0.400215	7.737524	-110.775409
0.400820	7.829864	-111.972695
0.401426	7.825004	-113.148833
0.402031	7.947718	-114.086382
0.402637	7.973840	-114.764736
0.403242	7.980523	-115.056466
0.403848	7.970195	-115.084391
0.404453	7.992065	-114.857189
0.405059	7.896688	-114.366725
0.405664	7.850519	-113.564196
0.406270	7.775189	-112.407308
0.406875	7.598408	-111.153899
0.407480	7.482376	-109.676270
0.408086	7.370597	-107.524625
0.408691	7.217508	-105.417988
0.409297	7.045587	-103.120207
0.409902	6.856048	-100.336300
0.410508	6.684735	-97.314346
0.411113	6.432017	-94.183128
0.411719	6.222431	-90.817659
0.412324	5.957563	-87.232850
0.412930	5.681760	-83.343569
0.413535	5.426004	-79.334992
0.414141	5.156884	-75.132562
0.414746	4.847668	-70.699404
0.415352	4.597988	-66.007322
0.415957	4.223770	-61.355638
0.416563	4.024512	-56.537213
0.417168	3.635107	-51.206633
0.417773	3.305845	-46.062316
0.418379	2.935272	-40.854284
0.418984	2.670404	-35.543225
0.419590	2.294972	-30.025027
0.420195	1.946877	-24.511167
0.420801	1.614577	-18.881537
0.421406	1.288352	-13.283899
0.422012	0.987034	-7.559375
0.422617	0.603705	-1.853288
0.423223	0.230095	3.775529
0.423828	-0.104028	9.443388
0.424434	-0.436328	15.283140
0.425039	-0.787460	20.738979
0.425645	-1.115508	26.186143
0.426250	-1.441125	31.856441
0.426855	-1.744873	37.326922
0.427461	-2.069276	42.671600
0.428066	-2.396716	47.848181
0.428672	-2.674341	53.011206
0.429277	-2.962901	57.963296
0.429883	-3.270902	62.759489
0.430488	-3.516330	67.448860
0.431094	-3.778768	71.995618
0.431699	-4.012046	76.366960
0.432305	-4.284812	80.289861
0.432910	-4.439116	84.290575
0.433516	-4.762911	88.265261
0.434121	-4.967637	91.724810
0.434727	-5.067873	94.948481
0.435332	-5.258627	98.022220
0.435937	-5.443306	100.862521
0.436543	-5.538075	103.455556
0.437148	-5.618264	105.772587
0.437754	-5.788971	107.841538
0.438359	-5.809625	109.676509
0.438965	-5.972434	111.184504
0.439570	-6.013744	112.364438
0.440176	-6.015566	113.435922
0.440781	-6.068419	114.271528
0.441387	-6.063559	114.472974
0.441992	-6.045334	114.690144
0.442598	-6.118233	114.776904
0.443203	-6.033791	114.295658
0.443809	-5.952994	113.610255
0.444414	-5.966967	112.683552
0.445020	-5.884347	111.472980
0.445625	-5.778643	109.990743
0.446230	-5.646817	108.206201
0.446836	-5.519243	106.250579
0.447441	-5.463961	103.987231
0.448047	-5.267132	101.448963
0.448652	-5.193018	98.528952
0.449258	-4.984647	95.659099
0.449863	-4.976142	92.483145
0.450469	-4.628047	88.793411
0.451074	-4.517483	85.129434
0.451680	-4.263549	81.421806
0.452285	-4.016906	77.305593
0.452891	-3.717411	72.963533
0.453496	-3.501143	68.519531
0.454102	-3.264219	63.918818
0.454707	-3.041876	59.141874
0.455313	-2.741166	54.153183
0.455918	-2.442278	49.087491
0.456523	-2.216897	44.006617
0.457129	-1.859082	38.745988
0.457734	-1.527390	33.160822
0.458340	-1.199950	27.854372
0.458945	-0.952699	22.444081
0.459551	-0.664746	16.714135
0.460156	-0.366466	11.035160
0.460762	-0.078513	5.448910
0.461367	0.214908	-0.243892
0.461973	0.552068	-5.903618
0.462578	0.901377	-11.556022
0.463184	1.235500	-17.162878
0.463789	1.545930	-22.749671
0.464395	1.853323	-28.329956
0.465000	2.118798	-33.912953
0.465605	2.404929	-39.161653
0.466211	2.670404	-44.536698
0.466816	3.065884	-49.944277
0.467422	3.288227	-54.799575
0.468027	3.627210	-59.642673
0.468633	3.872638	-64.529694
0.469238	4.227415	-69.184902
0.469844	4.438216	-73.653848
0.470449	4.750469	-77.918637
0.471055	4.976457	-82.088533
0.471660	5.240110	-86.012790
0.472266	5.452126	-89.679478
0.472871	5.644095	-93.134147
0.473477	5.866438	-96.414212
0.474082	6.093034	-99.559799
0.474687	6.267993	-102.071226
0.475293	6.483046	-104.610579
0.475898	6.714502	-107.013285
0.476504	6.832964	-108.884044
0.477109	6.952033	-110.589417
0.477715	6.986660	-112.087109
0.478320	7.134889	-113.257283
0.478926	7.231481	-114.121628
0.479531	7.370597	-114.710511
0.480137	7.419804	-115.087374
0.480742	7.513966	-115.110419
0.481348	7.541303	-114.920632
0.481953	7.503639	-114.252852
0.482559	7.566211	-113.576126
0.483164	7.582613	-112.574049
0.483770	7.486021	-110.928323
0.484375	7.417374	-109.366375
0.484980	7.391860	-107.541977
0.485586	7.298305	-105.392502
0.486191	7.274005	-102.866434
0.486797	7.202321	-100.187453
0.487402	7.017642	-97.271779
0.488008	6.894321	-94.149509
0.488613	6.721184	-90.726833
0.489219	6.562021	-87.137415
0.489824	6.385239	-83.421381
0.490430	6.210281	-79.333636
0.491035	6.009200	-74.907528
0.491641	5.743724	-70.703742
0.492246	5.577878	-66.151289
0.492852	5.356750	-61.143619
0.493457	5.042674	-56.279644
0.494063	4.741964	-51.252453
0.494668	4.514761	-46.096477
0.495273	4.150871	-40.829883
0.495879	3.833151	-35.428539
0.496484	3.502673	-29.984629
0.497090	3.145466	-24.480801
0.497695	2.830176	-18.822432
0.498301	2.494838	-13.219914
0.498906	2.150996	-7.653727
0.499512	1.853323	-1.846781
0.500117	1.453591	3.998393
0.500723	0.983997	9.423867
0.501328	0.643192	15.065969
0.501934	0.314537	20.754975
0.502539	-0.108888	26.287543
0.503145	-0.438150	31.799505
0.503750	-0.816012	37.236366
0.504355	-1.114900	42.521126
0.504961	-1.487902	47.771995
0.505566	-1.870625	52.839855
0.506172	-2.261244	57.763477
0.506777	-2.602049	62.607389
0.507383	-2.950144	67.273984
0.507988	-3.283659	71.594083
0.508594	-3.591659	76.129726
0.509199	-3.902090	80.286336
0.509805	-4.171818	84.077471
0.510410	-4.493790	87.903038
0.511016	-4.765948	91.462362
0.511621	-5.047826	94.747307
0.512227	-5.313302	97.750011
0.512832	-5.538075	100.555879
0.513437	-5.771353	103.150270
0.514043	-5.980332	105.515289
0.514648	-6.166225	107.492601
0.515254	-6.292584	109.200143
0.515859	-6.499740	110.959199
0.516465	-6.581145	112.140760
0.517070	-6.720869	112.995887
0.517676	-6.839330	113.903883
0.518281	-6.932885	114.407090
0.518887	-6.949287	114.531808
0.519492	-6.969942	114.377809
0.520098	-7.048916	114.006911
0.520703	-7.000924	113.374377
0.521309	-6.941997	112.430592
0.521914	-6.884893	111.202669
0.522520	-6.865453	109.701181
0.523125	-6.793768	108.097480
0.523730	-6.722084	105.950987
0.524336	-6.533760	103.571598
0.524941	-6.438991	101.310148
0.525547	-6.307772	98.501297
0.526152	-6.118233	95.409664
0.526758	-5.936592	92.252147
0.527363	-5.702706	88.828658
0.527969	-5.467605	85.176068
0.528574	-5.241617	81.322574
0.529180	-4.914177	77.276311
0.529785	-4.667534	73.003931
0.530391	-4.414208	68.561284
0.530996	-4.115928	63.901195
0.531602	-3.734421	59.165191
0.532207	-3.473198	54.370896
0.532813	-3.122065	49.205431
0.533418	-2.752708	44.030205
0.534023	-2.420408	39.059408
0.534629	-2.051658	33.608448
0.535234	-1.707816	28.111398
0.535840	-1.306261	22.621397
0.536445	-0.993401	17.066597
0.537051	-0.525629	11.449981
0.537656	-0.218237	5.777242
0.538262	0.171168	0.095555
0.538867	0.593985	-5.485544
0.539473	0.970024	-11.135508
0.540078	1.387981	-16.938116
0.540684	1.790751	-22.382568
0.541289	2.165576	-27.839763
0.541895	2.582318	-33.463700
0.542500	2.918263	-38.904627
0.543105	3.264535	-44.008818
0.543711	3.657585	-49.232033
0.544316	3.972875	-54.349509
0.544922	4.298492	-59.270962
0.545527	4.664812	-64.063088
0.546133	5.031132	-68.673290
0.546738	5.374974	-73.160673
0.547344	5.601570	-77.509239
0.547949	5.823306	-81.605118
0.548555	6.144671	-85.481928
0.549160	6.376127	-89.409981
0.549766	6.611228	-92.672965
0.550371	6.833571	-95.807707
0.550977	7.027970	-98.998572
0.551582	7.233303	-101.789799
0.552187	7.458684	-104.226666
0.552793	7.532799	-106.523362
0.553398	7.752104	-108.547036
0.554004	7.853556	-110.283318
0.554609	7.976878	-111.756338
0.555215	8.048562	-112.944676
0.555820	8.125714	-113.910151
0.556426	8.154874	-114.661437
0.557031	8.189501	-114.865323
0.557637	8.239923	-114.908703
0.558242	8.235063	-114.903009
0.558848	8.238708	-114.270747
0.559453	8.158519	-113.404775
0.560059	8.102629	-112.400529
0.560664	7.998748	-111.085847
0.561270	7.924633	-109.493532
0.561875	7.828649	-107.592135
0.562480	7.737524	-105.429646
0.563086	7.568641	-103.021518
0.563691	7.369990	-100.366937
0.564297	7.213863	-97.436081
0.564902	7.024932	-94.361528
0.565508	6.817169	-91.116710
0.566113	6.534076	-87.333709
0.566719	6.294115	-83.418941
0.567324	6.032892	-79.677422
0.567930	5.756482	-75.354613
0.568535	5.508623	-70.837406
0.569141	5.187866	-66.344059
0.569746	4.898090	-61.614020
0.570352	4.648410	-56.656779
0.570957	4.274800	-51.615489
0.571562	3.976520	-46.515636
0.572168	3.620527	-41.257717
0.572773	3.225048	-35.917106
0.573379	2.867840	-30.304828
0.573984	2.575635	-24.922192
0.574590	2.215390	-19.455236
0.575195	1.890380	-13.602199
0.575801	1.471816	-7.877675
0.576406	1.098814	-2.334805
0.577012	0.826048	3.379687
0.577617	0.425101	9.113700
0.578223	0.031444	14.691546
0.578828	-0.274734	20.312229
0.579434	-0.675073	25.835307
0.580039	-0.996439	31.383600
0.580645	-1.328739	36.839440
0.581250	-1.611224	42.156734
0.581855	-1.994554	47.312710
0.582461	-2.349939	52.561410
0.583066	-2.732661	57.442195
0.583672	-3.017576	62.113128
0.584277	-3.323146	66.972223
0.584883	-3.620212	71.565886
0.585488	-3.903912	75.850467
0.586094	-4.146910	79.957191
0.586699	-4.389301	83.932962
0.587305	-4.669356	87.686410
0.587910	-4.926934	91.232448
0.588516	-5.177223	94.507904
0.589121	-5.352789	97.553988
0.589727	-5.527748	100.453936
0.590332	-5.726399	102.981902
0.590938	-5.852150	105.200514
0.591543	-6.023464	107.554146
0.592148	-6.172908	109.249488
0.592754	-6.266462	110.742300
0.593359	-6.323567	112.129915
0.593965	-6.425626	113.185674
0.594570	-6.525863	113.868908
0.595176	-6.573247	114.344461
0.595781	-6.589650	114.590913
0.596387	-6.546518	114.529910
0.596992	-6.614557	114.079572
0.597598	-6.616987	113.460323
0.598203	-6.553200	112.551243
0.598809	-6.529508	111.443970
0.599414	-6.454786	109.764354
0.600020	-6.350296	108.106698
0.600625	-6.279219	106.371230
0.601230	-6.208750	104.028985
0.601836	-6.021034	101.455199
0.602441	-5.889815	98.707081
0.603047	-5.757381	95.817978
0.603652	-5.562375	92.574514
0.604258	-5.323629	89.117948
0.604863	-5.087921	85.470238
0.605469	-4.903242	81.653889
0.606074	-4.695479	77.556654
0.606680	-4.422106	73.209172
0.607285	-4.113498	68.815599
0.607891	-3.863817	64.344212
0.608496	-3.551565	59.384260
0.609102	-3.238704	54.507814
0.609707	-2.972014	49.642212
0.610313	-2.651256	44.441501
0.610918	-2.279469	39.234012
0.611523	-1.960534	33.868457
0.612129	-1.616691	28.394181
0.612734	-1.258877	22.891437
0.613340	-0.888912	17.340975
0.613945	-0.542639	11.656035
0.614551	-0.175712	6.102862
0.615156	0.153550	0.363155
0.615762	0.575760	-5.422643
0.616367	0.915957	-10.808532
0.616973	1.237930	-16.451718
0.617578	1.605465	-22.226671
0.618184	2.003982	-27.735109
0.618789	2.321094	-33.110696
0.619395	2.711714	-38.491976
0.620000	3.092006	-43.764535
0.620605	3.348977	-48.997239
0.621211	3.726232	-54.075131
0.621816	4.033624	-59.025865
0.622422	4.393262	-63.843206
0.623027	4.689112	-68.517665
0.623633	5.007440	-72.918287
0.624238	5.319692	-77.308065
0.624844	5.574233	-81.630604
0.625449	5.920505	-85.282923
0.626055	6.117334	-88.991364
0.626660	6.439307	-92.569395
0.627266	6.675622	-95.823703
0.627871	6.871236	-98.833999
0.628477	7.176199	-101.628480
0.629082	7.360270	-104.158885
0.629687	7.513966	-106.445008
0.630293	7.663410	-108.409576
0.630898	7.781872	-110.170259
0.631504	8.007252	-111.708348
0.632109	8.069217	-113.020049
0.632715	8.117817	-113.729582
0.633320	8.179781	-114.503914
0.633926	8.284878	-114.955878
0.634531	8.330440	-114.864781
0.635137	8.307963	-114.653846
0.635742	8.331655	-114.192663
0.636348	8.317683	-113.401250
0.636953	8.256933	-112.382364
0.637559	8.303103	-111.029724
0.638164	8.164594	-109.538268
0.638770	8.038235	-107.663712
0.639375	7.888183	-105.520744
0.639980	7.790984	-103.064898
0.640586	7.664625	-100.537746
0.641191	7.476909	-97.726455
0.641797	7.376672	-94.332789
0.642402	7.162226	-91.069263
0.643008	6.922266	-87.563893
0.643613	6.738194	-83.702266
0.644219	6.437484	-79.673084
0.644824	6.152569	-75.488277
0.645430	5.907748	-71.093077
0.646035	5.572410	-66.519206
0.646641	5.291140	-61.755818
0.647246	5.053609	-56.841957
0.647852	4.655700	-51.960630
0.648457	4.365317	-46.714912
0.649062	3.943715	-41.386230
0.649668	3.625387	-36.291529
0.650273	3.244488	-30.733475
0.650879	2.812558	-25.046096
0.651484	2.441986	-19.538200
0.652090	2.108471	-13.957372
0.652695	1.647989	-8.320964
0.653301	1.334522	-2.601592
0.653906	0.895303	3.105851
0.654512	0.477346	8.752834
0.655117	0.132288	14.386802
0.655723	-0.305716	19.973866
0.656328	-0.736430	25.522701
0.656934	-1.094853	30.969051
0.657539	-1.487902	36.474235
0.658145	-1.902214	41.859853
0.658750	-2.198672	46.856136
0.659355	-2.561954	52.134118
0.659961	-2.946499	57.177577
0.660566	-3.232022	61.981362
0.661172	-3.661521	66.586412
0.661777	-3.950689	71.174653
0.662383	-4.281167	75.519695
0.662988	-4.578840	79.645669
0.663594	-4.818800	83.576433
0.664199	-5.070911	87.321205
0.664805	-5.310264	91.000908
0.665410	-5.584852	94.200177
0.666016	-5.795046	97.189054
0.666621	-6.048979	100.290990
0.667227	-6.216647	102.914392
0.667832	-6.378849	105.147645
0.668438	-6.504600	107.330468
0.669043	-6.668624	109.143749
0.669648	-6.802273	110.773750
0.670254	-6.831433	112.085993
0.670859	-6.890967	113.123858
0.671465	-6.993027	113.896021
0.672070	-7.020972	114.407090
0.672676	-7.006392	114.549702
0.673281	-6.975409	114.470262
0.673887	-6.981484	114.245229
0.674492	-6.921950	113.476049
0.675098	-6.906762	112.478039
0.675703	-6.789516	111.543744
0.676309	-6.680774	110.111393
0.676914	-6.534368	108.366435
0.677520	-6.390391	106.436842
0.678125	-6.200853	104.191659
0.678730	-5.993697	101.704905
0.679336	-5.805980	98.985526
0.679941	-5.595180	96.030539
0.680547	-5.390454	92.833167
0.681152	-5.080023	89.447093
0.681758	-4.888662	85.695000
0.682363	-4.597064	81.916337
0.682969	-4.270232	78.082907
0.683574	-4.005364	73.562447
0.684180	-3.665774	69.133357
0.684785	-3.351091	64.742766
0.685391	-3.010286	60.021131
0.685996	-2.654901	55.078260
0.686602	-2.333536	50.028565
0.687207	-1.910112	44.934677
0.687813	-1.596644	39.733965
0.688418	-1.286214	34.339942
0.689023	-0.892557	28.858346
0.689629	-0.502545	23.343402
0.690234	-0.161740	17.895696
0.690840	0.199113	12.076278
0.691445	0.563610	6.401370
0.692051	0.971847	0.978608
0.692656	1.336952	-4.801767
0.693262	1.701449	-10.494299
0.693867	2.066554	-16.072144
0.694473	2.405536	-21.674933
0.695078	2.737836	-27.207230
0.695684	3.070136	-32.704551
0.696289	3.396969	-38.157950
0.696895	3.686744	-43.501273
0.697500	4.020867	-48.708220
0.698105	4.348307	-53.851453
0.698711	4.638082	-58.772092
0.699316	4.942438	-63.589705
0.699922	5.245578	-68.402166
0.700527	5.491614	-72.750461
0.701133	5.730359	-76.944758
0.701738	5.970928	-81.227442
0.702344	6.259488	-85.160917
0.702949	6.417437	-88.852277
0.703555	6.596648	-92.414041
0.704160	6.765532	-95.684345
0.704766	6.919228	-98.800108
0.705371	7.068672	-101.523012
0.705977	7.182274	-104.089477
0.706582	7.298913	-106.411659
0.707187	7.414337	-108.562490
0.707793	7.494526	-110.203878
0.708398	7.557098	-111.659546
0.709004	7.589903	-113.195196
0.709609	7.628175	-114.032970
0.710215	7.605698	-114.607754
0.710820	7.691962	-115.053754
0.711426	7.657335	-115.184708
0.712031	7.604483	-114.990040
0.712637	7.645185	-114.434506
0.713242	7.503639	-113.768895
0.713848	7.487844	-112.757058
0.714453	7.425879	-111.429904
0.715059	7.339007	-109.754625
0.715664	7.203536	-108.032171
0.716270	7.112412	-106.049166
0.716875	6.919228	-103.372353
0.717480	6.757634	-100.653516
0.718086	6.623985	-97.952031
0.718691	6.440522	-94.823525
0.719297	6.266778	-91.409253
0.719902	6.077239	-87.778353
0.720508	5.811764	-84.001317
0.721113	5.583953	-80.054014
0.721719	5.289318	-75.846975
0.722324	5.016552	-71.420595
0.722930	4.769301	-66.881428
0.723535	4.550603	-62.182026
0.724141	4.212228	-57.162697
0.724746	3.991100	-52.199762
0.725352	3.743849	-47.226524
0.725957	3.384819	-41.761467
0.726562	3.092006	-36.385609
0.727168	2.712322	-30.960678
0.727773	2.474183	-25.424043
0.728379	2.184408	-19.831828
0.728984	1.884305	-14.186202
0.729590	1.436581	-8.520241
0.730195	1.256155	-2.746101
0.730801	0.976707	2.934772
0.731406	0.609172	8.684510
0.732012	0.289629	14.232261
0.732617	-0.065148	19.741783
0.733223	-0.381046	25.547373
0.733828	-0.735215	30.996705
0.734434	-1.059618	36.414316
0.735039	-1.379768	41.787463
0.735645	-1.714498	47.036705
0.736250	-1.925907	52.186445
0.736855	-2.250309	57.226379
0.737461	-2.564992	62.036671
0.738066	-2.828645	66.688626
0.738672	-3.129355	71.210171
0.739277	-3.424598	75.585308
0.739883	-3.685821	79.792618
0.740488	-3.907557	83.814751
0.741094	-4.137190	87.365398
0.741699	-4.371076	91.000365
0.742305	-4.577017	94.638315
0.742910	-4.770201	97.603333
0.743516	-4.952449	100.354434
0.744121	-5.101286	103.057003
0.744727	-5.353396	105.442628
0.745332	-5.485830	107.514291
0.745938	-5.567842	109.290428
0.746543	-5.705744	110.949981
0.747148	-5.836963	112.302893
0.747754	-5.847290	113.355398
0.748359	-5.852150	113.945636
0.748965	-5.933555	114.486259
0.749570	-6.131598	114.886710
0.750176	-6.052016	114.571121
0.750781	-6.048371	114.186937
0.751387	-6.064166	113.736870
0.751992	-6.050194	112.873339
0.752598	-5.976079	111.674426
0.753203	-5.937807	110.152333
0.753809	-5.863085	108.526670
0.754414	-5.827243	106.586231
0.755020	-5.728829	104.336982
0.755625	-5.593357	101.780006
0.756230	-5.459708	99.124070
0.756836	-5.377696	96.200534
0.757441	-5.215495	92.802530
0.758047	-4.981002	89.441399
0.758652	-4.835203	85.982392
0.759258	-4.669356	82.018551
0.759863	-4.442761	77.944633
0.760469	-4.188220	73.745727
0.761074	-3.982886	69.288169
0.761680	-3.747786	64.671731
0.762285	-3.519975	59.936269
0.762891	-3.249032	55.013461
0.763496	-3.004819	50.009586
0.764102	-2.663406	44.850357
0.764707	-2.326246	39.537942
0.765312	-2.061378	34.306594
0.765918	-1.732116	28.911487
0.766523	-1.460565	23.115928
0.767129	-0.992794	17.784264
0.767734	-0.719421	12.318122
0.768340	-0.388943	6.511176
0.768945	-0.028091	0.858229
0.769551	0.258647	-4.814239
0.770156	0.608565	-10.404827
0.770762	1.019232	-16.065095
0.771367	1.312652	-21.679813
0.771973	1.683224	-27.253050
0.772578	1.964495	-32.646259
0.773184	2.321094	-38.087729
0.773789	2.686199	-43.601860
0.774395	2.966862	-48.598686
0.775000	3.270610	-53.649465
0.775605	3.647865	-58.840145
0.776211	3.975305	-63.653690
0.776816	4.263258	-68.139717
0.777422	4.608923	-72.630895
0.778027	4.863463	-76.988138
0.778633	5.184221	-81.160203
0.779238	5.457594	-85.085273
0.779844	5.650777	-88.814862
0.780449	5.902281	-92.353038
0.781055	6.218178	-95.666180
0.781660	6.488514	-98.658310
0.782266	6.688987	-101.424594
0.782871	6.840254	-104.192776
0.783477	7.164656	-106.274199
0.784082	7.307418	-108.192134
0.784687	7.413729	-110.154534
0.785293	7.597801	-111.596916
0.785898	7.758179	-112.797727
0.786504	7.844444	-113.811462
0.787109	7.933138	-114.455654
0.787715	8.067395	-114.819774
0.788320	8.126929	-114.910601
0.788926	8.201651	-114.769074
0.789531	8.255718	-114.335817
0.790137	8.278195	-113.572330
0.790742	8.179781	-112.402698
0.791348	8.199829	-111.166913
0.791953	8.151229	-109.785533
0.792559	8.093517	-107.764028
0.793164	7.972625	-105.555719
0.793770	7.910661	-103.223234
0.794375	7.806779	-100.587904
0.794980	7.685887	-97.734318
0.795586	7.452609	-94.582766
0.796191	7.328073	-91.283180
0.796797	7.157366	-87.766424
0.797402	6.938060	-83.928927
0.798008	6.696277	-79.867752
0.798613	6.456924	-75.849957
0.799219	6.288040	-71.564020
0.799824	5.967890	-66.691641
0.800430	5.572410	-62.076830
0.801035	5.413854	-57.326999
0.801641	5.094919	-52.236364
0.802246	4.791171	-47.039177
0.802852	4.381112	-41.785597
0.803457	4.110169	-36.459626
0.804063	3.723802	-31.072923
0.804668	3.373277	-25.506194
0.805273	2.910365	-19.938380
0.805879	2.602365	-14.328813
0.806484	2.284037	-8.731989
0.807090	1.864865	-2.919892
0.807695	1.418964	2.655785
0.808301	1.068439	8.234172
0.808906	0.671744	14.121371
0.809512	0.229487	19.610288
0.810117	-0.173890	25.155327
0.810723	-0.573622	30.661053
0.811328	-0.905314	36.113097
0.811934	-1.324486	41.401110
0.812539	-1.696881	46.657673
0.813145	-2.071706	51.814191
0.813750	-2.411903	56.799087
0.814355	-2.779438	61.562203
0.814961	-3.099588	66.214701
0.815566	-3.497498	70.748446
0.816172	-3.760543	75.292493
0.816777	-4.050318	79.266366
0.817383	-4.446406	83.157003
0.817988	-4.665711	87.216822
0.818594	-4.985862	90.753371
0.819199	-5.211850	94.008221
0.819805	-5.459101	97.126153
0.820410	-5.676584	100.041014
0.821016	-5.899535	102.628626
0.821621	-6.047764	105.011811
0.822227	-6.251882	107.130107
0.822832	-6.405579	108.989751
0.823438	-6.567780	110.625174
0.824043	-6.670447	111.732718
0.824648	-6.701429	112.949254
0.825254	-6.815638	113.895749
0.825859	-6.848443	114.217845
0.826465	-6.909800	114.446675
0.827070	-6.903117	114.461858
0.827676	-6.937137	114.176092
0.828281	-7.006392	113.510481
0.828887	-6.855733	112.662404
0.829492	-6.831433	111.512294
0.830098	-6.745776	110.106513
0.830703	-6.624277	108.401139
0.831309	-6.457823	106.431419
0.831914	-6.303519	104.332102
0.832520	-6.199638	101.829351
0.833125	-5.956639	99.008571
0.833730	-5.853973	96.230087
0.834336	-5.672331	93.079077
0.834941	-5.388024	89.586722
0.835547	-5.165073	85.981579
0.836152	-4.858895	82.214303
0.836758	-4.583092	78.219283
0.837363	-4.303644	73.936870
0.837969	-4.072796	69.506695
0.838574	-3.757506	64.943127
0.839180	-3.380858	60.277615
0.839785	-3.140898	55.295159
0.840391	-2.747848	50.235975
0.840996	-2.396108	45.329705
0.841602	-2.028573	40.027322
0.842207	-1.686553	34.525663
0.842812	-1.314159	29.286994
0.843418	-0.963026	23.856911
0.844023	-0.654419	18.234873
0.844629	-0.211554	12.620697
0.845234	0.132896	6.980221
0.845840	0.425101	1.320767
0.846445	0.905022	-4.318352
0.847051	1.236108	-9.963979
0.847656	1.600605	-15.622348
0.848262	1.928045	-21.100149
0.848867	2.296187	-26.873204
0.849473	2.671012	-32.351818
0.850078	2.996022	-37.481766
0.850684	3.305237	-42.925404
0.851289	3.672165	-48.263576
0.851895	4.028764	-53.298901
0.852500	4.363494	-58.229843
0.853105	4.705514	-63.104663
0.853711	5.071834	-67.748755
0.854316	5.320300	-72.306901
0.854922	5.642880	-76.613173
0.855527	5.879803	-80.748907
0.856133	6.136166	-84.812521
0.856738	6.373697	-88.573832
0.857344	6.548656	-91.949333
0.857949	6.840254	-95.423252
0.858555	7.044980	-98.527086
0.859160	7.335362	-101.131780
0.859766	7.419197	-103.706649
0.860371	7.622708	-106.078989
0.860977	7.786732	-108.126251
0.861582	7.843229	-109.963662
0.862187	7.972625	-111.527780
0.862793	8.070432	-112.751365
0.863398	8.130574	-113.736902
0.864004	8.207726	-114.436675
0.864609	8.210763	-114.857731
0.865215	8.273943	-115.065413
0.865820	8.291560	-114.917921
0.866426	8.353525	-114.186156
0.867031	8.270298	-113.694336
0.867637	8.180996	-112.774681
0.868242	8.134219	-111.396284
0.868848	8.010897	-109.791498
0.869453	7.973840	-107.995298
0.870059	7.830471	-105.903301
0.870664	7.688925	-103.481616
0.871270	7.578361	-100.902137
0.871875	7.419804	-98.084340
0.872480	7.178629	-94.984030
0.873086	7.017642	-91.616934
0.873691	6.746092	-88.014502
0.874297	6.570526	-84.431863
0.874902	6.356687	-80.371230
0.875508	5.964245	-76.064688
0.876113	5.750407	-71.786342
0.876719	5.466706	-67.237686
0.877324	5.074264	-62.498157
0.877930	4.816686	-57.563961
0.878535	4.546351	-52.612414
0.879141	4.229238	-47.493311
0.879746	3.870816	-42.228614
0.880352	3.500243	-36.843267
0.880957	3.191028	-31.450058
0.881563	2.787651	-26.032176
0.882168	2.500306	-20.361877
0.882773	1.965710	-14.720859
0.883379	1.652242	-9.294301
0.883984	1.356999	-3.424455
0.884590	0.918387	2.348600
0.885195	0.604920	8.006699
0.885801	0.214300	13.659646
0.886406	-0.158702	19.239660
0.887012	-0.486750	24.828893
0.887617	-0.828770	30.360376
0.888223	-1.161070	35.780427
0.888828	-1.522530	41.084166
0.889434	-1.870017	46.407154
0.890039	-2.201102	51.503482
0.890645	-2.527327	56.382098
0.891250	-2.866310	61.462158
0.891855	-3.158515	66.072089
0.892461	-3.437963	70.483557
0.893066	-3.705868	74.973108
0.893672	-4.080086	79.147613
0.894277	-4.315794	83.135313
0.894883	-4.578840	86.938648
0.895488	-4.798145	90.572260
0.896094	-5.007124	93.928510
0.896699	-5.194233	97.028006
0.897305	-5.489475	99.869934
0.897910	-5.627377	102.540782
0.898516	-5.867945	105.034315
0.899121	-5.963322	106.991563
0.899727	-6.151038	108.841988
0.900332	-6.300482	110.727930
0.900937	-6.350904	112.051831
0.901543	-6.434131	113.008088
0.902148	-6.417121	113.876771
0.902754	-6.531938	114.386756
0.903359	-6.500348	114.630226
0.903965	-6.525863	114.606638
0.904570	-6.598155	114.256887
0.905176	-6.548948	113.723857
0.905781	-6.500348	112.847853
0.906387	-6.408616	111.614779
0.906992	-6.309594	110.234755
0.907598	-6.265855	108.728387
0.908203	-6.137673	106.565355
0.908809	-6.009491	104.368975
0.909414	-5.866730	102.169341
0.910020	-5.739156	99.385434
0.910625	-5.527748	96.429906
0.911230	-5.395314	93.257748
0.911836	-5.185120	89.854864
0.912441	-4.932402	86.270597
0.913047	-4.768986	82.462382
0.913652	-4.411778	78.468717
0.914258	-4.196725	74.250833
0.914863	-3.941577	69.820115
0.915469	-3.609884	65.073809
0.916074	-3.318286	60.495328
0.916680	-3.128140	55.703202
0.917285	-2.700463	50.539092
0.917891	-2.391856	45.430563
0.918496	-2.027358	40.280281
0.919102	-1.699918	34.981694
0.919707	-1.323879	29.554865
0.920312	-0.987934	24.033685
0.920918	-0.625259	18.450417
0.921523	-0.316044	12.855219
0.922129	0.043594	7.166755
0.922734	0.407484	1.464463
0.923340	0.765906	-4.124769
0.923945	1.095169	-9.711291
0.924551	1.486396	-15.591169
0.925156	1.898278	-20.990615
0.925762	2.216605	-26.509355
0.926367	2.561663	-32.084760
0.926973	2.926768	-37.453026
0.927578	3.243880	-42.811803
0.928184	3.608377	-48.013870
0.928789	3.921238	-53.137040
0.929395	4.240173	-58.122478
0.930000	4.565790	-62.916231
0.930605	4.814256	-67.604788
0.931211	5.226138	-72.095966
0.931816	5.479464	-76.555694
0.932422	5.682975	-80.619038
0.933027	6.018920	-84.507506
0.933633	6.241871	-88.555396
0.934238	6.435662	-91.987019
0.934844	6.653752	-95.186560
0.935449	6.868806	-98.267078
0.936055	7.099654	-101.109547
0.936660	7.279473	-103.686586
0.937266	7.408262	-106.025036
0.937871	7.590511	-108.086938
0.938477	7.703505	-109.961222
0.939082	7.794629	-111.483586
0.939688	7.909446	-112.719643
0.940293	7.976878	-113.725244
0.940898	8.078937	-114.622937
0.941504	8.180389	-114.840379
0.942109	8.151229	-114.893249
0.942715	8.190109	-114.930122
0.943320	8.198006	-114.485748
0.943926	8.125714	-113.719822
0.944531	8.058282	-112.723439
0.945137	8.043095	-111.445087
0.945742	7.991458	-109.925976
0.946348	7.848089	-108.086667
0.946953	7.732665	-105.990603
0.947559	7.606913	-103.658389
0.948164	7.509106	-101.111445
0.948770	7.426487	-98.120941
0.949375	7.172554	-95.083804
0.949980	6.928340	-91.985393
0.950586	6.818991	-88.202663
0.951191	6.523141	-84.410444
0.951797	6.267385	-80.470462
0.952402	6.055369	-76.343946
0.953008	5.761342	-71.997006
0.953613	5.527456	-67.429642
0.954219	5.267448	-62.726986
0.954824	4.964307	-57.858945
0.955430	4.709159	-52.863475
0.956035	4.341017	-47.687978
0.956641	4.028157	-42.479405
0.957246	3.692819	-37.279778
0.957852	3.368417	-31.677531
0.958457	3.040977	-26.124629
0.959063	2.611477	-20.770461
0.959668	2.313805	-15.039159
0.960273	1.928652	-9.265020
0.960879	1.603035	-3.657622
0.961484	1.196013	2.028402
0.962090	0.838198	7.726085
0.962695	0.501645	13.428919
0.963301	0.122568	18.992937
0.963906	-0.235247	24.539874
0.964512	-0.659278	30.063766
0.965117	-0.990971	35.606365
0.965723	-1.364581	40.842323
0.966328	-1.708423	45.922383
0.966934	-2.061986	51.334301
0.967539	-2.452605	56.376404
0.968145	-2.780045	61.136809
0.968750	-3.052811	65.809370
0.969355	-3.421561	70.415776
0.969961	-3.777553	74.748617
0.970566	-3.981064	78.978703
0.971172	-4.292102	82.944713
0.971777	-4.532670	86.772720
0.972383	-4.830343	90.415007
0.972988	-5.034461	93.704562
0.973594	-5.269562	96.805413
0.974199	-5.459101	99.823572
0.974805	-5.719716	102.350995
0.975410	-5.867338	104.657180
0.976016	-5.998557	107.025182
0.976621	-6.174123	108.949082
0.977227	-6.247630	110.520520
0.977832	-6.432308	111.874787
0.978437	-6.460253	112.980975
0.979043	-6.533760	113.795976
0.979648	-6.584182	114.328735
0.980254	-6.626707	114.607180
0.980859	-6.646147	114.576272
0.981465	-6.613950	114.333073
0.982070	-6.563527	113.611611
0.982676	-6.534975	112.752688
0.983281	-6.497918	111.858248
0.983887	-6.469366	110.324768
0.984492	-6.358801	108.611532
0.985098	-6.188703	106.809096
0.985703	-6.062951	104.608378
0.986309	-5.882525	102.165546
0.986914	-5.770746	99.485208
0.987520	-5.645602	96.547574
0.988125	-5.394706	93.400089
0.988730	-5.176008	89.980395
0.989336	-4.951842	86.330787
0.989941	-4.685759	82.577339
0.990547	-4.492575	78.688057
0.991152	-4.118965	74.259509
0.991758	-3.814610	69.903893
0.992363	-3.532125	65.568069
0.992969	-3.262397	60.702196
0.993574	-2.911872	55.864521
0.994180	-2.589292	50.896706
0.994785	-2.302554	45.767571
0.995391	-1.929552	40.563607
0.995996	-1.561409	35.195340
0.996602	-1.225464	29.806198
0.997207	-0.883444	24.359305
0.997812	-0.525022	18.754347
0.998418	-0.165385	13.035788
0.999023	0.249535	7.489935
0.999629	0.525945	1.933238
1.000234	0.899555	-3.970228
1.000840	1.230640	-9.516623
1.001445	1.560510	-15.066543
1.002051	1.973607	-20.726810
1.002656	2.383059	-26.267241
1.003262	2.682554	-31.749650
1.003867	3.044014	-37.138522
1.004473	3.370847	-42.525767
1.005078	3.703754	-47.733256
1.005684	4.024512	-52.892756
1.006289	4.321577	-57.765678
1.006895	4.597380	-62.665170
1.007500	4.995897	-67.546496
1.008105	5.275345	-71.889098
1.008711	5.518951	-76.182898
1.009316	5.817839	-80.541225
1.009922	6.077847	-84.515640
1.010527	6.271030	-88.264208
1.011133	6.549871	-91.741652
1.011738	6.727259	-95.103596
1.012344	6.914976	-98.189807
1.012949	7.157366	-101.018721
1.013555	7.329895	-103.616907
1.014160	7.499994	-105.961864
1.014766	7.637895	-108.101850
1.015371	7.735702	-109.860635
1.015977	7.799489	-111.473284
1.016582	7.935568	-112.924342
1.017187	7.979915	-113.670748
1.017793	7.980523	-114.356151
1.018398	8.125714	-114.902196
1.019004	8.165809	-115.063244
1.019609	8.182211	-114.880777
1.020215	8.137864	-114.447791
1.020820	8.150014	-113.796821
1.021426	8.077114	-112.833244
1.022031	7.951970	-111.580649
1.022637	7.902763	-110.028190
1.023242	7.847481	-108.307904
1.023848	7.688317	-106.302125
1.024453	7.586866	-103.737558
1.025059	7.440459	-101.218811
1.025664	7.266715	-98.591614
1.026270	7.145216	-95.334323
1.026875	6.913761	-92.019283
1.027480	6.706605	-88.478125
1.028086	6.511599	-84.697836
1.028691	6.230328	-80.755143
1.029297	5.960600	-76.621306
1.029902	5.695125	-72.270300
1.030508	5.429042	-67.728963
1.031113	5.158706	-63.034984
1.031719	4.879258	-58.038429
1.032324	4.523873	-53.210514
1.032930	4.276015	-48.181967
1.033535	3.851983	-42.698744
1.034141	3.543983	-37.308517
1.034746	3.197711	-32.023486
1.035352	2.898215	-26.509084
1.035957	2.506988	-20.881894
1.036563	2.118798	-15.262295
1.037168	1.797433	-9.644323
1.037773	1.430506	-3.970771
1.038379	1.047784	1.769207
1.038984	0.688147	7.460383
1.039590	0.338229	13.045820
1.040195	-0.002576	18.664605
1.040801	-0.360998	24.366354
1.041406	-0.764983	29.735163
1.042012	-1.055366	35.030768
1.042617	-1.409535	40.695102
1.043223	-1.770388	45.911538
1.043828	-2.109370	51.020338
1.044434	-2.403398	56.036143
1.045039	-2.687099	60.951089
1.045645	-3.030333	65.663233
1.046250	-3.324361	70.224091
1.046855	-3.630539	74.601125
1.047461	-3.897230	78.812232
1.048066	-4.172425	82.851175
1.048672	-4.426966	86.533046
1.049277	-4.645057	90.174520
1.049883	-4.883802	93.774241
1.050488	-5.047826	96.751188
1.051094	-5.257412	99.601250
1.051699	-5.449381	102.364822
1.052305	-5.648032	104.828260
1.052910	-5.846683	106.940591
1.053516	-5.886170	108.845784
1.054121	-6.064166	110.504795
1.054727	-6.143140	111.875600
1.055332	-6.188703	112.979077
1.055937	-6.215432	113.747715
1.056543	-6.267070	114.315179
1.057148	-6.335717	114.693940
1.057754	-6.270715	114.506051
1.058359	-6.353334	114.189920
1.058965	-6.280434	113.850743
1.059570	-6.241555	112.930275
1.060176	-6.214825	111.804566
1.060781	-6.120663	110.463041
1.061387	-6.110943	108.725133
1.061992	-5.975472	106.854374
1.062598	-5.780466	104.719810
1.063203	-5.655929	102.303819
1.063809	-5.486438	99.616975
1.064414	-5.334564	96.708622
1.065020	-5.135913	93.453771
1.065625	-4.946982	90.143341
1.066230	-4.751976	86.686231
1.066836	-4.549072	82.652711
1.067441	-4.260512	78.774817
1.068047	-4.038169	74.673787
1.068652	-3.708906	70.261777
1.069258	-3.453758	65.700106
1.069863	-3.241742	60.960578
1.070469	-2.972621	56.160589
1.071074	-2.615414	51.154274
1.071680	-2.353583	45.983115
1.072285	-2.041938	40.775897
1.072891	-1.695666	35.475412
1.073496	-1.343318	30.039365
1.074102	-1.034711	24.388858
1.074707	-0.612501	19.043637
1.075312	-0.332446	13.503478
1.075918	-0.011081	7.584287
1.076523	0.383791	1.954114
1.077129	0.679642	-3.606379
1.077734	1.080589	-9.254175
1.078340	1.437796	-14.903326
1.078945	1.747011	-20.557900
1.079551	2.093891	-26.130323
1.080156	2.492408	-31.605141
1.080762	2.805268	-37.044713
1.081367	3.181916	-42.435482
1.081973	3.426129	-47.557296
1.082578	3.729269	-52.721948
1.083184	4.054279	-57.904765
1.083789	4.354382	-62.536115
1.084395	4.686682	-67.117849
1.085000	4.986177	-71.710156
1.085605	5.238288	-76.162835
1.086211	5.536568	-80.337611
1.086816	5.802044	-84.268103
1.087422	6.032285	-88.088248
1.088027	6.247338	-91.659501
1.088633	6.507954	-95.013312
1.089238	6.715717	-98.069970
1.089844	6.919228	-100.988084
1.090449	7.093579	-103.716952
1.091055	7.323820	-105.839586
1.091660	7.515789	-107.970354
1.092266	7.619063	-110.015176
1.092871	7.766684	-111.384355
1.093477	7.849911	-112.686566
1.094082	7.973233	-113.731209
1.094688	8.038842	-114.401429
1.095293	8.066787	-114.877523
1.095898	8.163379	-114.996547
1.096504	8.140294	-114.932019
1.097109	8.180996	-114.528586
1.097715	8.192539	-113.801701
1.098320	8.167631	-112.788780
1.098926	8.078937	-111.706451
1.099531	8.041880	-110.191949
1.100137	7.916128	-108.169360
1.100742	7.807994	-106.200182
1.101348	7.692570	-103.975063
1.101953	7.563173	-101.345697
1.102559	7.371812	-98.502685
1.103164	7.315923	-95.386379
1.103770	7.115449	-92.086251
1.104375	6.866983	-88.560005
1.104980	6.645855	-84.822553
1.105586	6.436269	-80.864948
1.106191	6.127661	-76.754700
1.106797	5.938730	-72.392848
1.107402	5.647740	-67.765023
1.108008	5.378012	-63.269778
1.108613	5.088237	-58.444845
1.109219	4.795424	-53.192891
1.109824	4.492283	-48.223449
1.110430	4.168488	-42.957668
1.111035	3.821001	-37.628173
1.111641	3.495991	-32.190770
1.112246	3.088969	-26.707547
1.112852	2.785829	-21.159525
1.113457	2.360582	-15.534775
1.114062	2.042862	-9.856885
1.114668	1.676542	-4.207733
1.115273	1.315082	1.381499
1.115879	0.988249	7.200917
1.116484	0.606135	13.030637
1.117090	0.247712	18.418966
1.117695	-0.161132	23.975935
1.118301	-0.531097	29.687716
1.118906	-0.841527	35.100447
1.119512	-1.206024	40.455428
1.120117	-1.534680	45.720667
1.120723	-1.966609	50.888030
1.121328	-2.244842	55.920372
1.121934	-2.574712	60.708161
1.122539	-2.866917	65.474260
1.123145	-3.261789	70.059789
1.123750	-3.557640	74.484271
1.124355	-3.809143	78.421270
1.124961	-4.002934	82.658947
1.125566	-4.367431	86.587000
1.126172	-4.548465	90.080440
1.126777	-4.789640	93.446993
1.127383	-5.004694	96.634062
1.127988	-5.127408	99.581457
1.128594	-5.385594	102.161750
1.129199	-5.528963	104.589670
1.129805	-5.734904	106.811536
1.130410	-5.843038	108.719711
1.131016	-5.974257	110.348898
1.131621	-6.049586	111.670630
1.132227	-6.180805	112.896384
1.132832	-6.182020	113.749071
1.133438	-6.255527	114.092857
1.134043	-6.276182	114.599318
1.134648	-6.304734	114.678757
1.135254	-6.404364	114.288067
1.135859	-6.247630	113.726839
1.136465	-6.347259	112.909669
1.137070	-6.267677	111.837372
1.137676	-6.161973	110.487714
1.138281	-6.095148	108.790203
1.138887	-5.966967	106.920799
1.139492	-5.946312	104.808468
1.140098	-5.802943	102.308970
1.140703	-5.606114	99.589591
1.141309	-5.477933	96.893529
1.141914	-5.277459	93.612379
1.142520	-5.151708	90.154457
1.143125	-4.923897	86.772178
1.143730	-4.652347	82.943086
1.144336	-4.437293	78.993614
1.144941	-4.299999	74.714184
1.145547	-4.009616	70.377005
1.146152	-3.810358	65.773310
1.146758	-3.457403	61.138707
1.147363	-3.190105	56.250331
1.147969	-2.860235	51.282516
1.148574	-2.579572	46.203268
1.149180	-2.229654	40.768848
1.149785	-1.852400	35.590098
1.150391	-1.603327	30.340313
1.150996	-1.240044	24.770330
1.151602	-0.883444	19.128228
1.152207	-0.569977	13.582104
1.152813	-0.213984	7.962234
1.153418	0.143831	2.260485
1.154023	0.505898	-3.396529
1.154629	0.850955	-9.031582
1.155234	1.173535	-14.619459
1.155840	1.615792	-20.239328
1.156445	1.908605	-25.920201
1.157051	2.303477	-31.344319
1.157656	2.575635	-36.623656
1.158262	2.915833	-42.220481
1.158867	3.282760	-47.537775
1.159473	3.574965	-52.372197
1.160078	3.919415	-57.363058
1.160684	4.249285	-62.327891
1.161289	4.647802	-67.032715
1.161895	4.893838	-71.588692
1.162500	5.164781	-75.890626
1.163105	5.456379	-80.146739
1.163711	5.800221	-84.163449
1.164316	6.037752	-87.913644
1.164922	6.335425	-91.400848
1.165527	6.516459	-94.962883
1.166133	6.868806	-97.969925
1.166738	7.032222	-100.668699
1.167344	7.150684	-103.397025
1.167949	7.489666	-105.708091
1.168555	7.662195	-107.791141
1.169160	7.712010	-109.667052
1.169766	7.872996	-111.213546
1.170371	8.003000	-112.450959
1.170977	8.117817	-113.549826
1.171582	8.278195	-114.282134
1.172187	8.280018	-114.753891
1.172793	8.312823	-114.922259
1.173398	8.406985	-114.835770
1.174004	8.365067	-114.340968
1.174609	8.453762	-113.898222
1.175215	8.317683	-112.753805
1.175820	8.293990	-111.444815
1.176426	8.237493	-110.052862
1.177031	8.170669	-108.281876
1.177637	8.140294	-106.205062
1.178242	7.972625	-103.907282
1.178848	7.934353	-101.370640
1.179453	7.802527	-98.504312
1.180059	7.600231	-95.432199
1.180664	7.492096	-92.125022
1.181270	7.252743	-88.697465
1.181875	7.061382	-85.060058
1.182480	6.759457	-80.956046
1.183086	6.568703	-76.766358
1.183691	6.285610	-72.684036
1.184297	6.032892	-68.000088
1.184902	5.721854	-63.254324
1.185508	5.400489	-58.473313
1.186113	5.088844	-53.568670
1.186719	4.816079	-48.363621
1.187324	4.449151	-43.144202
1.187930	4.148441	-37.862696
1.188535	3.782121	-32.485211
1.189141	3.368417	-26.943154
1.189746	3.015462	-21.259841
1.190352	2.663722	-15.830301
1.190957	2.321094	-10.267638
1.191563	1.911643	-4.316454
1.192168	1.507051	1.267898
1.192773	1.225780	6.918134
1.193379	0.781701	12.578401
1.193984	0.365566	18.231619
1.194590	0.033874	23.831426
1.195195	-0.418710	29.274251
1.195801	-0.811760	34.723313
1.196406	-1.170790	40.097001
1.197012	-1.524960	45.390166
1.197617	-1.873055	50.483783
1.198223	-2.258814	55.519650
1.198828	-2.575927	60.433783
1.199434	-2.996314	64.942855
1.200039	-3.319501	69.583694
1.200645	-3.632362	74.276860
1.201250	-3.980456	78.294384
1.201855	-4.228315	82.256870
1.202461	-4.521127	86.196038
1.203066	-4.754406	89.769731
1.203672	-5.044181	93.213284
1.204277	-5.264702	96.335012
1.204883	-5.522280	99.275087
1.205488	-5.745838	101.996364
1.206094	-5.940844	104.359757
1.206699	-6.142533	106.478324
1.207305	-6.291369	108.454822
1.207910	-6.400111	110.268916
1.208516	-6.468151	111.372393
1.209121	-6.603015	112.594352
1.209727	-6.707504	113.636826
1.210332	-6.811993	114.152504
1.210937	-6.827180	114.435287
1.211543	-6.804096	114.451013
1.212148	-6.884285	114.182328
1.212754	-6.888537	113.638723
1.213359	-6.850265	112.804473
1.213965	-6.804096	111.734073
1.214570	-6.749421	110.470091
1.215176	-6.669232	108.811622
1.215781	-6.510068	106.746195
1.216387	-6.421981	104.845883
1.216992	-6.327212	102.484659
1.217598	-6.105476	99.687467
1.218203	-5.930517	96.912778
1.218809	-5.717286	93.809216
1.219414	-5.514990	90.458387
1.220020	-5.298722	86.905300
1.220625	-5.021096	83.138567
1.221230	-4.794500	79.197229
1.221836	-4.492575	74.998865
1.222441	-4.253829	70.609630
1.223047	-3.892977	66.006206
1.223652	-3.610492	61.444535
1.224258	-3.328614	56.560769
1.224863	-2.912479	51.430279
1.225469	-2.576534	46.544614
1.226074	-2.221149	41.405719
1.226680	-1.874270	35.985126
1.227285	-1.438088	30.636923
1.227891	-1.111255	25.164274
1.228496	-0.726103	19.612999
1.229102	-0.376186	13.994756
1.229707	0.066071	8.386815
1.230312	0.403231	2.720583
1.230918	0.826656	-2.912300
1.231523	1.292605	-8.600494
1.232129	1.664999	-14.246391
1.232734	2.032534	-19.688946
1.233340	2.431051	-25.461458
1.233945	2.848401	-31.020054
1.234551	3.147288	-36.225917
1.235156	3.606555	-41.526944
1.235762	3.946752	-46.806824
1.236367	4.258398	-52.045763
1.236973	4.637475	-56.976163
1.237578	4.981317	-61.838240
1.238184	5.299645	-66.579666
1.238789	5.636805	-71.219150
1.239395	5.930225	-75.519185
