LabVIEW Measurement	
Writer_Version	2
Reader_Version	2
Separator	Tab
Decimal_Separator	.
Multi_Headings	No
X_Columns	One
Time_Pref	Absolute
Operator	AlunosGDS-JT
Date	2019/10/09
Time	15:19:08.4651639249999940857
***End_of_Header***	
	
Channels	2		
Samples	2048	2048	
Date	2019/10/09	2019/10/09	
Time	15:42:21.2007107999999841277	15:42:21.2007107999999841277	
Y_Unit_Label	g	Newtons	
X_Dimension	Time	Time	
X0	0.0000000000000000E+0	0.0000000000000000E+0	
Delta_X	0.000605	0.000605	
***End_of_Header***			
X_Value	Acceleration (Trigger)	Force (Trigger)	Comment
0.000000	0.500430	1.847291
0.000605	1.874585	13.976048
0.001211	3.126634	26.069830
0.001816	4.371999	37.854259
0.002422	5.571195	49.112977
0.003027	6.780112	59.892618
0.003633	7.860239	70.084461
0.004238	8.889943	79.456153
0.004844	9.891704	88.109093
0.005449	10.678410	95.707630
0.006055	11.444462	102.437484
0.006660	12.037378	107.910404
0.007266	12.507579	112.182242
0.007871	12.869647	115.656975
0.008477	13.141197	117.638895
0.009082	13.262089	118.261397
0.009687	13.258444	117.935234
0.010293	13.112645	116.243417
0.010898	12.768802	113.276230
0.011504	12.388510	109.170591
0.012109	11.729985	103.861972
0.012715	11.186277	97.605773
0.013320	10.284146	90.214104
0.013926	9.392950	81.829577
0.014531	8.387545	72.748531
0.015137	7.345082	62.866041
0.015742	6.131914	51.995302
0.016348	5.015337	41.079285
0.016953	3.737774	29.615055
0.017559	2.442594	17.533745
0.018164	1.087271	5.482529
0.018770	-0.295389	-6.682830
0.019375	-1.552904	-18.754650
0.019980	-2.858412	-30.660543
0.020586	-4.080086	-42.244882
0.021191	-5.343676	-53.411147
0.021797	-6.460861	-63.993138
0.022402	-7.539165	-74.035320
0.023008	-8.508728	-83.164084
0.023613	-9.467963	-91.380243
0.024219	-10.324532	-98.964139
0.024824	-10.985487	-105.139543
0.025430	-11.614853	-110.163752
0.026035	-11.965985	-114.228993
0.026641	-12.306182	-117.123519
0.027246	-12.485394	-118.666218
0.027852	-12.532778	-118.957135
0.028457	-12.423429	-118.005216
0.029062	-12.290388	-115.880142
0.029668	-11.860888	-112.376671
0.030273	-11.466016	-107.728240
0.030879	-10.821463	-102.050078
0.031484	-10.099759	-95.299619
0.032090	-9.261415	-87.279484
0.032695	-8.375079	-78.685649
0.033301	-7.306494	-69.172430
0.033906	-6.205713	-58.669336
0.034512	-5.046611	-47.675236
0.035117	-3.861995	-36.319997
0.035723	-2.594759	-24.561596
0.036328	-1.350608	-12.427146
0.036934	0.023546	-0.197259
0.037539	1.385551	11.943699
0.038145	2.663114	24.005217
0.038750	3.974697	35.849564
0.039355	5.179968	47.203447
0.039961	6.340892	57.927508
0.040566	7.462329	68.400507
0.041172	8.516941	77.970390
0.041777	9.533889	86.534130
0.042383	10.392280	94.551555
0.042988	11.135854	101.402059
0.043594	11.786482	107.087270
0.044199	12.315611	111.705876
0.044805	12.766372	115.184404
0.045410	13.073765	117.450192
0.046016	13.175217	118.323756
0.046621	13.189189	118.078930
0.047227	13.016661	116.619196
0.047832	12.728708	113.933165
0.048438	12.430427	109.877684
0.049043	11.880644	104.856457
0.049648	11.217866	98.896326
0.050254	10.468217	91.535023
0.050859	9.660855	83.353568
0.051465	8.698582	74.413507
0.052070	7.602660	64.567348
0.052676	6.551086	54.127968
0.053281	5.328805	43.052259
0.053887	4.056102	31.561187
0.054492	2.779754	19.671291
0.055098	1.505228	7.639054
0.055703	0.220983	-4.565618
0.056309	-1.066908	-16.595686
0.056914	-2.416763	-28.729865
0.057520	-3.575257	-40.329658
0.058125	-4.882587	-51.320234
0.058730	-6.105476	-62.158980
0.059336	-7.142471	-72.281145
0.059941	-8.136941	-81.606203
0.060547	-9.050614	-89.985849
0.061152	-9.857368	-97.466718
0.061758	-10.660477	-104.008682
0.062363	-11.200541	-109.345227
0.062969	-11.668312	-113.565552
0.063574	-12.033417	-116.647696
0.064180	-12.256368	-118.520082
0.064785	-12.383942	-118.878237
0.065391	-12.320762	-118.260616
0.065996	-12.058932	-116.412360
0.066602	-11.697472	-112.908888
0.067207	-11.340265	-108.512332
0.067812	-10.728517	-103.027211
0.068418	-10.079104	-96.386287
0.069023	-9.306977	-88.678758
0.069629	-8.433399	-80.141317
0.070234	-7.452901	-70.656566
0.070840	-6.330857	-60.465265
0.071445	-5.254375	-49.639804
0.072051	-3.993821	-38.248506
0.072656	-2.743596	-26.556259
0.073262	-1.452060	-14.516160
0.073867	-0.342166	-2.265126
0.074473	1.087271	9.686044
0.075078	2.419509	21.935181
0.075684	3.621742	33.868728
0.076289	4.909633	45.338652
0.076895	6.101539	56.265243
0.077500	7.159796	66.643891
0.078105	8.225951	76.365604
0.078711	9.279956	85.265268
0.079316	10.086102	93.197559
0.079922	10.905614	100.203959
0.080527	11.519184	106.150263
0.081133	12.090837	110.786222
0.081738	12.477812	114.562174
0.082344	12.811327	117.128368
0.082949	13.021520	118.091402
0.083555	13.034885	118.087335
0.084160	12.904274	117.004193
0.084766	12.663098	114.410615
0.085371	12.325938	110.684550
0.085977	11.843587	105.811357
0.086582	11.188099	99.867765
0.087188	10.436020	92.843199
0.087793	9.595853	84.824148
0.088398	8.675498	75.955664
0.089004	7.645793	66.299292
0.089609	6.554731	55.903021
0.090215	5.458201	44.928441
0.090820	4.256575	33.680296
0.091426	2.934665	21.616067
0.092031	1.601820	9.565123
0.092637	0.322434	-2.416414
0.093242	-0.967279	-14.567945
0.093848	-2.218719	-26.545686
0.094453	-3.479273	-38.217598
0.095059	-4.702161	-49.567685
0.095664	-5.836355	-60.372541
0.096270	-6.955969	-70.543778
0.096875	-8.002684	-80.022293
0.097480	-8.901170	-88.523403
0.098086	-9.727972	-96.340466
0.098691	-10.455144	-103.072218
0.099297	-11.012825	-108.372974
0.099902	-11.504896	-112.879607
0.100508	-11.955050	-116.332649
0.101113	-12.131831	-118.157859
0.101719	-12.279453	-118.861970
0.102324	-12.139729	-118.327855
0.102930	-12.048604	-116.617059
0.103535	-11.716304	-113.592122
0.104141	-11.399192	-109.368815
0.104746	-10.824501	-104.031728
0.105352	-10.083964	-97.579777
0.105957	-9.256555	-90.010250
0.106563	-8.466203	-81.658801
0.107168	-7.381216	-72.424298
0.107773	-6.284079	-62.119396
0.108379	-5.304189	-51.380424
0.108984	-4.046673	-40.258894
0.109590	-2.877245	-28.586982
0.110195	-1.563839	-16.541461
0.110801	-0.325763	-4.387760
0.111406	1.101243	7.871137
0.112012	2.380629	19.932926
0.112617	3.672165	31.845325
0.113223	4.779629	43.395231
0.113828	6.022565	54.370896
0.114434	7.159796	64.941500
0.115039	8.170669	74.818025
0.115645	9.153597	83.583211
0.116250	10.092177	91.975058
0.116855	10.824209	99.181278
0.117461	11.533156	105.180180
0.118066	12.096912	110.229332
0.118672	12.508187	114.043783
0.119277	12.828944	116.702431
0.119883	12.985678	118.086793
0.120488	12.994183	118.216390
0.121094	12.924321	117.228141
0.121699	12.704408	114.910026
0.122305	12.306498	111.296207
0.122910	11.873354	106.689259
0.123516	11.295626	101.027365
0.124121	10.484619	93.918208
0.124727	9.716745	86.223151
0.125332	8.775734	77.657241
0.125938	7.741169	68.030964
0.126543	6.708427	57.727418
0.127148	5.518951	46.894907
0.127754	4.308212	35.527468
0.128359	3.083501	23.770965
0.128965	1.760984	11.777770
0.129570	0.509543	-0.348547
0.130176	-0.918072	-12.484082
0.130781	-2.222364	-24.600096
0.131387	-3.395438	-36.351990
0.131992	-4.642627	-47.602574
0.132598	-5.802943	-58.635988
0.133203	-6.907977	-69.003520
0.133809	-7.944972	-78.368433
0.134414	-8.925470	-87.188657
0.135020	-9.803908	-95.094107
0.135625	-10.505566	-101.875474
0.136230	-11.115491	-107.626026
0.136836	-11.643405	-112.247073
0.137441	-12.085054	-115.744580
0.138047	-12.249078	-117.945569
0.138652	-12.412494	-118.915381
0.139258	-12.405204	-118.633683
0.139863	-12.222956	-117.206754
0.140469	-11.898553	-114.105903
0.141074	-11.480596	-110.162939
0.141680	-10.970300	-105.185092
0.142285	-10.312382	-98.735581
0.142891	-9.529320	-91.399764
0.143496	-8.613825	-83.110402
0.144102	-7.663702	-73.978113
0.144707	-6.609697	-63.945691
0.145313	-5.457886	-53.327640
0.145918	-4.248969	-42.180354
0.146523	-3.083186	-30.553178
0.147129	-1.789828	-18.529075
0.147734	-0.524414	-6.362631
0.148340	0.790206	5.615109
0.148945	2.169221	17.960766
0.149551	3.353837	29.891873
0.150156	4.636260	41.306488
0.150762	5.837886	52.609399
0.151367	6.951425	63.255647
0.151973	8.035197	73.201580
0.152578	9.002330	82.300521
0.153184	9.933621	90.681523
0.153789	10.710608	98.002970
0.154395	11.450537	104.333186
0.155000	12.086585	109.493500
0.155605	12.458980	113.513193
0.156211	12.772447	116.460588
0.156816	13.025165	117.869893
0.157422	13.062223	118.347615
0.158027	13.043998	117.700983
0.158633	12.801607	115.454716
0.159238	12.448652	112.113377
0.159844	12.002750	107.730106
0.160449	11.502174	102.138433
0.161055	10.780470	95.445452
0.161660	9.897779	87.785913
0.162266	9.039387	79.202923
0.162871	8.023655	69.783513
0.163477	6.947173	59.603871
0.164082	5.791109	48.817180
0.164687	4.522658	37.667183
0.165293	3.322855	25.765086
0.165898	2.094499	13.763758
0.166504	0.720951	1.938660
0.167109	-0.578482	-10.329997
0.167715	-1.851792	-22.444927
0.168320	-3.199825	-34.295239
0.168926	-4.508370	-45.742931
0.169531	-5.564805	-56.701243
0.170137	-6.708111	-67.115680
0.170742	-7.748144	-76.798351
0.171348	-8.639340	-85.677138
0.171953	-9.572453	-93.733604
0.172559	-10.306915	-100.829205
0.173164	-10.976375	-106.603886
0.173770	-11.549851	-111.584716
0.174375	-12.037062	-115.398625
0.174980	-12.182253	-117.458358
0.175586	-12.361465	-118.709327
0.176191	-12.348707	-118.674894
0.176797	-12.180431	-117.325236
0.177402	-11.955050	-114.743317
0.178008	-11.558963	-110.912598
0.178613	-11.019507	-105.942343
0.179219	-10.367057	-99.820892
0.179824	-9.701242	-92.740746
0.180430	-8.760839	-84.591013
0.181035	-7.818006	-75.674539
0.181641	-6.785871	-65.634797
0.182246	-5.718501	-55.188097
0.182852	-4.520520	-44.268556
0.183457	-3.232022	-32.462979
0.184062	-1.963571	-20.576336
0.184668	-0.751618	-8.517801
0.185273	0.668099	3.759804
0.185879	1.912858	15.900490
0.186484	3.113269	27.842442
0.187090	4.309427	39.509203
0.187695	5.600963	50.777953
0.188301	6.773429	61.507978
0.188906	7.823181	71.491869
0.189512	8.877186	80.703868
0.190117	9.807869	89.380667
0.190723	10.589716	96.827916
0.191328	11.288336	103.075711
0.191934	11.909804	108.746552
0.192539	12.322901	113.028151
0.193145	12.729315	115.982866
0.193750	12.927966	117.806179
0.194355	13.043390	118.466367
0.194961	13.037315	117.794521
0.195566	12.856282	115.900716
0.196172	12.488747	112.783054
0.196777	12.020975	108.553240
0.197383	11.507642	103.108517
0.197988	10.818134	96.490638
0.198594	10.067270	89.194947
0.199199	9.081305	80.684618
0.199805	8.146369	71.214238
0.200410	7.092364	61.394648
0.201016	5.901673	50.788256
0.201621	4.704907	39.521675
0.202227	3.469869	27.893956
0.202832	2.163146	15.949564
0.203437	0.891050	3.882352
0.204043	-0.479460	-8.316084
0.204648	-1.826277	-20.396581
0.205254	-3.021221	-32.232794
0.205859	-4.272054	-43.795714
0.206465	-5.463961	-55.018915
0.207070	-6.637034	-65.347676
0.207676	-7.760901	-75.175128
0.208281	-8.655742	-84.419933
0.208887	-9.564555	-92.476399
0.209492	-10.361589	-99.566035
0.210098	-11.032264	-105.690197
0.210703	-11.589945	-110.751279
0.211309	-12.007902	-114.617515
0.211914	-12.335342	-117.218142
0.212520	-12.428289	-118.626363
0.213125	-12.476889	-118.764907
0.213730	-12.400952	-117.609917
0.214336	-12.190151	-115.197179
0.214941	-11.809251	-111.797548
0.215547	-11.253393	-106.855761
0.216152	-10.648327	-100.824053
0.216758	-9.939987	-94.078474
0.217363	-9.021454	-86.037733
0.217969	-8.146661	-77.116651
0.218574	-7.127283	-67.381924
0.219180	-5.968182	-56.999480
0.219785	-4.774453	-45.946003
0.220391	-3.586799	-34.440562
0.220996	-2.321386	-22.578862
0.221602	-0.987934	-10.508126
0.222207	0.306639	1.659673
0.222812	1.562333	13.873292
0.223418	2.899430	25.734449
0.224023	4.096196	37.521860
0.224629	5.288710	49.032995
0.225234	6.512206	59.728588
0.225840	7.721122	69.909044
0.226445	8.747182	79.405453
0.227051	9.709455	88.022333
0.227656	10.610978	95.659099
0.228262	11.320533	102.359942
0.228867	12.007610	107.971949
0.229473	12.451082	112.401582
0.230078	12.835627	115.626338
0.230684	13.124187	117.687426
0.231289	13.265126	118.662390
0.231895	13.246294	118.014945
0.232500	13.172787	116.353222
0.233105	12.842309	113.705962
0.233711	12.403090	109.427888
0.234316	11.853307	104.270286
0.234922	11.183847	97.986703
0.235527	10.446954	90.660104
0.236133	9.582488	82.338207
0.236738	8.565541	73.180975
0.237344	7.512144	63.287640
0.237949	6.433839	52.716222
0.238555	5.207913	41.514711
0.239160	3.972267	29.973210
0.239766	2.663722	18.229450
0.240371	1.422609	5.969469
0.240977	-0.014118	-6.255808
0.241582	-1.301401	-18.069790
0.242187	-2.588077	-30.066509
0.242793	-3.870500	-41.787766
0.243398	-5.070911	-52.901161
0.244004	-6.245200	-63.518941
0.244609	-7.282195	-73.499849
0.245215	-8.315544	-82.731912
0.245820	-9.270527	-91.027510
0.246426	-10.080319	-98.390439
0.247031	-10.821463	-104.713064
0.247637	-11.380359	-110.009211
0.248242	-11.873646	-113.902560
0.248848	-12.205338	-116.906620
0.249453	-12.485394	-118.642088
0.250059	-12.448944	-118.744844
0.250664	-12.379082	-117.852573
0.251270	-12.239358	-115.746206
0.251875	-11.845093	-112.338713
0.252480	-11.407089	-107.734205
0.253086	-10.843333	-102.043029
0.253691	-10.181771	-95.237261
0.254297	-9.356184	-87.454901
0.254902	-8.438866	-78.691614
0.255508	-7.431638	-69.197103
0.256113	-6.322959	-58.960795
0.256719	-5.191803	-47.829777
0.257324	-3.991999	-36.479147
0.257930	-2.804953	-24.887488
0.258535	-1.466033	-12.564335
0.259141	-0.199404	-0.382166
0.259746	1.084234	11.689655
0.260352	2.408574	23.836848
0.260957	3.680062	35.641340
0.261562	4.840986	47.018811
0.262168	6.017097	57.908800
0.262773	7.209003	68.185234
0.263379	8.263616	77.783585
0.263984	9.190046	86.569106
0.264590	10.061802	94.280159
0.265195	10.905614	101.229353
0.265801	11.469977	107.143392
0.266406	12.005180	111.501449
0.267012	12.468700	115.072159
0.267617	12.714128	117.504688
0.268223	12.890909	118.469892
0.268828	12.910956	118.256517
0.269434	12.772447	116.777804
0.270039	12.567114	114.144100
0.270645	12.223271	110.245600
0.271250	11.762182	105.264228
0.271855	11.125527	99.125968
0.272461	10.391065	92.045279
0.273066	9.561834	83.727449
0.273672	8.546101	74.748617
0.274277	7.555276	65.164364
0.274883	6.469074	54.487750
0.275488	5.252868	43.441594
0.276094	4.088299	32.110756
0.276699	2.837466	20.217878
0.277305	1.566585	8.141990
0.277910	0.245890	-3.965619
0.278516	-1.013448	-16.035271
0.279121	-2.340219	-28.052054
0.279727	-3.543667	-39.718814
0.280332	-4.769593	-50.979702
0.280938	-5.991267	-61.622696
0.281543	-7.034944	-71.832976
0.282148	-7.950440	-81.218766
0.282754	-9.006267	-89.471797
0.283359	-9.801478	-97.111002
0.283965	-10.418694	-103.640766
0.284570	-11.058387	-108.956434
0.285176	-11.503073	-113.233695
0.285781	-11.913740	-116.318822
0.286387	-12.102064	-118.169789
0.286992	-12.158561	-118.705531
0.287598	-12.149449	-118.025551
0.288203	-11.902198	-116.089992
0.288809	-11.612423	-112.896416
0.289414	-11.147689	-108.466241
0.290020	-10.594260	-103.019078
0.290625	-9.993447	-96.521035
0.291230	-9.206133	-88.622906
0.291836	-8.219560	-80.168158
0.292441	-7.348412	-70.781284
0.293047	-6.209965	-60.523015
0.293652	-5.129838	-49.734427
0.294258	-3.888117	-38.383526
0.294863	-2.651864	-26.662811
0.295469	-1.396171	-14.621628
0.296074	-0.100990	-2.431597
0.296680	1.138301	9.685231
0.297285	2.465678	21.730210
0.297891	3.718334	33.719881
0.298496	4.977065	45.070781
0.299102	6.112474	55.937724
0.299707	7.206573	66.586955
0.300312	8.290953	76.267457
0.300918	9.221029	85.073311
0.301523	10.120729	93.191323
0.302129	10.926876	100.193386
0.302734	11.550774	106.153517
0.303340	12.041630	110.923953
0.303945	12.406128	114.588202
0.304551	12.716558	117.117794
0.305156	12.898199	118.338125
0.305762	12.950443	118.246485
0.306367	12.860534	117.113998
0.306973	12.577441	114.662761
0.307578	12.324116	110.823095
0.308184	11.646151	106.165446
0.308789	11.069030	100.296955
0.309395	10.349148	93.173971
0.310000	9.513841	85.196944
0.310605	8.593486	76.353946
0.311211	7.523079	66.734718
0.311816	6.441129	56.362848
0.312422	5.215203	45.425954
0.313027	3.981987	33.981787
0.313633	2.756061	22.181362
0.314238	1.377654	10.028475
0.314844	0.103128	-1.879858
0.315449	-1.218174	-14.098628
0.316055	-2.413118	-26.239315
0.316660	-3.751431	-37.772953
0.317266	-4.967637	-49.066105
0.317871	-6.137066	-59.951484
0.318477	-7.166770	-70.130042
0.319082	-8.217130	-79.594187
0.319688	-9.176366	-88.233571
0.320293	-9.987372	-95.962790
0.320898	-10.720012	-102.625676
0.321504	-11.312320	-108.190507
0.322109	-11.785559	-112.617971
0.322715	-12.165244	-116.039292
0.323320	-12.342025	-118.009554
0.323926	-12.526096	-118.717460
0.324531	-12.450766	-118.453656
0.325137	-12.198048	-116.561207
0.325742	-11.910095	-113.441106
0.326348	-11.452651	-109.328688
0.326953	-10.947215	-104.050978
0.327559	-10.112516	-97.541006
0.328164	-9.404784	-90.096468
0.328770	-8.488073	-81.697300
0.329375	-7.570755	-72.397999
0.329980	-6.431093	-62.315962
0.330586	-5.386809	-51.603017
0.331191	-4.089806	-40.415333
0.331797	-2.849907	-28.782734
0.332402	-1.514025	-16.523024
0.333008	-0.224919	-4.538234
0.333613	1.024699	7.498611
0.334219	2.352077	19.823934
0.334824	3.625387	31.694851
0.335430	4.936970	43.309556
0.336035	6.071772	54.305555
0.336641	7.245453	64.871279
0.337246	8.245391	74.696290
0.337852	9.300003	83.761611
0.338457	10.177834	91.924087
0.339062	11.003420	99.130035
0.339668	11.646758	105.273718
0.340273	12.255469	110.138234
0.340879	12.712305	114.331718
0.341484	12.941331	116.983587
0.342090	13.162459	118.251094
0.342695	13.193442	118.552314
0.343301	13.115075	117.545628
0.343906	12.956518	115.303699
0.344512	12.522767	111.745732
0.345117	12.054388	107.143935
0.345723	11.418947	101.362746
0.346328	10.767105	94.597104
0.346934	9.866796	86.731509
0.347539	8.969525	78.044136
0.348145	7.859631	68.539594
0.348750	6.843291	58.099943
0.349355	5.583953	47.403537
0.349961	4.367139	36.146445
0.350566	3.167336	24.215338
0.351172	1.839958	12.276097
0.351777	0.534450	0.238438
0.352383	-0.834845	-11.932614
0.352988	-2.145820	-24.028836
0.353594	-3.345016	-35.769614
0.354199	-4.674216	-47.201310
0.354805	-5.841823	-58.092112
0.355410	-6.965689	-68.506006
0.356016	-8.005114	-78.121439
0.356621	-8.981967	-86.754587
0.357227	-9.798441	-94.836267
0.357832	-10.628887	-101.617364
0.358438	-11.235775	-107.197649
0.359043	-11.769156	-112.047525
0.359648	-12.133046	-115.496501
0.360254	-12.427682	-117.740328
0.360859	-12.552826	-118.740235
0.361465	-12.569228	-118.487276
0.362070	-12.383942	-116.902553
0.362676	-12.159169	-114.178022
0.363281	-11.699902	-110.159685
0.363887	-11.149511	-105.132765
0.364492	-10.503743	-98.769200
0.365098	-9.836106	-91.436637
0.365703	-8.855608	-83.421381
0.366309	-7.835623	-74.025018
0.366914	-6.931062	-64.011303
0.367520	-5.778643	-53.506311
0.368125	-4.530847	-42.354416
0.368730	-3.319501	-30.681420
0.369336	-2.038901	-18.774985
0.369941	-0.712738	-6.625893
0.370547	0.659594	5.597757
0.371152	1.940195	17.717838
0.371758	3.178271	29.650572
0.372363	4.494713	41.233555
0.372969	5.707274	52.382197
0.373574	6.848151	63.196271
0.374180	7.899118	72.885449
0.374785	8.985320	82.168754
0.375391	9.911143	90.722192
0.375996	10.729440	97.952812
0.376602	11.383105	104.295500
0.377207	12.040415	109.532000
0.377812	12.495429	113.663938
0.378418	12.861749	116.543823
0.379023	13.028810	118.159183
0.379629	13.073158	118.574817
0.380234	13.062223	117.834918
0.380840	12.903059	115.632031
0.381445	12.543421	112.357389
0.382051	12.121820	108.114289
0.382656	11.559886	102.391121
0.383262	10.861874	95.627106
0.383867	10.038717	88.253331
0.384473	9.089810	79.573821
0.385078	8.114779	70.196707
0.385684	7.019465	60.070476
0.386289	5.915038	49.361598
0.386895	4.695187	38.076039
0.387500	3.412764	26.353155
0.388105	2.197165	14.411203
0.388711	0.866143	2.358361
0.389316	-0.446048	-9.850649
0.389922	-1.760060	-22.018719
0.390527	-3.060101	-33.618783
0.391133	-4.288457	-45.219389
0.391738	-5.497373	-56.326549
0.392344	-6.670447	-66.633620
0.392949	-7.646692	-76.330661
0.393555	-8.573123	-85.269366
0.394160	-9.525676	-93.322037
0.394766	-10.330607	-100.330878
0.395371	-11.038339	-106.401899
0.395977	-11.551066	-111.233609
0.396582	-11.958088	-114.900298
0.397187	-12.260013	-117.354246
0.397793	-12.436187	-118.612535
0.398398	-12.414924	-118.686281
0.399004	-12.376044	-117.185607
0.399609	-12.013977	-114.656015
0.400215	-11.722987	-111.061716
0.400820	-11.225448	-105.976504
0.401426	-10.538978	-99.835533
0.402031	-9.786291	-92.738306
0.402637	-8.992294	-84.688346
0.403242	-8.074369	-75.678606
0.403848	-6.975409	-65.835701
0.404453	-5.913507	-55.366497
0.405059	-4.720994	-44.347453
0.405664	-3.478665	-32.724343
0.406270	-2.232084	-20.802454
0.406875	-0.938726	-8.898731
0.407480	0.407484	3.492204
0.408086	1.682009	15.764115
0.408691	2.961395	27.555864
0.409297	4.243210	39.289592
0.409902	5.446051	50.612567
0.410508	6.644640	61.319818
0.411113	7.738132	71.377997
0.411719	8.718630	80.732336
0.412324	9.676043	89.226668
0.412930	10.556911	96.780470
0.413535	11.192959	103.208833
0.414141	11.851484	108.692327
0.414746	12.372108	113.102439
0.415352	12.712305	115.955212
0.415957	13.092597	117.969125
0.416563	13.044605	118.784667
0.417168	12.950443	117.991899
0.417773	12.816794	116.133340
0.418379	12.500289	113.100541
0.418984	12.099342	108.846868
0.419590	11.532549	103.430342
0.420195	10.875239	96.994116
0.420801	10.138347	89.596211
0.421406	9.194299	81.144988
0.422012	8.253896	71.843789
0.422617	7.191386	61.867761
0.423223	6.044434	51.306646
0.423828	4.756544	39.864919
0.424434	3.584078	28.342125
0.425039	2.310160	16.649336
0.425645	0.996147	4.459034
0.426250	-0.280809	-7.748349
0.426855	-1.597252	-19.818543
0.427461	-2.879067	-31.639303
0.428066	-4.116535	-43.211712
0.428672	-5.276244	-54.288235
0.429277	-6.512498	-64.863719
0.429883	-7.582905	-74.735635
0.430488	-8.541533	-83.859248
0.431094	-9.451561	-91.998136
0.431699	-10.247380	-99.141183
0.432305	-11.017684	-105.573071
0.432910	-11.511578	-110.618970
0.433516	-11.922853	-114.238754
0.434121	-12.198048	-117.013714
0.434727	-12.334735	-118.447149
0.435332	-12.405204	-118.620127
0.435937	-12.304360	-117.514752
0.436543	-12.193796	-115.223478
0.437148	-11.760044	-111.644905
0.437754	-11.298347	-106.862810
0.438359	-10.669590	-101.001911
0.438965	-9.874985	-94.108840
0.439570	-9.071876	-86.225894
0.440176	-8.169138	-77.167080
0.440781	-7.113311	-67.599366
0.441387	-6.076923	-57.323474
0.441992	-4.927542	-46.090784
0.442598	-3.703439	-34.671289
0.443203	-2.455035	-22.877099
0.443809	-1.119153	-10.783317
0.444414	0.129251	1.490220
0.445020	1.497938	13.610843
0.445625	2.790689	25.631693
0.446230	4.012969	37.365692
0.446836	5.201838	48.755364
0.447441	6.407109	59.532023
0.448047	7.502424	69.666387
0.448652	8.564326	79.352854
0.449258	9.447624	87.782117
0.449863	10.324240	95.444368
0.450469	11.076320	102.379734
0.451074	11.659516	107.939143
0.451680	12.191682	112.400769
0.452285	12.529449	115.707133
0.452891	12.793102	117.817566
0.453496	12.963201	118.589187
0.454102	12.886049	118.180602
0.454707	12.753007	116.607537
0.455313	12.527627	113.759103
0.455918	12.158269	109.690608
0.456523	11.660123	104.378464
0.457129	10.933558	98.328862
0.457734	10.140169	90.904658
0.458340	9.323088	82.556462
0.458945	8.342590	73.602845
0.459551	7.301343	63.704901
0.460156	6.208458	53.133212
0.460762	5.005010	42.052080
0.461367	3.816748	30.517086
0.461973	2.508203	18.606584
0.462578	1.256762	6.543440
0.463184	-0.105243	-5.601585
0.463789	-1.379161	-17.645480
0.464395	-2.700463	-29.636234
0.465000	-3.909987	-41.355864
0.465605	-5.165680	-52.362979
0.466211	-6.360016	-63.077279
0.466816	-7.326542	-73.170162
0.467422	-8.331339	-82.306788
0.468027	-9.238938	-90.638988
0.468633	-10.035972	-98.017101
0.469238	-10.673235	-104.430281
0.469844	-11.325077	-109.664883
0.470449	-11.693827	-113.717653
0.471055	-12.046782	-116.615974
0.471660	-12.221741	-118.302098
0.472266	-12.305575	-118.572409
0.472871	-12.188328	-117.760933
0.473477	-12.025520	-115.846523
0.474082	-11.591160	-112.155975
0.474687	-11.233953	-107.650970
0.475293	-10.596083	-102.158528
0.475898	-9.870125	-95.258137
0.476504	-9.076736	-87.455715
0.477109	-8.140586	-78.735265
0.477715	-7.107236	-69.172159
0.478320	-6.088466	-58.905486
0.478926	-4.866792	-47.974015
0.479531	-3.728953	-36.652667
0.480137	-2.485410	-24.861731
0.480742	-1.235184	-12.737854
0.481348	0.027799	-0.554059
0.481953	1.356999	11.348038
0.482559	2.729939	23.649501
0.483164	3.887825	35.545633
0.483770	5.085199	46.784559
0.484375	6.334817	57.734196
0.484980	7.291623	68.031506
0.485586	8.379040	77.647210
0.486191	9.335845	86.434899
0.486797	10.178441	94.330588
0.487402	10.976691	101.235588
0.488008	11.618813	107.028707
0.488613	12.090837	111.635655
0.489219	12.559824	115.182507
0.489824	12.770017	117.538037
0.490430	12.815579	118.353851
0.491035	12.897591	118.262753
0.491641	12.711090	117.113727
0.492246	12.455335	114.273155
0.492852	12.112100	110.376282
0.493457	11.555026	105.457811
0.494063	10.872809	99.302199
0.494668	10.152319	92.196838
0.495273	9.376547	84.140101
0.495879	8.390582	75.090234
0.496484	7.311063	65.382619
0.497090	6.244301	54.857835
0.497695	4.989215	43.858312
0.498301	3.748709	32.507954
0.498906	2.531288	20.461890
0.499512	1.216668	8.409590
0.500117	-0.113748	-3.472444
0.500723	-1.394956	-15.705584
0.501328	-2.705931	-27.691729
0.501934	-3.961017	-39.346289
0.502539	-5.172363	-50.568135
0.503145	-6.389176	-61.340184
0.503750	-7.469911	-71.482683
0.504355	-8.430969	-80.820212
0.504961	-9.338567	-89.253813
0.505566	-10.162331	-96.893289
0.506172	-10.904690	-103.503848
0.506777	-11.463586	-108.725165
0.507383	-12.014585	-113.258368
0.507988	-12.331697	-116.385247
0.508594	-12.539461	-117.933097
0.509199	-12.605070	-118.618771
0.509805	-12.471421	-117.979459
0.510410	-12.320155	-116.056915
0.511016	-12.034024	-112.898585
0.511621	-11.537701	-108.509892
0.512227	-10.919878	-103.016909
0.512832	-10.296587	-96.485247
0.513437	-9.427261	-88.830045
0.514043	-8.602282	-80.309956
0.514648	-7.552530	-70.937994
0.515254	-6.495488	-60.595405
0.515859	-5.376481	-49.951868
0.516465	-4.068543	-38.767167
0.517070	-2.803130	-26.806236
0.517676	-1.551082	-14.784302
0.518281	-0.262584	-2.635482
0.518887	1.127366	9.551838
0.519492	2.437734	21.666225
0.520098	3.649687	33.486713
0.520703	4.933933	44.961789
0.521309	6.163504	56.027196
0.521914	7.304380	66.452477
0.522520	8.433714	76.127286
0.523125	9.388697	84.953474
0.523730	10.270173	93.219520
0.524336	10.982158	100.206942
0.524941	11.739705	106.016328
0.525547	12.299816	111.087170
0.526152	12.720203	114.858784
0.526758	13.076803	117.361806
0.527363	13.183114	118.532250
0.527969	13.288211	118.611419
0.528574	13.133907	117.471069
0.529180	12.921284	114.969945
0.529785	12.575011	111.305968
0.530391	12.073827	106.495405
0.530996	11.483949	100.661075
0.531602	10.742805	93.487933
0.532207	10.039932	85.680630
0.532813	8.985320	76.967772
0.533418	7.906408	67.112394
0.534023	6.884601	56.832707
0.534629	5.665357	46.012397
0.535234	4.439431	34.548979
0.535840	3.102941	22.734727
0.536445	1.824771	10.732043
0.537051	0.501038	-1.378820
0.537656	-0.807507	-13.523302
0.538262	-2.116660	-25.511888
0.538867	-3.351699	-37.277067
0.539473	-4.620757	-48.542834
0.540078	-5.839393	-59.542900
0.540684	-6.981484	-69.825027
0.541289	-8.051891	-79.066579
0.541895	-9.016594	-87.867011
0.542500	-9.850078	-95.650183
0.543105	-10.644075	-102.340995
0.543711	-11.175633	-107.917756
0.544316	-11.653732	-112.414357
0.544922	-12.162206	-115.795280
0.545527	-12.389409	-117.850404
0.546133	-12.557078	-118.701464
0.546738	-12.489646	-118.251940
0.547344	-12.377867	-116.591302
0.547949	-12.063792	-113.528137
0.548555	-11.679855	-109.501395
0.549160	-11.129464	-104.275740
0.549766	-10.462434	-97.610414
0.550371	-9.725542	-90.291949
0.550977	-8.842851	-81.931281
0.551582	-7.935252	-72.681324
0.552187	-6.908585	-62.607963
0.552793	-5.771961	-51.955208
0.553398	-4.540567	-40.684831
0.554004	-3.339549	-29.005599
0.554609	-2.032218	-17.029214
0.555215	-0.764375	-4.900186
0.555820	0.623145	7.194681
0.556426	1.871548	19.476894
0.557031	3.095651	31.297654
0.557637	4.288772	42.658857
0.558242	5.624048	54.100042
0.558848	6.637958	64.661428
0.559453	7.756357	74.401849
0.560059	8.835876	83.482353
0.560664	9.783569	91.766834
0.561270	10.576351	98.993659
0.561875	11.302308	105.156321
0.562480	11.878821	110.200593
0.563086	12.279161	114.165790
0.563691	12.627863	116.907130
0.564297	12.817402	118.261939
0.564902	12.912171	118.544722
0.565508	12.806467	117.704778
0.566113	12.629686	115.206637
0.566719	12.280376	111.872889
0.567324	11.835689	107.408823
0.567930	11.237914	101.607842
0.568535	10.522891	94.817528
0.569141	9.758662	87.073126
0.569746	8.840129	78.420728
0.570352	7.797059	68.860876
0.570957	6.730297	58.681776
0.571562	5.581523	47.869600
0.572168	4.421206	36.543914
0.572773	3.143036	24.699295
0.573379	1.903745	12.775780
0.573984	0.434213	0.805088
0.574590	-0.811152	-11.595335
0.575195	-1.983011	-23.566840
0.575801	-3.259359	-35.204048
0.576406	-4.558792	-46.678311
0.577012	-5.765278	-57.624151
0.577617	-6.773721	-67.910074
0.578223	-7.804033	-77.538521
0.578828	-8.774811	-86.366607
0.579434	-9.611940	-94.265008
0.580039	-10.365234	-101.144251
0.580645	-11.003105	-106.991866
0.581250	-11.453866	-111.803784
0.581855	-11.873646	-115.289633
0.582461	-12.137299	-117.352619
0.583066	-12.283705	-118.602504
0.583672	-12.303145	-118.451487
0.584277	-12.108746	-116.797899
0.584883	-11.816541	-114.025650
0.585488	-11.414987	-110.109256
0.586094	-10.937495	-104.995847
0.586699	-10.297195	-98.773267
0.587305	-9.536003	-91.536953
0.587910	-8.672752	-83.330012
0.588516	-7.751181	-74.162207
0.589121	-6.705074	-64.153644
0.589727	-5.622517	-53.763337
0.590332	-4.340701	-42.568333
0.590938	-3.068606	-30.678708
0.591543	-1.955674	-18.988902
0.592148	-0.605211	-6.850656
0.592754	0.678427	5.394685
0.593359	2.000337	17.491178
0.593965	3.174626	29.427708
0.594570	4.500788	41.103687
0.595176	5.679937	52.296522
0.595781	6.874273	62.926502
0.596387	7.944073	72.869995
0.596992	8.931253	82.073047
0.597598	9.878339	90.558432
0.598203	10.666868	97.890725
0.598809	11.324785	104.053928
0.599414	11.957796	109.632045
0.600020	12.445615	113.713012
0.600625	12.766372	116.475500
0.601230	13.007548	118.257872
0.601836	13.042783	118.716615
0.602441	12.946799	117.899717
0.603047	12.795532	115.899089
0.603652	12.402483	112.662404
0.604258	11.942608	108.214606
0.604863	11.394647	102.710506
0.605469	10.708785	96.058465
0.606074	9.893526	88.497886
0.606680	9.015088	79.949328
0.607285	7.925241	70.351790
0.607891	6.896751	60.561754
0.608496	5.755874	49.821697
0.609102	4.512331	38.393254
0.609707	3.277292	26.858260
0.610313	2.028282	14.862354
0.610918	0.661417	2.742544
0.611523	-0.596099	-9.366149
0.612129	-1.941702	-21.446104
0.612734	-3.225947	-33.296416
0.613340	-4.454303	-44.808636
0.613945	-5.661397	-55.884074
0.614551	-6.799236	-66.233169
0.615156	-7.858100	-75.980097
0.615762	-8.817943	-85.184504
0.616367	-9.654465	-92.999399
0.616973	-10.507996	-100.015289
0.617578	-11.136146	-106.126978
0.618184	-11.727847	-111.021048
0.618789	-12.110569	-114.714578
0.619395	-12.455626	-117.268571
0.620000	-12.523058	-118.476702
0.620605	-12.558901	-118.457181
0.621211	-12.362072	-117.117554
0.621816	-12.105101	-114.621311
0.622422	-11.733922	-110.971974
0.623027	-11.263113	-105.939631
0.623633	-10.597298	-99.859392
0.624238	-9.926623	-93.050370
0.624844	-9.044539	-84.771039
0.625449	-8.116893	-75.684029
0.626055	-7.123031	-65.981023
0.626660	-5.983369	-55.496366
0.627266	-4.808473	-44.468917
0.627871	-3.581939	-32.877800
0.628477	-2.284936	-21.046466
0.629082	-0.984896	-8.922047
0.629687	0.309677	3.292656
0.630293	1.624905	15.465335
0.630898	2.931627	27.331373
0.631504	4.197648	39.090858
0.632109	5.399274	50.522554
0.632715	6.599078	61.031613
0.633320	7.736917	71.185769
0.633926	8.728957	80.714984
0.634531	9.596461	89.167021
0.635137	10.534434	96.721907
0.635742	11.250064	103.301829
0.636348	11.830829	108.768784
0.636953	12.319863	113.086172
0.637559	12.644873	116.184041
0.638164	12.941331	118.132342
0.638770	13.045213	118.824523
0.639375	13.035493	118.136409
0.639980	12.791887	116.270258
0.640586	12.455335	113.435651
0.641191	12.063500	109.076782
0.641797	11.542269	103.658357
0.642402	10.840004	97.421137
0.643008	10.050260	89.948944
0.643613	9.222851	81.527273
0.644219	8.241138	72.362721
0.644824	7.149469	62.425735
0.645430	5.974573	51.757797
0.646035	4.826406	40.561438
0.646641	3.542768	28.936430
0.647246	2.272495	17.056023
0.647852	1.010119	4.917235
0.648457	-0.269266	-7.360370
0.649062	-1.657394	-19.220442
0.649668	-2.948322	-31.172697
0.650273	-4.118358	-42.853556
0.650879	-5.371014	-53.834914
0.651484	-6.519180	-64.322283
0.652090	-7.565287	-74.266590
0.652695	-8.505083	-83.384780
0.653301	-9.512311	-91.619103
0.653906	-10.272895	-98.864907
0.654512	-10.918663	-105.053596
0.655117	-11.453259	-110.212554
0.655723	-11.933180	-114.072283
0.656328	-12.210806	-116.852666
0.656934	-12.416139	-118.449047
0.657539	-12.501796	-118.452572
0.658145	-12.387587	-117.377021
0.658750	-12.167674	-115.160035
0.659355	-11.780699	-111.500396
0.659961	-11.306245	-106.835427
0.660566	-10.630102	-100.983746
0.661172	-9.915688	-94.046753
0.661777	-9.159963	-86.133711
0.662383	-8.166101	-77.344938
0.662988	-7.200790	-67.673925
0.663594	-6.092111	-57.362516
0.664199	-4.945767	-46.320968
0.664805	-3.738066	-34.813358
0.665410	-2.399146	-23.221427
0.666016	-1.099105	-10.829951
0.666621	0.156588	1.320767
0.667227	1.444478	13.311251
0.667832	2.701387	25.370600
0.668438	3.981380	37.207356
0.669043	5.164781	48.589978
0.669648	6.422297	59.396732
0.670254	7.506069	69.621652
0.670859	8.577083	79.164694
0.671465	9.536926	87.858574
0.672070	10.376485	95.525163
0.672676	11.115807	102.256372
0.673281	11.774940	108.005026
0.673887	12.250609	112.319702
0.674492	12.556179	115.756206
0.675098	12.831982	118.051818
0.675703	13.016661	118.820185
0.676309	12.963808	118.454167
0.676914	12.748147	116.872155
0.677520	12.567114	114.081470
0.678125	12.115745	110.011077
0.678730	11.600588	104.853474
0.679336	10.930521	98.639842
0.679941	10.152927	91.353641
0.680547	9.236216	83.061567
0.681152	8.290345	74.019563
0.681758	7.216293	64.220580
0.682363	6.038967	53.402168
0.682969	4.932110	42.496996
0.683574	3.702539	31.090786
0.684180	2.386097	19.102471
0.684785	1.118253	7.034717
0.685391	-0.201834	-5.106511
0.685996	-1.524352	-17.213578
0.686602	-2.783690	-29.152548
0.687207	-4.129900	-40.801144
0.687813	-5.241010	-51.957648
0.688418	-6.430486	-62.629382
0.689023	-7.491173	-72.684849
0.689629	-8.443119	-81.964087
0.690234	-9.385344	-90.142830
0.690840	-10.308737	-97.818909
0.691445	-10.977590	-104.137466
0.692051	-11.513401	-109.164658
0.692656	-11.956265	-113.432701
0.693262	-12.314080	-116.405853
0.693867	-12.532171	-118.069744
0.694473	-12.578948	-118.457452
0.695078	-12.460486	-117.613712
0.695684	-12.264873	-115.559673
0.696289	-11.895516	-112.165193
0.696895	-11.449006	-107.613012
0.697500	-10.884643	-102.074480
0.698105	-10.110694	-95.329985
0.698711	-9.379269	-87.432398
0.699316	-8.359284	-78.982801
0.699922	-7.359347	-69.403971
0.700527	-6.330249	-59.023425
0.701133	-5.131053	-48.155668
0.701738	-3.996859	-36.829711
0.702344	-2.694996	-25.010307
0.702949	-1.426545	-12.939029
0.703555	-0.104635	-0.789937
0.704160	1.250080	11.400907
0.704766	2.541008	23.493062
0.705371	3.782729	35.350695
0.705977	5.018982	46.698884
0.706582	6.221216	57.537359
0.707187	7.379102	68.136160
0.707793	8.455584	77.595696
0.708398	9.374725	86.338107
0.709004	10.265921	94.495974
0.709609	11.010103	101.294694
0.710215	11.762790	107.153424
0.710820	12.289488	111.855808
0.711426	12.641836	115.441973
0.712031	12.931611	117.763612
0.712637	13.042175	118.804731
0.713242	13.110215	118.687605
0.713848	12.904274	117.296194
0.714453	12.737820	114.661676
0.715059	12.344770	110.681568
0.715664	11.896439	106.008736
0.716270	11.169267	99.839297
0.716875	10.453637	92.596747
0.717480	9.554544	84.616195
0.718086	8.631758	75.746084
0.718691	7.619670	65.950354
0.719297	6.470896	55.512330
0.719902	5.307542	44.559711
0.720508	4.081616	33.071893
0.721113	2.836858	21.206940
0.721719	1.469993	9.135933
0.722324	0.175420	-2.914469
0.722930	-1.154995	-15.144627
0.723535	-2.393071	-27.206958
0.724141	-3.756898	-38.652481
0.724746	-4.999226	-49.991724
0.725352	-6.123093	-60.887406
0.725957	-7.246960	-70.917117
0.726562	-8.227458	-80.279048
0.727168	-9.204310	-88.812151
0.727773	-10.113124	-96.413941
0.728379	-10.764359	-102.947230
0.728984	-11.378537	-108.473290
0.729590	-11.935610	-112.815350
0.730195	-12.226601	-115.971511
0.730801	-12.518806	-117.847422
0.731406	-12.591098	-118.396178
0.732012	-12.562546	-118.011181
0.732617	-12.258190	-115.945754
0.733223	-12.096597	-112.757872
0.733828	-11.625788	-108.541343
0.734434	-11.069322	-103.083334
0.735039	-10.316635	-96.482807
0.735645	-9.589463	-88.930090
0.736250	-8.770559	-80.450670
0.736855	-7.685572	-71.025838
0.737461	-6.622454	-60.882797
0.738066	-5.518635	-50.099360
0.738672	-4.315794	-38.845793
0.739277	-3.076503	-27.126977
0.739883	-1.760668	-14.971107
0.740488	-0.569977	-3.041085
0.741094	0.764691	9.195038
0.741699	2.095714	21.592750
0.742305	3.398792	33.311838
0.742910	4.667242	44.793150
0.743516	5.852466	55.865334
0.744121	6.905863	66.287362
0.744727	8.025477	76.026427
0.745332	9.045462	85.020713
0.745938	9.868011	93.051694
0.746543	10.639531	100.175762
0.747148	11.382498	106.116915
0.747754	11.937141	110.993361
0.748359	12.363603	114.977265
0.748965	12.613891	117.309750
0.749570	12.917639	118.573190
0.750176	12.993576	118.839435
0.750781	12.833197	117.642149
0.751387	12.652771	115.241612
0.751992	12.243926	111.558656
0.752598	11.825362	106.841360
0.753203	11.260998	100.994830
0.753809	10.547799	94.085763
0.754414	9.645668	86.154556
0.755020	8.819474	77.321860
0.755625	7.750889	67.696939
0.756230	6.681697	57.293889
0.756836	5.438154	46.515604
0.757441	4.263258	35.057880
0.758047	3.049482	23.139245
0.758652	1.685654	11.373252
0.759258	0.431176	-0.722156
0.759863	-0.859752	-12.935233
0.760469	-2.124558	-24.959336
0.761074	-3.395438	-36.702011
0.761680	-4.666926	-48.044778
0.762285	-5.854580	-58.941545
0.762891	-6.925595	-69.134202
0.763496	-7.985674	-78.673990
0.764102	-8.958275	-87.386036
0.764707	-9.752879	-95.234549
0.765312	-10.512248	-101.769193
0.765918	-11.099696	-107.525168
0.766523	-11.634292	-112.228365
0.767129	-12.030987	-115.360667
0.767734	-12.280060	-117.463509
0.768340	-12.388802	-118.392382
0.768945	-12.374829	-117.984611
0.769551	-12.239358	-116.292251
0.770156	-11.887011	-113.400437
0.770762	-11.519476	-109.297509
0.771367	-10.935065	-104.031186
0.771973	-10.251633	-97.621530
0.772578	-9.495301	-90.304963
0.773184	-8.581627	-82.006925
0.773789	-7.734779	-72.567994
0.774395	-6.667409	-62.651071
0.775000	-5.501018	-52.097277
0.775605	-4.338271	-40.662328
0.776211	-3.115383	-28.987704
0.776816	-1.887027	-17.110551
0.777422	-0.521985	-4.904795
0.778027	0.732494	7.244839
0.778633	2.014309	19.389863
0.779238	3.315565	31.291147
0.779844	4.502611	42.855694
0.780449	5.724284	54.025212
0.781055	6.865161	64.527764
0.781660	7.924026	74.270082
0.782266	8.894803	83.544711
0.782871	9.868011	91.928696
0.783477	10.614623	98.860808
0.784082	11.321748	105.206479
0.784687	11.868494	110.328835
0.785293	12.305891	114.262852
0.785898	12.606601	117.016935
0.786504	12.822262	118.566141
0.787109	12.855067	118.834283
0.787715	12.769410	117.924389
0.788320	12.625433	115.672429
0.788926	12.259721	112.290692
0.789531	11.767042	107.809545
0.790137	11.174734	101.890896
0.790742	10.511349	95.277355
0.791348	9.617723	87.691290
0.791953	8.767229	78.846936
0.792559	7.670092	69.331549
0.793164	6.590573	59.196913
0.793770	5.478856	48.437877
0.794375	4.304567	37.081012
0.794980	3.038547	25.378462
0.795586	1.664392	13.341617
0.796191	0.426316	1.219096
0.796797	-0.914427	-10.932436
0.797402	-2.224187	-22.963588
0.798008	-3.458010	-34.676711
0.798613	-4.674216	-46.322324
0.799219	-5.844860	-57.217464
0.799824	-6.886715	-67.286217
0.800430	-8.064041	-77.142408
0.801035	-8.946125	-85.939315
0.801641	-9.873163	-93.899261
0.802246	-10.602158	-100.796399
0.802852	-11.234560	-106.654316
0.803457	-11.665275	-111.366460
0.804063	-12.081409	-114.908432
0.804668	-12.294033	-117.238205
0.805273	-12.450766	-118.331379
0.805879	-12.385764	-118.161926
0.806484	-12.356605	-116.534094
0.807090	-11.989070	-114.045442
0.807695	-11.501858	-110.156160
0.808301	-11.076004	-104.844017
0.808906	-10.425984	-98.688405
0.809512	-9.687877	-91.573555
0.810117	-8.786961	-83.340044
0.810723	-7.758471	-74.209925
0.811328	-6.842368	-64.287037
0.811934	-5.701491	-53.779876
0.812539	-4.539352	-42.611984
0.813145	-3.255714	-30.987519
0.813750	-1.987264	-19.053159
0.814355	-0.695121	-7.023904
0.814961	0.620715	5.335851
0.815566	1.954167	17.434513
0.816172	3.275470	29.220840
0.816777	4.412702	41.058951
0.817383	5.669610	52.329599
0.817988	6.805626	62.905626
0.818594	7.885753	72.910122
0.819199	8.888121	82.137575
0.819805	9.824879	90.508274
0.820410	10.606726	97.932478
0.821016	11.311421	104.336169
0.821621	11.981488	109.650481
0.822227	12.401268	113.797602
0.822832	12.785812	116.644410
0.823438	12.992968	118.523303
0.824043	13.051288	119.004549
0.824648	12.975351	118.058325
0.825254	12.799177	116.270258
0.825859	12.457765	113.129009
0.826465	12.015508	108.698834
0.827070	11.394647	103.171147
0.827676	10.739160	96.636774
0.828281	9.953061	89.051251
0.828887	9.043032	80.479919
0.829492	7.987813	71.131816
0.830098	6.846936	61.066859
0.830703	5.713957	50.350661
0.831309	4.560323	38.931708
0.831914	3.301592	27.473713
0.832520	1.880660	15.455846
0.833125	0.627397	3.125643
0.833730	-0.581519	-8.816038
0.834336	-1.927122	-20.778324
0.834941	-3.231415	-32.699400
0.835547	-4.390516	-44.199690
0.836152	-5.692986	-55.264825
0.836758	-6.829003	-65.714508
0.837363	-7.873288	-75.497224
0.837969	-8.838598	-84.457619
0.838574	-9.693952	-92.533607
0.839180	-10.494631	-99.641679
0.839785	-11.167736	-105.885135
0.840391	-11.652517	-110.589417
0.840996	-12.063792	-114.279423
0.841602	-12.394877	-117.057907
0.842207	-12.478104	-118.174127
0.842812	-12.590490	-118.185785
0.843418	-12.452589	-116.990668
0.844023	-12.239358	-114.500389
0.844629	-11.845093	-110.770529
0.845234	-11.307460	-105.876730
0.845840	-10.669590	-99.891385
0.846445	-9.921155	-92.890678
0.847051	-9.132626	-84.802490
0.847656	-8.162456	-75.757775
0.848262	-7.131536	-66.172437
0.848867	-6.018604	-55.644400
0.849473	-4.887447	-44.391917
0.850078	-3.679746	-33.100122
0.850684	-2.363911	-21.232187
0.851289	-1.052328	-9.022363
0.851895	0.230095	3.195051
0.852500	1.515555	15.324351
0.853105	2.794941	27.274708
0.853711	4.105309	39.027957
0.854316	5.316655	50.316770
0.854922	6.543796	61.083940
0.855527	7.571071	71.169231
0.856133	8.619000	80.685432
0.856738	9.563656	88.991603
0.857344	10.377700	96.617524
0.857949	11.129172	103.491887
0.858555	11.738490	108.812706
0.859160	12.296171	113.102168
0.859766	12.606601	116.352680
0.860371	12.907919	118.326738
0.860977	12.999043	119.000754
0.861582	12.999043	118.499987
0.862187	12.808897	116.730628
0.862793	12.519122	113.750156
0.863398	12.116352	109.521155
0.864004	11.569606	104.163734
0.864609	10.830284	97.927055
0.865215	10.063017	90.382201
0.865820	9.125044	81.852081
0.866426	8.183426	72.934794
0.867031	7.207788	62.903185
0.867637	5.988545	52.259920
0.868242	4.864678	41.108567
0.868848	3.539730	29.461598
0.869453	2.305907	17.588241
0.870059	0.960912	5.471955
0.870664	-0.280201	-6.629147
0.871270	-1.622766	-18.717506
0.871875	-2.953789	-30.703381
0.872480	-4.140228	-42.258438
0.873086	-5.332134	-53.221902
0.873691	-6.564135	-64.020250
0.874297	-7.537950	-73.997363
0.874902	-8.585272	-82.809453
0.875508	-9.445486	-91.098273
0.876113	-10.255278	-98.492382
0.876719	-10.962402	-104.651519
0.877324	-11.441109	-109.737815
0.877930	-11.998790	-113.764015
0.878535	-12.253938	-116.499662
0.879141	-12.402774	-117.992473
0.879746	-12.540068	-118.261700
0.880352	-12.434364	-117.261793
0.880957	-12.153094	-115.031251
0.881563	-11.855421	-111.425837
0.882168	-11.388864	-106.794487
0.882773	-10.829968	-101.242127
0.883379	-10.029897	-94.029672
0.883984	-9.223750	-86.148081
0.884590	-8.348957	-77.418955
0.885195	-7.332617	-67.766378
0.885801	-6.274360	-57.405896
0.886406	-5.086706	-46.433485
0.887012	-3.880827	-34.988775
0.887617	-2.595367	-23.170456
0.888223	-1.257662	-11.041970
0.888828	0.022331	1.082449
0.889434	1.304754	13.169724
0.890039	2.550120	25.354875
0.890645	3.810673	37.085892
0.891250	5.164781	48.297434
0.891855	6.258880	59.379108
0.892461	7.352980	69.676690
0.893066	8.411845	79.048653
0.893672	9.344350	87.788895
0.894277	10.180264	95.527332
0.894883	11.012533	102.327407
0.895488	11.641898	107.988217
0.896094	12.109062	112.537144
0.896699	12.533702	115.943553
0.897305	12.808290	118.079744
0.897910	12.897591	118.862480
0.898516	12.942546	118.742101
0.899121	12.665528	117.150600
0.899727	12.562861	114.185311
0.900332	12.049528	110.301722
0.900937	11.563531	105.301101
0.901543	10.892249	99.062254
0.902148	10.160217	91.832175
0.902754	9.355285	83.587549
0.903359	8.334693	74.494845
0.903965	7.289800	64.642992
0.904570	6.212711	54.161316
0.905176	4.996505	43.093199
0.905781	3.753569	31.534617
0.906387	2.564700	19.517292
0.906992	1.236715	7.586456
0.907598	-0.109495	-4.410264
0.908203	-1.397993	-16.745617
0.908809	-2.677986	-28.646088
0.909414	-3.936717	-40.175659
0.910020	-5.100678	-51.399131
0.910625	-6.303519	-62.123192
0.911230	-7.316822	-72.113861
0.911836	-8.333162	-81.338331
0.912441	-9.285107	-89.764883
0.913047	-10.108871	-97.239515
0.913652	-10.817211	-103.654051
0.914258	-11.360919	-108.925526
0.914863	-11.894301	-113.217970
0.915469	-12.135476	-116.187326
0.916074	-12.410672	-117.671462
0.916680	-12.473851	-118.342495
0.917285	-12.379689	-117.548100
0.917891	-12.204123	-115.395642
0.918496	-11.874253	-112.130218
0.919102	-11.408912	-107.666966
0.919707	-10.818426	-102.026762
0.920312	-10.116161	-95.280912
0.920918	-9.297257	-87.592904
0.921523	-8.376294	-78.946471
0.922129	-7.434676	-69.438946
0.922734	-6.326604	-59.147600
0.923340	-5.216102	-48.434384
0.923945	-3.903305	-37.066403
0.924551	-2.711398	-25.062634
0.925156	-1.481220	-13.063204
0.925762	-0.159917	-1.004939
0.926367	1.181433	11.204071
0.926973	2.447454	23.320627
0.927578	3.745064	35.125932
0.928184	4.889586	46.561695
0.928789	6.162289	57.527870
0.929395	7.236341	67.871814
0.930000	8.258148	77.500260
0.930605	9.225281	86.288492
0.931211	10.106757	94.328148
0.931816	10.807807	101.227184
0.932422	11.567176	106.912665
0.933027	12.109670	111.856351
0.933633	12.406735	115.447124
0.934238	12.698333	117.765781
0.934844	12.889086	118.906131
0.935449	12.978996	118.828861
0.936055	12.748147	117.465918
0.936660	12.441362	114.861766
0.937266	12.108455	111.050568
0.937871	11.604233	106.196625
0.938477	11.048983	100.120724
0.939082	10.252556	92.966832
0.939688	9.374117	84.945069
0.940293	8.487174	76.216486
0.940898	7.370597	66.239915
0.941504	6.331780	55.880246
0.942109	5.091274	45.064816
0.942715	3.869601	33.485629
0.943320	2.626665	21.692253
0.943926	1.364897	9.639411
0.944531	0.044809	-2.458167
0.945137	-1.275279	-14.599667
0.945742	-2.530365	-26.587981
0.946348	-3.796993	-38.279685
0.946953	-5.004086	-49.495295
0.947559	-6.268892	-60.378505
0.948164	-7.251212	-70.567366
0.948770	-8.288207	-79.779094
0.949375	-9.237115	-88.494935
0.949980	-10.033542	-96.200295
0.950586	-10.764359	-102.624049
0.951191	-11.379752	-108.128149
0.951797	-11.877291	-112.514673
0.952402	-12.275808	-115.682492
0.953008	-12.451374	-117.599343
0.953613	-12.585023	-118.344122
0.954219	-12.437402	-117.690170
0.954824	-12.267910	-115.902916
0.955430	-11.999397	-112.784713
0.956035	-11.520691	-108.555441
0.956641	-10.957542	-103.243027
0.957246	-10.325747	-96.473046
0.957852	-9.560303	-88.986213
0.958457	-8.585272	-80.629883
0.959063	-7.604167	-71.137541
0.959668	-6.512498	-60.957356
0.960273	-5.403818	-50.249563
0.960879	-4.219810	-38.954785
0.961484	-2.968976	-27.213736
0.962090	-1.658609	-15.169299
0.962695	-0.359176	-3.017497
0.963301	1.012549	9.163045
0.963906	2.247588	21.282855
0.964512	3.532441	33.221825
0.965117	4.774161	44.495184
0.965723	6.003732	55.682325
0.966328	7.056522	66.271366
0.966934	8.151836	75.861041
0.967539	9.147522	84.886235
0.968145	10.038110	93.017532
0.968750	10.812667	100.157055
0.969355	11.519184	106.215062
0.969961	12.084762	111.176641
0.970566	12.472952	114.978892
0.971172	12.746932	117.510382
0.971777	12.951051	118.880103
0.972383	13.022128	118.972828
0.972988	12.892731	117.925474
0.973594	12.673426	115.321051
0.974199	12.273086	111.810802
0.974805	11.788305	107.322064
0.975410	11.182024	101.336176
0.976016	10.490087	94.417890
0.976621	9.652958	86.546060
0.977227	8.811577	77.813138
0.977832	7.692570	68.132907
0.978437	6.594825	57.833970
0.979043	5.458201	46.974076
0.979648	4.235313	35.575457
0.980254	2.967470	23.729483
0.980859	1.683224	11.734661
0.981465	0.315752	-0.233048
0.982070	-0.944801	-12.601207
0.982676	-2.175587	-24.569459
0.983281	-3.519367	-36.163558
0.983887	-4.711881	-47.610979
0.984492	-5.980939	-58.480634
0.985098	-6.981484	-68.660005
0.985703	-8.026377	-78.264863
0.986309	-8.992902	-86.996159
0.986914	-9.848863	-94.792074
0.987520	-10.586970	-101.546600
0.988125	-11.188998	-107.236691
0.988730	-11.736959	-111.791855
0.989336	-12.148841	-115.335724
0.989941	-12.373614	-117.286465
0.990547	-12.495721	-118.336802
0.991152	-12.445906	-118.050223
0.991758	-12.316510	-116.157231
0.992363	-12.029165	-113.306899
0.992969	-11.568075	-109.282868
0.993574	-11.123389	-104.131773
0.994180	-10.335467	-97.705307
0.994785	-9.613155	-90.381420
0.995391	-8.721351	-82.050033
0.995996	-7.754219	-72.796281
0.996602	-6.724514	-62.802630
0.997207	-5.609152	-52.117611
0.997812	-4.416031	-40.987677
0.998418	-3.162160	-29.201351
0.999023	-1.865157	-17.321757
0.999629	-0.620399	-5.339136
1.000234	0.697259	7.047189
1.000840	2.022814	19.216344
1.001445	3.254208	31.094310
1.002051	4.585230	42.693832
1.002656	5.706667	53.854946
1.003262	6.827496	64.376476
1.003867	7.943465	74.241885
1.004473	8.882046	83.412673
1.005078	9.823664	91.703934
1.005684	10.617053	98.973596
1.006289	11.372778	105.031332
1.006895	11.852699	110.319617
1.007500	12.263974	114.372115
1.008105	12.692258	116.968404
1.008711	12.839272	118.667542
1.009316	12.891516	119.058503
1.009922	12.848384	118.093571
1.010527	12.588984	115.882279
1.011133	12.285236	112.516539
1.011738	11.869101	108.005569
1.012344	11.217259	102.310326
1.012949	10.578174	95.636324
1.013555	9.734970	87.886229
1.014160	8.794567	79.252538
1.014766	7.801312	69.656356
1.015371	6.710857	59.519280
1.015977	5.651385	48.958165
1.016582	4.350130	37.341833
1.017187	3.115091	25.668295
1.017793	1.795611	13.783821
1.018398	0.498608	1.717694
1.019004	-0.779563	-10.483725
1.019609	-2.117875	-22.522468
1.020215	-3.363849	-34.284936
1.020820	-4.594027	-45.736695
1.021426	-5.815093	-56.763602
1.022031	-6.937137	-67.152281
1.022637	-7.963197	-76.734094
1.023242	-8.961312	-85.772574
1.023848	-9.726149	-93.623256
1.024453	-10.535333	-100.352025
1.025059	-11.297132	-106.481067
1.025664	-11.793456	-111.256384
1.026270	-12.156739	-114.774767
1.026875	-12.419784	-117.109692
1.027480	-12.530348	-118.240824
1.028086	-12.538853	-118.104719
1.028691	-12.366325	-116.670741
1.029297	-12.178001	-114.012907
1.029902	-11.758222	-110.161854
1.030508	-11.201756	-105.135476
1.031113	-10.600943	-98.898798
1.031719	-9.837321	-91.829225
1.032324	-8.914535	-83.653735
1.032930	-8.042779	-74.345487
1.033535	-6.971764	-64.597204
1.034141	-5.849720	-54.116070
1.034746	-4.679076	-42.896665
1.035352	-3.453758	-31.306633
1.035957	-2.124558	-19.403994
1.036563	-0.907744	-7.285811
1.037168	0.405661	4.928893
1.037773	1.782853	17.069579
1.038379	3.005134	29.048133
1.038984	4.294847	40.644402
1.039590	5.448481	51.993404
1.040195	6.684735	62.574040
1.040801	7.802527	72.504519
1.041406	8.728957	81.974087
1.042012	9.659033	90.431275
1.042617	10.556304	97.754349
1.043223	11.327215	104.261881
1.043828	11.931674	109.593003
1.044434	12.307713	113.731990
1.045039	12.662491	116.728730
1.045645	12.926751	118.514899
1.046250	13.017875	119.028680
1.046855	12.952266	118.304235
1.047461	12.762727	116.293304
1.048066	12.529449	113.242068
1.048672	12.044668	108.827618
1.049277	11.607878	103.212629
1.049883	10.870379	96.898951
1.050488	10.036288	89.360333
1.051094	9.166354	80.823434
1.051699	8.167631	71.459605
1.052305	7.156759	61.444264
1.052910	5.924150	50.686855
1.053516	4.769301	39.431933
1.054121	3.496598	27.820752
1.054727	2.191090	15.846808
1.055332	0.947547	3.787187
1.055937	-0.457590	-8.499093
1.056543	-1.689591	-20.422066
1.057148	-3.142113	-32.327417
1.057754	-4.276914	-44.067652
1.058359	-5.448773	-54.820994
1.058965	-6.606660	-65.235431
1.059570	-7.691647	-75.225286
1.060176	-8.636302	-84.175650
1.060781	-9.529320	-92.275496
1.061387	-10.313597	-99.348051
1.061992	-10.980020	-105.485769
1.062598	-11.548636	-110.479341
1.063203	-11.973882	-114.244719
1.063809	-12.313472	-116.822842
1.064414	-12.461094	-118.309418
1.065020	-12.537638	-118.236214
1.065625	-12.430719	-117.024288
1.066230	-12.226601	-114.787239
1.066836	-11.791634	-110.967907
1.067441	-11.289842	-105.995754
1.068047	-10.650757	-100.098795
1.068652	-9.980690	-93.112458
1.069258	-9.136271	-85.079037
1.069863	-8.224420	-76.124064
1.070469	-7.195930	-66.440308
1.071074	-6.110943	-55.958091
1.071680	-4.940299	-44.902987
1.072285	-3.690074	-33.392936
1.072891	-2.465363	-21.658937
1.073496	-1.131303	-9.422272
1.074102	-0.031128	2.838523
1.074707	1.366112	14.763123
1.075312	2.709284	26.859616
1.075918	3.892078	38.629675
1.076523	5.208521	50.007417
1.077129	6.302013	60.706805
1.077734	7.450179	70.869367
1.078340	8.475024	80.322396
1.078945	9.349210	88.850076
1.079551	10.213069	96.471930
1.080156	10.903184	103.078151
1.080762	11.524652	108.616954
1.081367	12.051958	112.909941
1.081973	12.409772	116.222269
1.082578	12.649126	118.307488
1.083184	12.814972	118.743457
1.083789	12.787027	118.374998
1.084395	12.664313	116.790817
1.085000	12.360565	113.770761
1.085605	11.921346	109.619302
1.086211	11.361843	104.319630
1.086816	10.696635	97.980738
1.087422	9.965818	90.593950
1.088027	9.074622	82.230842
1.088633	8.090479	73.054902
1.089238	6.988483	63.186239
1.089844	5.898636	52.421510
1.090449	4.718879	41.299981
1.091055	3.446176	29.936337
1.091660	2.183801	17.870210
1.092266	0.911705	5.735217
1.092871	-0.446655	-6.317354
1.093477	-1.689591	-18.411136
1.094082	-3.009071	-30.323264
1.094688	-4.236820	-41.884828
1.095293	-5.473073	-53.047026
1.095898	-6.553200	-63.600821
1.096504	-7.625430	-73.525606
1.097109	-8.656349	-82.663588
1.097715	-9.515348	-90.824437
1.098320	-10.353692	-98.323471
1.098926	-10.935673	-104.646909
1.099531	-11.521906	-109.531489
1.100137	-11.982387	-113.640653
1.100742	-12.255153	-116.546566
1.101348	-12.466561	-117.994100
1.101953	-12.448944	-118.208831
1.102559	-12.369970	-117.269926
1.103164	-12.128794	-115.080867
1.103770	-11.789204	-111.607490
1.104375	-11.337835	-106.932761
1.104980	-10.676272	-101.159163
1.105586	-9.914473	-94.387556
1.106191	-9.087671	-86.382333
1.106797	-8.243252	-77.708245
1.107402	-6.986952	-68.091186
1.108008	-6.046549	-57.582398
1.108613	-4.942122	-46.682377
1.109219	-3.711336	-35.308973
1.109824	-2.389426	-23.461915
1.110430	-1.116723	-11.417749
1.111035	0.174813	0.739476
1.111641	1.496723	12.941708
1.112246	2.779754	25.040641
1.112852	4.059139	36.746715
1.113457	5.278990	48.174886
1.114062	6.454494	58.937989
1.114668	7.524901	69.369777
1.115273	8.557036	78.804912
1.115879	9.520524	87.348318
1.116484	10.397140	95.385534
1.117090	11.090900	102.189133
1.117695	11.766435	107.864313
1.118301	12.270049	112.374198
1.118906	12.643658	115.850286
1.119512	12.942546	118.052089
1.120117	13.054933	118.967948
1.120723	13.078625	118.681098
1.121328	12.905489	117.170934
1.121934	12.609031	114.368862
1.122539	12.213551	110.363810
1.123145	11.691713	105.341499
1.123750	11.119452	99.258277
1.124355	10.423262	91.846003
1.124961	9.398417	83.828579
1.125566	8.447079	74.851373
1.126172	7.371812	64.907067
1.126777	6.294115	54.424036
1.127383	5.049357	43.337211
1.127988	3.812496	31.805741
1.128594	2.543438	19.905271
1.129199	1.253117	7.893098
1.129805	-0.121037	-4.249216
1.130410	-1.497622	-16.343540
1.131016	-2.767288	-28.462807
1.131621	-3.993214	-39.983432
1.132227	-5.317554	-51.173556
1.132832	-6.448711	-62.145153
1.133438	-7.523978	-71.988330
1.134043	-8.542748	-81.163998
1.134648	-9.465533	-89.679207
1.135254	-10.306307	-97.215928
1.135859	-11.002497	-103.623957
1.136465	-11.661630	-108.970262
1.137070	-12.144589	-113.206854
1.137676	-12.470206	-116.180819
1.138281	-12.694372	-117.949094
1.138887	-12.730214	-118.377199
1.139492	-12.721102	-117.773134
1.140098	-12.445906	-115.726686
1.140703	-12.116036	-112.249784
1.141309	-11.758829	-108.064163
1.141914	-11.131286	-102.386544
1.142520	-10.433274	-95.575353
1.143125	-9.668437	-87.952415
1.143730	-8.736539	-79.335805
1.144336	-7.733564	-69.829365
1.144941	-6.644324	-59.569470
1.145547	-5.468213	-48.772206
1.146152	-4.263549	-37.418051
1.146758	-2.982949	-25.619253
1.147363	-1.727256	-13.528182
1.147969	-0.398055	-1.499199
1.148574	0.939042	10.659110
1.149180	2.200203	23.017239
1.149785	3.536086	34.654447
1.150391	4.725562	46.082076
1.150996	5.961815	57.164292
1.151602	7.020680	67.514743
1.152207	8.054637	77.140749
1.152813	9.091024	86.043395
1.153418	9.988903	94.052957
1.154023	10.846687	101.030889
1.154629	11.399507	106.854103
1.155234	11.999713	111.653278
1.155840	12.369070	115.381512
1.156445	12.686790	117.667092
1.157051	12.821654	118.721224
1.157656	12.776092	118.832114
1.158262	12.812542	117.500350
1.158867	12.550711	114.871798
1.159473	12.182569	111.207278
1.160078	11.706293	106.337339
1.160684	11.004635	100.310783
1.161289	10.375270	93.326072
1.161895	9.535711	85.298616
1.162500	8.622645	76.357470
1.163105	7.602660	66.681577
1.163711	6.448419	56.238673
1.164316	5.274738	45.356546
1.164922	4.094374	33.916717
1.165527	2.774894	21.871466
1.166133	1.498546	10.114150
1.166738	0.171168	-1.954417
1.167344	-1.077235	-14.275402
1.167949	-2.362696	-26.098601
1.168555	-3.685821	-37.870287
1.169160	-4.846138	-49.133072
1.169766	-6.069634	-59.989984
1.170371	-7.137003	-70.136278
1.170977	-8.159418	-79.580902
1.171582	-9.050007	-88.098280
1.172187	-9.878023	-95.834006
1.172793	-10.553558	-102.354822
1.173398	-11.251570	-107.918298
1.174004	-11.735744	-112.581370
1.174609	-12.008510	-115.484571
1.175215	-12.288565	-117.435584
1.175820	-12.382727	-118.272274
1.176426	-12.323192	-117.727042
1.177031	-12.194403	-115.930029
1.177637	-11.823831	-112.808843
1.178242	-11.328722	-108.598821
1.178848	-10.835436	-103.233537
1.179453	-10.131349	-96.663376
1.180059	-9.370764	-89.170035
1.180664	-8.486858	-80.750805
1.181270	-7.454723	-71.430627
1.181875	-6.433523	-61.223330
1.182480	-5.225215	-50.667095
1.183086	-4.050926	-39.316194
1.183691	-2.883320	-27.483234
1.184297	-1.565662	-15.573004
1.184902	-0.244967	-3.372128
1.185508	0.996147	8.768288
1.186113	2.317450	20.880506
1.186719	3.548235	32.715093
1.187324	4.800891	44.304583
1.187930	6.026210	55.374328
1.188535	7.150684	65.831873
1.189141	8.221698	75.477942
1.189746	9.191261	84.536214
1.190352	10.045400	92.870040
1.190957	10.860659	99.816794
1.191563	11.555634	105.865582
1.192168	12.044668	111.068734
1.192773	12.448045	114.848210
1.193379	12.783990	117.384038
1.193984	12.943761	118.752675
1.194590	12.986286	118.934328
1.195195	12.856282	117.808077
1.195801	12.585339	115.426248
1.196406	12.215374	111.899459
1.197012	11.719658	107.260518
1.197617	11.106087	101.329669
1.198223	10.363120	94.403521
1.198828	9.566693	86.816642
1.199434	8.622645	77.847571
1.200039	7.508499	68.137787
1.200645	6.394352	58.060087
1.201250	5.218241	47.217545
1.201855	3.973482	35.772565
1.202461	2.697134	23.999523
1.203066	1.412281	12.022325
1.203672	0.022331	-0.124055
1.204277	-1.244904	-12.218380
1.204883	-2.579572	-24.262275
1.205488	-3.837088	-35.992207
1.206094	-5.064228	-47.495751
1.206699	-6.257957	-58.431560
1.207305	-7.350842	-68.446901
1.207910	-8.382369	-78.197625
1.208516	-9.395064	-87.001310
1.209121	-10.212753	-94.695283
1.209727	-10.983057	-101.482073
1.210332	-11.564430	-107.213917
1.210937	-12.136691	-111.893527
1.211543	-12.509086	-115.217514
1.212148	-12.772132	-117.404404
1.212754	-12.750869	-118.327855
1.213359	-12.845031	-118.033684
1.213965	-12.628763	-116.350001
1.214570	-12.403382	-113.558774
1.215176	-11.904628	-109.615267
1.215781	-11.366387	-104.143702
1.216387	-10.726087	-97.988633
1.216992	-9.898070	-90.776719
1.217598	-9.040287	-82.303264
1.218203	-8.055536	-73.066050
1.218809	-6.945642	-63.124455
1.219414	-5.798083	-52.434827
1.220020	-4.618934	-41.262598
1.220625	-3.316464	-29.585805
1.221230	-2.002451	-17.647378
1.221836	-0.716991	-5.501269
1.222441	0.677212	6.764406
1.223047	1.940802	18.770073
1.223652	3.290050	30.674338
1.224258	4.439431	42.484253
1.224863	5.739472	53.640486
1.225469	6.941098	64.077155
1.226074	7.990850	74.097376
1.226680	9.131727	83.322660
1.227285	9.908106	91.531498
1.227891	10.825424	98.861080
1.228496	11.537409	105.180451
1.229102	12.156447	110.328835
1.229707	12.616321	114.374555
1.230312	12.886656	117.163885
1.230918	13.148487	118.860582
1.231523	13.181292	119.046574
1.232129	13.256621	118.081099
1.232734	13.022735	116.204104
1.233340	12.661883	112.786850
1.233945	12.262151	108.199965
1.234551	11.629748	102.638116
1.235156	11.021038	96.012103
1.235762	10.185731	88.289391
1.236367	9.207056	79.603102
1.236973	8.207119	70.187218
1.237578	7.176806	60.028452
1.238184	5.956955	49.261825
1.238789	4.783274	37.904146
1.239395	3.503888	26.290525
