LabVIEW Measurement	
Writer_Version	2
Reader_Version	2
Separator	Tab
Decimal_Separator	.
Multi_Headings	No
X_Columns	One
Time_Pref	Absolute
Operator	AlunosGDS-JT
Date	2019/10/09
Time	15:19:08.4651639249999940857
***End_of_Header***	
	
Channels	2		
Samples	2048	2048	
Date	2019/10/09	2019/10/09	
Time	15:43:03.9855545499999838204	15:43:03.9855545499999838204	
Y_Unit_Label	g	Newtons	
X_Dimension	Time	Time	
X0	0.0000000000000000E+0	0.0000000000000000E+0	
Delta_X	0.000605	0.000605	
***End_of_Header***			
X_Value	Acceleration (Trigger)	Force (Trigger)	Comment
0.000000	-0.771058	-11.401752
0.000605	-2.033433	-24.259834
0.001211	-3.258144	-36.627994
0.001816	-4.505333	-48.915088
0.002422	-5.640742	-60.529793
0.003027	-6.663157	-71.087925
0.003633	-7.687394	-81.011355
0.004238	-8.574945	-90.086707
0.004844	-9.341604	-97.912447
0.005449	-10.030504	-104.599734
0.006055	-10.594868	-110.026563
0.006660	-10.992777	-114.170159
0.007266	-11.297132	-116.806575
0.007871	-11.445969	-117.999252
0.008477	-11.480596	-117.846337
0.009082	-11.320217	-116.448419
0.009687	-11.028012	-113.201431
0.010293	-10.777116	-108.726521
0.010898	-10.153218	-103.085232
0.011504	-9.520816	-96.061479
0.012109	-8.680042	-87.742293
0.012715	-7.877540	-78.539242
0.013320	-6.897650	-68.362852
0.013926	-5.824813	-57.302055
0.014531	-4.732536	-45.579172
0.015137	-3.524227	-33.279877
0.015742	-2.254562	-20.657945
0.016348	-1.077235	-7.729913
0.016953	0.267152	5.252344
0.017559	1.459666	18.217792
0.018164	2.751201	30.719074
0.018770	4.036662	43.284884
0.019375	5.156276	55.067144
0.019980	6.277105	66.005393
0.020586	7.252743	76.291587
0.021191	8.233848	85.734584
0.021797	9.169391	94.059735
0.022402	9.861936	101.190582
0.023008	10.514994	107.156406
0.023613	11.087255	111.784774
0.024219	11.400722	115.058874
0.024824	11.745172	116.879204
0.025430	11.796202	117.318155
0.026035	11.790735	116.486345
0.026641	11.556849	113.945908
0.027246	11.217866	110.019211
0.027852	10.878276	105.233320
0.028457	10.283538	98.860537
0.029062	9.631088	91.274472
0.029668	8.760547	82.573272
0.030273	7.883323	72.936692
0.030879	6.859693	62.358225
0.031484	5.709704	51.046095
0.032090	4.588875	39.146438
0.032695	3.335005	26.735170
0.033301	2.096929	13.947851
0.033906	0.830908	1.012770
0.034512	-0.446048	-11.980874
0.035117	-1.724826	-24.580575
0.035723	-2.958042	-37.307161
0.036328	-4.179108	-49.458693
0.036934	-5.312087	-60.771094
0.037539	-6.413476	-71.504915
0.038145	-7.355094	-81.462506
0.038750	-8.378724	-90.387656
0.039355	-9.210993	-98.201465
0.039961	-9.850686	-104.848084
0.040566	-10.415049	-110.233973
0.041172	-10.850016	-114.263969
0.041777	-11.187783	-116.890894
0.042383	-11.385827	-118.027448
0.042988	-11.409519	-118.013350
0.043594	-11.243673	-116.121172
0.044199	-11.091191	-112.896145
0.044805	-10.717582	-108.603972
0.045410	-10.252240	-102.845287
0.046016	-9.552405	-95.690852
0.046621	-8.811261	-87.462764
0.047227	-7.989319	-78.172410
0.047832	-7.011252	-67.927426
0.048438	-6.036221	-56.838974
0.049043	-4.963384	-45.119344
0.049648	-3.817648	-32.917926
0.050254	-2.638499	-20.220892
0.050859	-1.367011	-7.188206
0.051465	-0.126505	5.672316
0.052070	1.107318	18.494881
0.052676	2.360582	31.473614
0.053281	3.538515	43.702958
0.053887	4.682430	55.340437
0.054492	5.820876	66.456815
0.055098	6.868198	76.696105
0.055703	7.746637	86.005438
0.056309	8.595916	94.272296
0.056914	9.361967	101.394467
0.057520	9.995585	107.278684
0.058125	10.497984	111.838999
0.058730	10.874024	114.963980
0.059336	11.175949	116.837180
0.059941	11.221511	117.334151
0.060547	11.163192	116.044954
0.061152	11.045945	113.678036
0.061758	10.724580	110.045239
0.062363	10.333353	104.861337
0.062969	9.680295	98.348383
0.063574	9.053360	90.807325
0.064180	8.227166	82.131881
0.064785	7.404617	72.416946
0.065391	6.459354	61.818687
0.065996	5.373759	50.524180
0.066602	4.186106	38.624253
0.067207	3.043407	26.214882
0.067812	1.833276	13.230185
0.068418	0.588517	0.531795
0.069023	-0.629511	-12.260946
0.069629	-1.937449	-25.347315
0.070234	-3.014539	-37.771598
0.070840	-4.217380	-49.754761
0.071445	-5.360079	-61.182661
0.072051	-6.422588	-71.921905
0.072656	-7.355702	-81.808190
0.073262	-8.236570	-90.661763
0.073867	-8.940657	-98.411858
0.074473	-9.633202	-105.001269
0.075078	-10.090039	-110.366824
0.075684	-10.535941	-114.214353
0.076289	-10.781976	-116.833958
0.076895	-10.891325	-118.070015
0.077500	-10.971515	-117.505534
0.078105	-10.812959	-115.749460
0.078711	-10.516501	-112.708798
0.079316	-10.116161	-108.092903
0.079922	-9.474646	-102.205975
0.080527	-8.856215	-95.120406
0.081133	-8.164278	-86.848938
0.081738	-7.292522	-77.529574
0.082344	-6.335717	-67.240397
0.082949	-5.300544	-56.144624
0.083555	-4.222847	-44.468103
0.084160	-2.997529	-32.127056
0.084766	-1.848147	-19.314523
0.085371	-0.622829	-6.608813
0.085977	0.639547	6.402997
0.086582	1.873370	19.461711
0.087188	3.092006	32.058429
0.087793	4.315502	44.322477
0.088398	5.407779	56.084403
0.089004	6.456924	67.079317
0.089609	7.425272	77.195787
0.090215	8.351702	86.499155
0.090820	9.201589	94.714501
0.091426	9.854646	101.815795
0.092031	10.507704	107.548181
0.092637	11.008888	111.926572
0.093242	11.360020	115.329998
0.093848	11.592691	117.034558
0.094453	11.572644	117.094206
0.095059	11.525867	116.115446
0.095664	11.260391	113.676681
0.096270	10.930521	109.785230
0.096875	10.396532	104.480407
0.097480	9.827309	98.033879
0.098086	9.107427	90.400096
0.098691	8.256326	81.594783
0.099297	7.255173	71.815050
0.099902	6.230328	61.202692
0.100508	5.087022	49.907914
0.101113	3.927313	37.748249
0.101719	2.739659	25.305259
0.102324	1.401346	12.731586
0.102930	0.154158	-0.313029
0.103535	-1.136770	-13.303691
0.104141	-2.369378	-26.042207
0.104746	-3.697364	-38.521257
0.105352	-4.836418	-50.535600
0.105957	-5.928695	-61.933676
0.106563	-7.027046	-72.604325
0.107168	-7.989927	-82.473801
0.107773	-8.895095	-91.297279
0.108379	-9.720074	-99.070962
0.108984	-10.345187	-105.455403
0.109590	-10.939318	-110.673466
0.110195	-11.153156	-114.726507
0.110801	-11.579010	-117.117554
0.111406	-11.711444	-117.991118
0.112012	-11.645835	-117.728940
0.112617	-11.507326	-115.918371
0.113223	-11.210261	-112.674908
0.113828	-10.800809	-108.035966
0.114434	-10.222473	-102.093458
0.115039	-9.552405	-94.939566
0.115645	-8.794858	-86.608179
0.116250	-7.852025	-77.125327
0.116855	-6.895827	-66.921012
0.117461	-5.815700	-55.842592
0.118066	-4.680899	-43.840721
0.118672	-3.502965	-31.625475
0.119277	-2.238767	-19.008423
0.119883	-1.018916	-5.856713
0.120488	0.277480	7.181667
0.121094	1.531958	20.034326
0.121699	2.803446	32.653548
0.122305	3.989277	44.892923
0.122910	5.151416	56.595744
0.123516	6.295330	67.539686
0.124121	7.317138	77.758100
0.124727	8.259363	86.983384
0.125332	9.148737	95.181919
0.125938	9.903246	101.981452
0.126543	10.518639	107.876784
0.127148	11.084217	112.469092
0.127754	11.376423	115.340301
0.128359	11.668628	117.034830
0.128965	11.748817	117.356926
0.129570	11.751247	116.240164
0.130176	11.570821	113.630319
0.130781	11.233054	109.707417
0.131387	10.826639	104.455464
0.131992	10.180264	97.840296
0.132598	9.446409	90.147950
0.133203	8.619000	81.304951
0.133809	7.746637	71.568326
0.134414	6.733942	60.896050
0.135020	5.591850	49.280532
0.135625	4.398729	37.524571
0.136230	3.262713	25.096764
0.136836	1.967532	12.180661
0.137441	0.689362	-0.690706
0.138047	-0.631941	-13.607080
0.138652	-1.831137	-26.390060
0.139258	-3.027904	-38.899747
0.139863	-4.208875	-50.877759
0.140469	-5.440268	-62.253874
0.141074	-6.485768	-72.946755
0.141680	-7.441358	-82.740588
0.142285	-8.358069	-91.578706
0.142891	-9.135056	-99.085331
0.143496	-9.846433	-105.662542
0.144102	-10.411404	-111.017794
0.144707	-10.723049	-114.546209
0.145313	-11.102734	-116.984703
0.145918	-11.282553	-118.025008
0.146523	-11.207223	-117.568706
0.147129	-11.075397	-115.657007
0.147734	-10.800809	-112.367452
0.148340	-10.494023	-107.751286
0.148945	-9.936342	-101.754824
0.149551	-9.294827	-94.477841
0.150156	-8.545178	-86.082198
0.150762	-7.681319	-76.802418
0.151367	-6.670447	-66.381745
0.151973	-5.645602	-55.039521
0.152578	-4.532062	-43.479854
0.153184	-3.354736	-31.082955
0.153789	-2.175587	-18.177968
0.154395	-0.892557	-5.259155
0.155000	0.285377	7.709817
0.155605	1.488826	20.568984
0.156211	2.715359	33.186850
0.156816	3.896938	45.403180
0.157422	5.073657	57.082141
0.158027	6.214533	67.980535
0.158633	7.144609	78.149061
0.159238	8.076507	87.288670
0.159844	8.888121	95.211743
0.160449	9.570946	102.404949
0.161055	10.196666	108.141402
0.161660	10.687523	112.390737
0.162266	11.118845	115.454445
0.162871	11.395255	117.076854
0.163477	11.448715	117.246578
0.164082	11.392217	115.985578
0.164687	11.155902	113.316627
0.165293	10.779255	109.332181
0.165898	10.410505	104.021935
0.166504	9.773242	97.334377
0.167109	9.029667	89.568828
0.167715	8.263616	80.879557
0.168320	7.327465	70.837103
0.168926	6.259488	60.026554
0.169531	5.313010	48.963316
0.170137	4.016614	36.831306
0.170742	2.910973	24.317823
0.171348	1.680794	11.532403
0.171953	0.380754	-1.384785
0.172559	-0.841527	-14.334236
0.173164	-2.099650	-27.104744
0.173770	-3.299454	-39.552073
0.174375	-4.509585	-51.506768
0.174980	-5.643172	-62.896168
0.175586	-6.652222	-73.631887
0.176191	-7.675852	-83.285548
0.176797	-8.632050	-91.944995
0.177402	-9.336137	-99.733861
0.178008	-9.876200	-106.026662
0.178613	-10.447246	-111.050058
0.179219	-10.829361	-114.823299
0.179824	-11.049882	-117.159579
0.180430	-11.166521	-118.034227
0.181035	-11.223625	-117.546474
0.181641	-11.108809	-115.619591
0.182246	-10.854876	-112.263883
0.182852	-10.403507	-107.468774
0.183457	-9.874985	-101.389619
0.184062	-9.195805	-94.181773
0.184668	-8.418211	-85.877228
0.185273	-7.454116	-76.100205
0.185879	-6.539228	-65.751652
0.186484	-5.523495	-54.746164
0.187090	-4.385048	-42.806923
0.187695	-3.221695	-30.368542
0.188301	-1.995769	-17.631381
0.188906	-0.791105	-4.705247
0.189512	0.432998	8.294362
0.190117	1.675327	21.186063
0.190723	2.904898	33.793898
0.191328	4.062177	45.938109
0.191934	5.228568	57.620052
0.192539	6.262525	68.595445
0.193145	7.228443	78.455161
0.193750	8.193754	87.566031
0.194355	9.007798	95.922632
0.194961	9.690623	102.754428
0.195566	10.329708	108.237922
0.196172	10.723365	112.548803
0.196777	11.120667	115.608172
0.197383	11.359413	117.131079
0.197988	11.412265	117.151142
0.198594	11.301093	115.847033
0.199199	11.083002	113.222005
0.199805	10.779255	109.093862
0.200410	10.291436	103.562650
0.201016	9.688193	97.066506
0.201621	8.988358	89.335389
0.202227	8.099592	80.066183
0.202832	7.227836	70.407913
0.203437	6.193271	59.758683
0.204043	5.080339	48.281980
0.204648	3.882358	36.209617
0.205254	2.715359	23.681765
0.205859	1.467563	10.892277
0.206465	0.202150	-2.031959
0.207070	-1.069945	-14.963787
0.207676	-2.270357	-27.694169
0.208281	-3.454365	-40.093508
0.208887	-4.610429	-52.153671
0.209492	-5.796261	-63.512434
0.210098	-6.765216	-73.818692
0.210703	-7.718376	-83.670545
0.211309	-8.643592	-92.490498
0.211914	-9.361044	-99.850987
0.212520	-10.035972	-106.141077
0.213125	-10.489163	-111.261535
0.213730	-10.878568	-114.961572
0.214336	-11.051704	-117.179100
0.214941	-11.180493	-117.997896
0.215547	-11.190213	-117.472457
0.216152	-11.048059	-115.434413
0.216758	-10.752816	-111.991674
0.217363	-10.328785	-107.049615
0.217969	-9.709139	-101.210135
0.218574	-9.068839	-93.815483
0.219180	-8.212878	-85.049213
0.219785	-7.358132	-75.733645
0.220391	-6.366091	-65.288842
0.220996	-5.331526	-54.006807
0.221602	-4.222847	-42.146735
0.222207	-3.027904	-29.767459
0.222812	-1.830530	-17.041414
0.223418	-0.603996	-4.072442
0.224023	0.637724	8.940452
0.224629	1.940195	21.806396
0.225234	3.234160	34.328013
0.225840	4.413309	46.644388
0.226445	5.466706	58.178569
0.227051	6.492766	68.808820
0.227656	7.541911	79.128363
0.228262	8.426424	88.295356
0.228867	9.254441	96.169897
0.229473	9.917218	102.960754
0.230078	10.624343	108.595536
0.230684	11.019215	112.848124
0.231289	11.318711	115.702795
0.231895	11.547736	117.188828
0.232500	11.561101	117.212687
0.233105	11.510679	115.840255
0.233711	11.225764	112.950338
0.234316	10.843649	108.821653
0.234922	10.358260	103.502461
0.235527	9.751980	96.651686
0.236133	9.026630	88.698518
0.236738	8.134827	79.922216
0.237344	7.224191	70.009631
0.237949	6.108222	59.158142
0.238555	5.027487	47.669510
0.239160	3.867778	35.660048
0.239766	2.638815	23.119453
0.240371	1.411066	10.277367
0.240977	0.159018	-2.641989
0.241582	-1.181725	-15.503325
0.242187	-2.399753	-28.268140
0.242793	-3.657876	-40.877872
0.243398	-4.693656	-52.601298
0.244004	-5.932340	-63.756446
0.244609	-7.055599	-74.589770
0.245215	-7.955300	-84.240720
0.245820	-8.817336	-92.730443
0.246426	-9.666007	-100.212667
0.247031	-10.230370	-106.511975
0.247637	-10.718797	-111.531846
0.248242	-11.095444	-115.135363
0.248848	-11.312927	-117.342046
0.249453	-11.448399	-118.112582
0.250059	-11.375499	-117.530477
0.250664	-11.281338	-115.315390
0.251270	-10.941748	-111.865872
0.251875	-10.501921	-107.146136
0.252480	-9.866481	-100.694998
0.253086	-9.190338	-93.354843
0.253691	-8.377509	-84.894943
0.254297	-7.470518	-75.288187
0.254902	-6.545910	-64.770452
0.255508	-5.470643	-53.501973
0.256113	-4.255652	-41.609908
0.256719	-3.122065	-29.208942
0.257324	-1.900392	-16.402645
0.257930	-0.575444	-3.441264
0.258535	0.735531	9.461011
0.259141	1.901315	22.363829
0.259746	3.187991	35.084993
0.260352	4.419991	47.020709
0.260957	5.511053	58.548654
0.261562	6.639780	69.679130
0.262168	7.599623	79.571923
0.262773	8.622038	88.553737
0.263379	9.470709	96.525341
0.263984	10.087925	103.308336
0.264590	10.703925	108.841717
0.265195	11.185669	112.990193
0.265801	11.540446	115.821547
0.266406	11.719658	117.286162
0.267012	11.751855	117.155751
0.267617	11.764612	115.603021
0.268223	11.431097	112.884455
0.268828	11.115807	108.783425
0.269434	10.610978	103.029620
0.270039	9.981613	96.317660
0.270645	9.235608	88.485143
0.271250	8.413059	79.470794
0.271855	7.519434	69.508593
0.272461	6.383417	58.628093
0.273066	5.350675	47.177419
0.273672	4.033017	35.012060
0.274277	2.861765	22.487461
0.274883	1.615185	9.641580
0.275488	0.290237	-3.258798
0.276094	-0.976999	-16.211231
0.276699	-2.296479	-29.069042
0.277305	-3.578294	-41.227080
0.277910	-4.713704	-53.124297
0.278516	-5.847290	-64.490380
0.279121	-6.875780	-74.972598
0.279727	-7.879363	-84.574474
0.280332	-8.759016	-93.163700
0.280938	-9.563340	-100.615016
0.281543	-10.196351	-106.815364
0.282148	-10.737629	-111.750373
0.282754	-11.080864	-115.315661
0.283359	-11.349985	-117.538882
0.283965	-11.462979	-118.133187
0.284570	-11.502466	-117.391390
0.285176	-11.238813	-115.431973
0.285781	-10.956327	-111.781552
0.286387	-10.637392	-106.713421
0.286992	-10.069991	-100.516869
0.287598	-9.387774	-93.144992
0.288203	-8.599245	-84.522418
0.288809	-7.676459	-74.857370
0.289414	-6.739094	-64.359427
0.290020	-5.665042	-53.047840
0.290625	-4.550287	-41.076877
0.291230	-3.450113	-28.664795
0.291836	-2.161615	-15.922212
0.292441	-0.913819	-3.018581
0.293047	0.335799	10.115506
0.293652	1.535603	22.955693
0.294258	2.864195	35.304332
0.294863	4.055494	47.652429
0.295469	5.204268	59.238666
0.296074	6.248553	69.925311
0.296680	7.211433	79.888054
0.297285	8.139079	88.893999
0.297891	8.996863	96.803515
0.298496	9.710670	103.553974
0.299102	10.324848	108.963180
0.299707	10.762852	113.102710
0.300312	11.179594	115.945722
0.300918	11.353338	117.125656
0.301523	11.499744	117.031034
0.302129	11.292588	115.729365
0.302734	11.145574	112.711477
0.303340	10.815097	108.358573
0.303945	10.346718	102.881586
0.304551	9.723427	96.092084
0.305156	9.025415	88.109906
0.305762	8.244176	79.039977
0.306367	7.304380	69.065033
0.306973	6.252198	58.208935
0.307578	5.133799	46.638152
0.308184	4.019044	34.494212
0.308789	2.814381	21.983983
0.309395	1.602427	9.200460
0.310000	0.313929	-3.962095
0.310605	-0.836667	-16.707660
0.311211	-2.186522	-29.204604
0.311816	-3.365064	-41.726492
0.312422	-4.482855	-53.642145
0.313027	-5.590927	-64.893543
0.313633	-6.639464	-75.303099
0.314238	-7.567717	-84.867289
0.314844	-8.413959	-93.382498
0.315449	-9.186693	-100.787994
0.316055	-9.813628	-106.890736
0.316660	-10.256493	-111.814900
0.317266	-10.614307	-115.345484
0.317871	-10.853053	-117.260166
0.318477	-10.987917	-118.079504
0.319082	-10.959365	-117.446700
0.319688	-10.742489	-115.010917
0.320293	-10.437526	-111.346668
0.320898	-10.008027	-106.398645
0.321504	-9.449131	-100.100151
0.322109	-8.731071	-92.601659
0.322715	-7.968057	-83.971222
0.323320	-7.107843	-74.330846
0.323926	-6.086643	-63.740721
0.324531	-5.021704	-52.358912
0.325137	-3.950689	-40.416418
0.325742	-2.818925	-28.133662
0.326348	-1.583887	-15.221084
0.326953	-0.266836	-2.043075
0.327559	0.906845	10.592414
0.328164	2.126696	23.533731
0.328770	3.335005	36.170033
0.329375	4.477096	48.266255
0.329980	5.667180	59.771697
0.330586	6.646463	70.468103
0.331191	7.617848	80.388821
0.331797	8.506614	89.324002
0.332402	9.249581	97.117478
0.333008	9.949416	103.786870
0.333613	10.481582	109.204210
0.334219	10.909259	113.217667
0.334824	11.161369	115.721773
0.335430	11.383713	117.237631
0.336035	11.440817	117.048928
0.336641	11.284083	115.332438
0.337246	11.033188	112.403209
0.337852	10.669298	108.160923
0.338457	10.173581	102.486015
0.339062	9.453092	95.527874
0.339668	8.733210	87.573080
0.340273	7.900941	78.486883
0.340879	6.959930	68.385595
0.341484	5.822091	57.483406
0.342090	4.724347	45.969830
0.342695	3.501458	33.883640
0.343301	2.305300	21.107980
0.343906	0.964557	8.168560
0.344512	-0.251649	-4.379084
0.345117	-1.502482	-17.388725
0.345723	-2.693173	-30.174417
0.346328	-3.987139	-42.536341
0.346934	-5.134090	-54.300164
0.347539	-6.234872	-65.506284
0.348145	-7.305279	-75.977928
0.348750	-8.187970	-85.491960
0.349355	-9.057296	-93.897905
0.349961	-9.828816	-101.249719
0.350566	-10.377384	-107.483686
0.351172	-10.883428	-112.214538
0.351777	-11.196288	-115.455832
0.352383	-11.418632	-117.698846
0.352988	-11.503681	-118.263869
0.353594	-11.466624	-117.210821
0.354199	-11.277693	-114.946660
0.354805	-10.941140	-111.264789
0.355410	-10.391357	-106.230277
0.356016	-9.789329	-99.863188
0.356621	-9.109541	-92.290950
0.357227	-8.281525	-83.609271
0.357832	-7.351449	-73.908434
0.358438	-6.325389	-63.227753
0.359043	-5.247692	-51.867906
0.359648	-4.097096	-40.061245
0.360254	-2.786120	-27.251423
0.360859	-1.691413	-14.532970
0.361465	-0.432075	-1.702543
0.362070	0.912920	11.361323
0.362676	2.118798	24.209916
0.363281	3.402437	36.756204
0.363887	4.538453	48.823687
0.364492	5.718209	60.314488
0.365098	6.846936	71.035024
0.365703	7.857809	80.887691
0.366309	8.738070	89.775153
0.366914	9.504121	97.474277
0.367520	10.227041	104.203860
0.368125	10.811452	109.366614
0.368730	11.274363	113.342384
0.369336	11.602411	116.231488
0.369941	11.754892	117.387020
0.370547	11.808959	117.036185
0.371152	11.700218	115.434652
0.371758	11.483342	112.447402
0.372363	11.038655	107.992012
0.372969	10.506489	102.246341
0.373574	9.893526	95.344865
0.374180	9.103782	87.278096
0.374785	8.264223	78.115171
0.375391	7.333540	67.955049
0.375996	6.320237	57.056113
0.376602	5.175716	45.652343
0.377207	4.020867	33.237008
0.377812	2.697134	20.674180
0.378418	1.474853	8.050350
0.379023	0.146868	-4.963087
0.379629	-1.108825	-17.949410
0.380234	-2.481765	-30.676268
0.380840	-3.611707	-42.985865
0.381445	-4.792070	-54.757822
0.382051	-5.875842	-65.933034
0.382656	-6.926202	-76.346928
0.383262	-7.964412	-85.866925
0.383867	-8.834953	-94.254976
0.384473	-9.584603	-101.602994
0.385078	-10.173873	-107.518118
0.385684	-10.619167	-112.230534
0.386289	-10.961795	-115.778199
0.386895	-11.240635	-117.623473
0.387500	-11.336620	-118.087638
0.388105	-11.352415	-117.202688
0.388711	-11.170166	-114.868305
0.389316	-10.845156	-111.044364
0.389922	-10.400469	-105.915772
0.390527	-9.748019	-99.514522
0.391133	-9.050614	-91.939573
0.391738	-8.268160	-83.179809
0.392344	-7.364206	-73.325516
0.392949	-6.394644	-62.827845
0.393555	-5.273207	-51.506226
0.394160	-4.127470	-39.164636
0.394766	-2.979911	-26.814099
0.395371	-1.715713	-14.120047
0.395977	-0.397448	-1.038559
0.396582	0.763476	11.916857
0.397187	2.034964	24.766534
0.397793	3.298555	37.277306
0.398398	4.421206	49.297342
0.399004	5.584560	60.781365
0.399609	6.634920	71.420563
0.400215	7.639110	81.168033
0.400820	8.561288	90.055767
0.401426	9.260516	97.865781
0.402031	10.058157	104.217958
0.402637	10.608548	109.503532
0.403242	11.048375	113.621100
0.403848	11.358198	116.111379
0.404453	11.545914	117.289144
0.405059	11.613953	116.957559
0.405664	11.428060	115.231309
0.406270	11.231839	112.166517
0.406875	10.878884	107.691064
0.407480	10.347933	101.895777
0.408086	9.728895	94.954446
0.408691	8.949478	86.813389
0.409297	8.114779	77.409976
0.409902	7.075354	67.462416
0.410508	5.901066	56.454217
0.411113	4.941830	44.687682
0.411719	3.697679	32.696928
0.412324	2.530680	20.117833
0.412930	1.286530	7.190885
0.413535	0.022331	-5.737418
0.414141	-1.250372	-18.575979
0.414746	-2.479335	-31.238581
0.415352	-3.663344	-43.617043
0.415957	-4.908102	-55.390898
0.416563	-5.939022	-66.501582
0.417168	-7.052561	-76.820583
0.417773	-7.974132	-86.346815
0.418379	-8.833131	-94.792887
0.418984	-9.633810	-101.740454
0.419590	-10.207893	-107.794666
0.420195	-10.672627	-112.642101
0.420801	-11.032264	-115.866044
0.421406	-11.300170	-117.689356
0.422012	-11.354845	-118.097399
0.422617	-11.288627	-117.173948
0.423223	-11.125819	-114.766633
0.423828	-10.741274	-110.838852
0.424434	-10.354907	-105.699144
0.425039	-9.759561	-99.311178
0.425645	-9.077344	-91.602565
0.426250	-8.259655	-82.701275
0.426855	-7.425564	-73.137627
0.427461	-6.421981	-62.309997
0.428066	-5.253767	-50.697732
0.428672	-4.175463	-38.807836
0.429277	-2.909442	-26.249889
0.429883	-1.659824	-13.383402
0.430488	-0.417495	-0.405212
0.431094	0.785953	12.516042
0.431699	2.020384	25.366804
0.432305	3.209253	37.862664
0.432910	4.415132	49.883513
0.433516	5.519558	61.221129
0.434121	6.577816	71.827250
0.434727	7.564996	81.772912
0.435332	8.402732	90.503665
0.435937	9.270236	97.946848
0.436543	9.914788	104.617325
0.437148	10.515601	109.899645
0.437754	10.962718	113.726839
0.438359	11.213006	116.197868
0.438965	11.394647	117.280468
0.439570	11.503389	116.988467
0.440176	11.360020	115.180609
0.440781	11.112770	112.003029
0.441387	10.776217	107.514291
0.441992	10.283538	101.724697
0.442598	9.665715	94.516037
0.443203	8.854709	86.317231
0.443809	7.975663	77.275498
0.444414	7.075962	66.981712
0.445020	6.050509	55.916306
0.445625	4.944260	44.400019
0.446230	3.813711	32.185316
0.446836	2.603580	19.502651
0.447441	1.356999	6.703945
0.448047	0.166308	-6.191552
0.448652	-1.088170	-19.081627
0.449258	-2.318956	-31.782999
0.449863	-3.592874	-44.172849
0.450469	-4.683329	-55.815479
0.451074	-5.765278	-66.872210
0.451680	-6.824143	-77.399434
0.452285	-7.736601	-86.709038
0.452891	-8.533028	-94.772824
0.453496	-9.250480	-102.121384
0.454102	-9.828816	-107.984995
0.454707	-10.351262	-112.600077
0.455313	-10.614307	-115.865501
0.455918	-10.882213	-117.692339
0.456523	-10.911373	-118.042631
0.457129	-10.822678	-116.957862
0.457734	-10.675665	-114.454027
0.458340	-10.302662	-110.668586
0.458945	-9.837928	-105.437780
0.459551	-9.313660	-98.750222
0.460156	-8.522093	-91.048657
0.460762	-7.661272	-82.368063
0.461367	-6.907370	-72.397457
0.461973	-5.883740	-61.601819
0.462578	-4.818800	-50.241158
0.463184	-3.701009	-38.158764
0.463789	-2.492700	-25.601630
0.464395	-1.345141	-12.795604
0.465000	-0.043278	0.214850
0.465605	1.053859	13.077541
0.466211	2.371517	25.922881
0.466816	3.542160	38.410878
0.467422	4.672102	50.304298
0.468027	5.814801	61.636220
0.468633	6.824459	72.453006
0.469238	7.828041	82.057864
0.469844	8.601383	90.687759
0.470449	9.398417	98.470389
0.471055	10.007735	104.846154
0.471660	10.548406	109.980169
0.472266	10.940241	113.767236
0.472871	11.194174	116.210611
0.473477	11.309598	117.198318
0.474082	11.350300	116.727917
0.474687	11.171089	114.877491
0.475293	10.903184	111.697472
0.475898	10.459712	107.077509
0.476504	9.951238	101.004048
0.477109	9.287246	94.113146
0.477715	8.377217	85.985917
0.478320	7.555276	76.545089
0.478926	6.562628	66.274348
0.479531	5.528063	55.305191
0.480137	4.402982	43.705127
0.480742	3.187383	31.406375
0.481348	1.955382	18.718017
0.481953	0.699081	5.890572
0.482559	-0.623436	-7.039087
0.483164	-1.854222	-19.946514
0.483770	-3.068606	-32.627552
0.484375	-4.241072	-44.770678
0.484980	-5.443913	-56.529079
0.485586	-6.363661	-67.762040
0.486191	-7.452901	-77.862515
0.486797	-8.390874	-87.114369
0.487402	-9.240153	-95.387735
0.488008	-9.983120	-102.530511
0.488613	-10.496453	-108.395749
0.489219	-10.893755	-112.915395
0.489824	-11.199326	-116.063693
0.490430	-11.493961	-117.796993
0.491035	-11.444146	-118.094416
0.491641	-11.413772	-116.949457
0.492246	-11.137969	-114.447791
0.492852	-10.744312	-110.477985
0.493457	-10.226725	-104.948400
0.494063	-9.542078	-98.536304
0.494668	-8.877478	-90.852634
0.495273	-8.016657	-81.743392
0.495879	-7.064711	-71.798272
0.496484	-6.039866	-61.165038
0.497090	-4.905672	-49.628688
0.497695	-3.755076	-37.496135
0.498301	-2.485410	-24.930597
0.498906	-1.243689	-12.120775
0.499512	0.002892	0.849553
0.500117	1.251902	13.895524
0.500723	2.578065	26.697212
0.501328	3.842871	38.926828
0.501934	5.010477	51.070768
0.502539	6.196308	62.543674
0.503145	7.216901	72.904157
0.503750	8.262401	82.600927
0.504355	9.092239	91.345507
0.504961	9.914181	98.961667
0.505566	10.532004	105.309777
0.506172	11.138892	110.339409
0.506777	11.547736	114.091773
0.507383	11.835689	116.425884
0.507988	12.095697	117.398136
0.508594	12.033125	116.854803
0.509199	11.918916	115.080835
0.509805	11.602411	111.586039
0.510410	11.306561	106.879859
0.511016	10.718505	101.149642
0.511621	10.030213	93.935831
0.512227	9.255048	85.556998
0.512832	8.379040	76.319513
0.513437	7.405832	65.998886
0.514043	6.293508	54.909891
0.514648	5.215203	43.222254
0.515254	3.977127	30.949530
0.515859	2.664329	18.247616
0.516465	1.423824	5.406885
0.517070	0.083689	-7.623090
0.517676	-1.176257	-20.415017
0.518281	-2.397931	-32.981098
0.518887	-3.701616	-45.527929
0.519492	-4.779921	-57.089222
0.520098	-5.977294	-67.962130
0.520703	-7.036766	-78.243445
0.521309	-7.999039	-87.589379
0.521914	-8.807616	-95.772189
0.522520	-9.601005	-102.811667
0.523125	-10.239483	-108.642201
0.523730	-10.725479	-113.182724
0.524336	-11.058387	-116.252667
0.524941	-11.326900	-117.924963
0.525547	-11.431996	-118.177380
0.526152	-11.362134	-117.149005
0.526758	-11.202363	-114.285930
0.527363	-10.822678	-110.269762
0.527969	-10.404722	-105.078540
0.528574	-9.808161	-98.306119
0.529180	-9.163001	-90.458419
0.529785	-8.325872	-81.564992
0.530391	-7.431031	-71.595471
0.530996	-6.435953	-60.795495
0.531602	-5.387416	-49.266737
0.532207	-4.224670	-37.137980
0.532813	-3.137253	-24.588437
0.533418	-1.829922	-11.722222
0.534023	-0.627689	1.347338
0.534629	0.609172	14.102121
0.535234	1.896455	26.955865
0.535840	3.098689	39.629582
0.536445	4.186713	51.334030
0.537051	5.426004	62.668934
0.537656	6.428979	73.231675
0.538262	7.366952	82.901333
0.538867	8.255718	91.482425
0.539473	9.124437	99.032430
0.540078	9.761700	105.376203
0.540684	10.328493	110.383060
0.541289	10.748880	114.063304
0.541895	11.061740	116.350782
0.542500	11.208146	117.319510
0.543105	11.283476	116.698093
0.543711	11.218474	114.557565
0.544316	10.891641	111.438819
0.544922	10.491909	106.823737
0.545527	10.013810	100.688730
0.546133	9.397810	93.506912
0.546738	8.716807	85.237342
0.547344	7.779442	75.822270
0.547949	6.839039	65.475344
0.548555	5.847606	54.379843
0.549160	4.694579	42.656146
0.549766	3.560385	30.390471
0.550371	2.324132	17.648159
0.550977	1.146198	4.796584
0.551582	-0.072438	-7.979889
0.552187	-1.351216	-21.148138
0.552793	-2.442885	-33.676533
0.553398	-3.613529	-45.657255
0.554004	-4.757443	-57.352484
0.554609	-5.821775	-68.391863
0.555215	-6.895220	-78.618410
0.555820	-7.721414	-87.775100
0.556426	-8.520878	-95.940287
0.557031	-9.185478	-102.918219
0.557637	-9.769281	-108.686936
0.558242	-10.143498	-113.113587
0.558848	-10.429629	-116.130661
0.559453	-10.677487	-117.873179
0.560059	-10.674450	-117.805940
0.560664	-10.594260	-116.607569
0.561270	-10.427199	-114.130033
0.561875	-10.051767	-109.783364
0.562480	-9.573668	-104.371989
0.563086	-8.931545	-97.708561
0.563691	-8.121146	-89.822361
0.564297	-7.321682	-80.855187
0.564902	-6.506423	-70.879159
0.565508	-5.438446	-60.046378
0.566113	-4.396591	-48.509486
0.566719	-3.281229	-36.384253
0.567324	-2.157362	-23.688575
0.567930	-0.896809	-10.975816
0.568535	0.360706	1.931611
0.569141	1.507658	15.123718
0.569746	2.767604	27.818583
0.570352	3.980165	40.150413
0.570957	5.136836	52.072573
0.571562	6.202383	63.378467
0.572168	7.179844	73.838723
0.572773	8.042487	83.372005
0.573379	8.961020	92.020607
0.573984	9.646275	99.445624
0.574590	10.308446	105.666306
0.575195	10.824209	110.561189
0.575801	11.141322	114.234113
0.576406	11.378853	116.508577
0.577012	11.579326	117.073329
0.577617	11.480304	116.549246
0.578223	11.249456	114.701532
0.578828	10.919586	111.079579
0.579434	10.497377	106.335984
0.580039	9.936051	100.276079
0.580645	9.273273	93.066334
0.581250	8.402732	84.602097
0.581855	7.562566	75.185399
0.582461	6.521318	64.828712
0.583066	5.464276	53.707183
0.583672	4.238958	41.901064
0.584277	3.065884	29.494675
0.584883	1.805331	16.980650
0.585488	0.445148	3.942813
0.586094	-0.660493	-9.071437
0.586699	-1.951421	-21.771996
0.587305	-3.199217	-34.319640
0.587910	-4.386263	-46.551424
0.588516	-5.592750	-58.214932
0.589121	-6.708111	-69.108987
0.589727	-7.645477	-79.285376
0.590332	-8.582842	-88.495477
0.590938	-9.398101	-96.583936
0.591543	-10.049337	-103.426849
0.592148	-10.587578	-109.045905
0.592754	-11.050489	-113.679966
0.593359	-11.274048	-116.488817
0.593965	-11.458726	-117.802144
0.594570	-11.522513	-118.174669
0.595176	-11.362742	-116.829620
0.595781	-11.168343	-113.972781
0.596387	-10.730339	-109.745407
0.596992	-10.277147	-104.267064
0.597598	-9.559695	-97.521485
0.598203	-8.820981	-89.549339
0.598809	-7.996002	-80.552612
0.599414	-7.025224	-70.544592
0.600020	-5.952994	-59.709912
0.600625	-4.826698	-47.979166
0.601230	-3.645726	-35.840378
0.601836	-2.395501	-23.449172
0.602441	-1.153780	-10.315356
0.603047	0.094623	2.768030
0.603652	1.401346	15.586257
0.604258	2.619375	28.377913
0.604863	3.929743	40.789453
0.605469	5.087629	52.692364
0.606074	6.212103	63.907431
0.606680	7.297090	74.341930
0.607285	8.204081	83.917236
0.607891	9.126867	92.484230
0.608496	9.866189	99.781276
0.609102	10.651073	105.993553
0.609707	11.097582	111.007731
0.610313	11.497314	114.352594
0.610918	11.829007	116.541383
0.611523	11.911019	117.465104
0.612129	11.903729	116.671794
0.612734	11.742135	114.568138
0.613340	11.514324	111.067920
0.613945	11.035010	106.237023
0.614551	10.531396	100.117200
0.615156	9.874694	92.838861
0.615762	9.053360	84.379504
0.616367	8.109919	74.870894
0.616973	7.079607	64.484113
0.617578	6.026210	53.212109
0.618184	4.890801	41.545349
0.618789	3.627817	29.240090
0.619395	2.454136	16.326698
0.620000	1.200873	3.533957
0.620605	-0.116178	-9.290506
0.621211	-1.449630	-22.158077
0.621816	-2.637284	-34.808206
0.622422	-3.849237	-46.975463
0.623027	-5.050864	-58.551939
0.623633	-6.132206	-69.489917
0.624238	-7.144901	-79.685827
0.624844	-8.071939	-88.732711
0.625449	-8.949162	-96.713805
0.626055	-9.593108	-103.718037
0.626660	-10.198781	-109.444458
0.627266	-10.643467	-113.480419
0.627871	-11.017077	-116.403412
0.628477	-11.142221	-118.019315
0.629082	-11.221195	-118.035040
0.629687	-11.105164	-116.538975
0.630293	-10.837258	-113.720635
0.630898	-10.532296	-109.526609
0.631504	-10.061487	-103.968014
0.632109	-9.435159	-97.148147
0.632715	-8.729856	-89.175458
0.633320	-7.945580	-80.123422
0.633926	-6.887930	-69.999089
0.634531	-5.914722	-59.035354
0.635137	-4.789640	-47.618842
0.635742	-3.633577	-35.409018
0.636348	-2.554665	-22.631189
0.636953	-1.246727	-9.783410
0.637559	-0.108888	3.151400
0.638164	1.301717	16.165650
0.638770	2.480258	28.894948
0.639375	3.660015	41.249552
0.639980	4.801499	53.117487
0.640586	5.986722	64.328487
0.641191	7.015212	74.763258
0.641797	7.972018	84.223878
0.642402	8.841951	92.621690
0.643008	9.622583	100.014172
0.643613	10.322418	106.310227
0.644219	10.771965	110.852105
0.644824	11.240344	114.527199
0.645430	11.461472	116.686706
0.646035	11.626711	117.296465
0.646641	11.557456	116.481735
0.647246	11.387358	114.320059
0.647852	11.096975	110.816317
0.648457	10.719112	105.918181
0.649062	10.135917	99.653577
0.649668	9.445194	92.290918
0.650273	8.722275	83.928352
0.650879	7.773974	74.346539
0.651484	6.855441	63.711408
0.652090	5.700592	52.746588
0.652695	4.522051	40.916611
0.653301	3.461364	28.455726
0.653906	2.182586	15.739713
0.654512	0.888620	2.922571
0.655117	-0.359176	-9.979162
0.655723	-1.567484	-22.822603
0.656328	-2.788550	-35.398173
0.656934	-4.023589	-47.549163
0.657539	-5.176008	-59.114252
0.658145	-6.251275	-70.036233
0.658750	-7.277335	-80.184968
0.659355	-8.228065	-89.132891
0.659961	-9.023884	-97.241684
0.660566	-9.777786	-104.159970
0.661172	-10.295980	-109.420328
0.661777	-10.675057	-113.693522
0.662383	-11.060817	-116.616787
0.662988	-11.203578	-117.985695
0.663594	-11.131894	-117.929844
0.664199	-11.102126	-116.485563
0.664805	-10.869456	-113.570974
0.665410	-10.481873	-109.286664
0.666016	-9.993447	-103.638055
0.666621	-9.333707	-96.796227
0.667227	-8.611395	-88.836010
0.667832	-7.703796	-79.601236
0.668438	-6.841153	-69.389059
0.669043	-5.830280	-58.717596
0.669648	-4.662674	-47.004202
0.670254	-3.608669	-34.638482
0.670859	-2.404006	-22.028208
0.671465	-1.245512	-9.183140
0.672070	0.104343	3.822976
0.672676	1.325409	16.804148
0.673281	2.546475	29.542393
0.673887	3.735344	41.850364
0.674492	4.940008	53.692542
0.675098	6.011630	64.916556
0.675703	7.063204	75.244504
0.676309	8.027907	84.569291
0.676914	8.947656	93.258291
0.677520	9.606788	100.526598
0.678125	10.263491	106.385870
0.678730	10.853369	111.227884
0.679336	11.258568	114.757112
0.679941	11.541054	116.786208
0.680547	11.618206	117.369668
0.681152	11.657086	116.526742
0.681758	11.485772	114.329820
0.682363	11.101227	110.626801
0.682969	10.652895	105.670915
0.683574	10.191806	99.409836
0.684180	9.454914	92.084864
0.684785	8.726527	83.430025
0.685391	7.749067	73.746812
0.685996	6.782542	63.539244
0.686602	5.784426	52.262360
0.687207	4.601025	40.292211
0.687813	3.424914	28.033585
0.688418	2.208100	15.337636
0.689023	0.908060	2.358632
0.689629	-0.367681	-10.586481
0.690234	-1.548652	-23.364581
0.690840	-2.744811	-35.859085
0.691445	-3.984709	-48.110119
0.692051	-5.135913	-59.674124
0.692656	-6.161973	-70.505550
0.693262	-7.141863	-80.401596
0.693867	-8.039741	-89.658060
0.694473	-8.839813	-97.529890
0.695078	-9.539040	-104.067516
0.695684	-10.102189	-109.690911
0.696289	-10.434489	-113.883039
0.696895	-10.761321	-116.637935
0.697500	-10.943570	-117.946382
0.698105	-10.984880	-117.857996
0.698711	-10.842118	-116.357050
0.699316	-10.657440	-113.413722
0.699922	-10.332430	-109.005779
0.700527	-9.785076	-103.353103
0.701133	-9.115009	-96.602915
0.701738	-8.353209	-88.305148
0.702344	-7.502715	-79.060343
0.702949	-6.506423	-69.116850
0.703555	-5.535037	-58.094552
0.704160	-4.434863	-46.285722
0.704766	-3.307959	-34.085388
0.705371	-2.165867	-21.459389
0.705977	-0.911997	-8.558469
0.706582	0.326687	4.444122
0.707187	1.613362	17.401978
0.707793	2.818026	30.054005
0.708398	4.038484	42.414032
0.709004	5.183613	54.281696
0.709609	6.195701	65.248142
0.710215	7.303165	75.562262
0.710820	8.080152	85.186913
0.711426	8.994433	93.486577
0.712031	9.693053	100.648061
0.712637	10.322418	106.698206
0.713242	10.810844	111.377273
0.713848	11.187492	114.732711
0.714453	11.445677	116.696466
0.715059	11.553204	117.234377
0.715664	11.510072	116.378979
0.716270	11.245204	114.044055
0.716875	10.916549	110.286268
0.717480	10.566024	105.298119
0.718086	9.881984	99.069574
0.718691	9.264768	91.462904
0.719297	8.478062	82.867171
0.719902	7.463544	73.356935
0.720508	6.517066	62.803683
0.721113	5.352497	51.559876
0.721719	4.176993	39.683265
0.722324	2.906113	27.282841
0.722930	1.716029	14.514230
0.723535	0.509543	1.679194
0.724141	-0.834237	-11.245585
0.724746	-2.098435	-24.058389
0.725352	-3.275154	-36.641822
0.725957	-4.487108	-48.854627
0.726562	-5.619479	-60.184380
0.727168	-6.813208	-70.998454
0.727773	-7.734779	-81.145833
0.728379	-8.625367	-90.021909
0.728984	-9.409036	-97.779053
0.729590	-10.066954	-104.518668
0.730195	-10.608840	-110.008398
0.730801	-10.992170	-114.031344
0.731406	-11.266150	-116.693787
0.732012	-11.422277	-118.033142
0.732617	-11.394332	-117.826816
0.733223	-11.246710	-116.245076
0.733828	-11.012217	-113.125517
0.734434	-10.639215	-108.806774
0.735039	-9.976437	-103.182837
0.735645	-9.394456	-95.931340
0.736250	-8.597422	-87.879754
0.736855	-7.575007	-78.649860
0.737461	-6.658297	-68.466964
0.738066	-5.561767	-57.380139
0.738672	-4.457340	-45.635023
0.739277	-3.283052	-33.419235
0.739883	-1.973899	-20.718677
0.740488	-0.737038	-7.793898
0.741094	0.544170	5.203542
0.741699	1.846640	18.065149
0.742305	3.090791	30.814781
0.742910	4.311857	43.201648
0.743516	5.432687	54.755350
0.744121	6.655575	65.942221
0.744727	7.643970	76.480290
0.745332	8.629328	85.755190
0.745938	9.465849	94.004425
0.746543	10.255593	101.200613
0.747148	11.003420	107.198702
0.747754	11.421377	111.792907
0.748359	11.883681	115.126655
0.748965	12.005788	116.926109
0.749570	12.197757	117.451006
0.750176	12.118175	116.463570
0.750781	11.986956	113.990101
0.751387	11.632178	110.378451
0.751992	11.234269	105.313302
0.752598	10.716682	98.731482
0.753203	9.960351	91.288300
0.753809	9.118362	82.761432
0.754414	8.218053	73.034026
0.755020	7.226013	62.503277
0.755625	6.083922	51.200907
0.756230	4.898090	39.284170
0.756836	3.654547	26.839010
0.757441	2.375162	14.088565
0.758047	1.073906	1.136945
0.758652	-0.200619	-11.718968
0.759258	-1.479397	-24.655947
0.759863	-2.770933	-37.265951
0.760469	-4.039384	-49.076136
0.761074	-5.210027	-60.733136
0.761680	-6.322352	-71.581101
0.762285	-7.304672	-81.461964
0.762891	-8.309469	-90.360543
0.763496	-9.101036	-98.230205
0.764102	-9.800263	-104.836697
0.764707	-10.458181	-110.238853
0.765312	-10.862773	-114.306264
0.765918	-11.189606	-116.988499
0.766523	-11.357882	-118.165451
0.767129	-11.469661	-117.924963
0.767734	-11.306245	-116.199256
0.768340	-11.132501	-113.332113
0.768945	-10.719404	-108.676634
0.769551	-10.207893	-102.731414
0.770156	-9.590678	-95.891213
0.770762	-8.820981	-87.679121
0.771367	-7.986889	-78.317191
0.771973	-7.073824	-68.090101
0.772578	-6.032576	-57.084613
0.773184	-4.940907	-45.324043
0.773789	-3.719233	-32.993028
0.774395	-2.669481	-20.340187
0.775000	-1.385236	-7.468277
0.775605	-0.077298	5.459213
0.776211	1.189330	18.556426
0.776816	2.322309	31.108680
0.777422	3.531833	43.258585
0.778027	4.778414	55.327965
0.778633	5.826344	66.381442
0.779238	6.831141	76.512554
0.779844	7.869351	85.880449
0.780449	8.694937	94.174420
0.781055	9.442157	101.330482
0.781660	10.118299	107.196262
0.782266	10.585463	111.753052
0.782871	11.046553	115.038539
0.783477	11.291373	116.873782
0.784082	11.381283	117.111558
0.784687	11.425022	116.170484
0.785293	11.172912	113.887616
0.785898	10.906221	109.855722
0.786504	10.578174	104.738518
0.787109	9.959136	98.516209
0.787715	9.281778	90.886493
0.788320	8.496894	82.119409
0.788926	7.675560	72.490150
0.789531	6.715717	61.950183
0.790137	5.642272	50.607145
0.790742	4.485601	38.649467
0.791348	3.308882	26.245248
0.791953	2.174688	13.513239
0.792559	0.874648	0.541013
0.793164	-0.347633	-12.532071
0.793770	-1.453275	-24.962860
0.794375	-2.763643	-37.554156
0.794980	-3.950082	-49.776993
0.795586	-5.081846	-61.060655
0.796191	-6.118841	-71.839483
0.796797	-7.081721	-81.696487
0.797402	-7.943150	-90.637904
0.798008	-8.738969	-98.380679
0.798613	-9.428476	-104.946773
0.799219	-9.951530	-110.268406
0.799824	-10.331822	-114.284845
0.800430	-10.625242	-116.908246
0.801035	-10.752209	-117.844982
0.801641	-10.795341	-117.752528
0.802246	-10.538371	-116.053391
0.802852	-10.343972	-112.625021
0.803457	-9.984942	-108.156888
0.804063	-9.409036	-102.377326
0.804668	-8.751726	-95.230483
0.805273	-8.004507	-86.980162
0.805879	-7.144901	-77.654833
0.806484	-6.189310	-67.393311
0.807090	-5.138343	-56.291032
0.807695	-4.049711	-44.519075
0.808301	-2.921592	-32.226558
0.808906	-1.740621	-19.648548
0.809512	-0.487965	-6.578718
0.810117	0.662632	6.341994
0.810723	1.829631	18.993479
0.811328	3.163083	31.995528
0.811934	4.279660	44.277471
0.812539	5.491614	55.919559
0.813145	6.496411	66.923149
0.813750	7.548593	77.130989
0.814355	8.425209	86.464723
0.814961	9.188831	94.588428
0.815566	9.973108	101.671014
0.816172	10.509527	107.475791
0.816777	10.959681	112.065930
0.817383	11.377030	115.178711
0.817988	11.572036	116.805187
0.818594	11.618813	117.372922
0.819199	11.573859	116.077760
0.819805	11.373993	113.460595
0.820410	11.042908	109.783874
0.821016	10.484012	104.537885
0.821621	9.993155	98.087561
0.822227	9.169391	90.404162
0.822832	8.389367	81.651177
0.823438	7.390037	71.885271
0.824043	6.402249	61.238210
0.824648	5.326982	49.924995
0.825254	4.146011	37.974096
0.825859	2.901860	25.505078
0.826465	1.669252	12.548306
0.827070	0.422064	-0.135443
0.827676	-0.868864	-12.972648
0.828281	-2.147643	-25.940536
0.828887	-3.396046	-38.465134
0.829492	-4.509585	-50.366147
0.830098	-5.672939	-61.783202
0.830703	-6.739094	-72.537357
0.831309	-7.731134	-82.342577
0.831914	-8.635695	-91.176086
0.832520	-9.333707	-98.881717
0.833125	-10.111909	-105.468417
0.833730	-10.613700	-110.711424
0.834336	-10.990955	-114.529399
0.834941	-11.282553	-117.132737
0.835547	-11.371247	-118.316467
0.836152	-11.350592	-117.687187
0.836758	-11.210261	-115.849505
0.837363	-10.946608	-112.722625
0.837969	-10.448461	-108.120828
0.838574	-9.943025	-102.153919
0.839180	-9.232863	-95.016294
0.839785	-8.482606	-86.717443
0.840391	-7.510005	-77.300202
0.840996	-6.579322	-66.951107
0.841602	-5.463353	-55.814395
0.842207	-4.366216	-44.134891
0.842812	-3.139683	-31.743957
0.843418	-2.007919	-18.990258
0.844023	-0.830592	-6.235745
0.844629	0.610387	6.835170
0.845234	1.812621	19.939975
0.845840	3.106586	32.525035
0.846445	4.324615	44.764410
0.847051	5.518343	56.495428
0.847656	6.602115	67.505525
0.848262	7.608735	77.605999
0.848867	8.578298	86.843484
0.849473	9.360753	94.986981
0.850078	10.121944	102.048962
0.850684	10.770750	107.781077
0.851289	11.298663	112.094127
0.851895	11.592084	115.431670
0.852500	11.839942	117.115896
0.853105	11.915879	117.090410
0.853711	11.861204	116.054443
0.854316	11.649188	113.625709
0.854922	11.282868	109.595985
0.855527	10.881921	104.328848
0.856133	10.241621	97.779293
0.856738	9.625013	90.161506
0.857344	8.736247	81.326641
0.857949	7.870566	71.535520
0.858555	6.830534	60.897406
0.859160	5.697555	49.569280
0.859766	4.529948	37.360270
0.860371	3.402437	25.014071
0.860977	2.075059	12.427656
0.861582	0.748896	-0.655460
0.862187	-0.493432	-13.609520
0.862793	-1.829315	-26.369997
0.863398	-3.077718	-38.894053
0.864004	-4.273877	-50.840072
0.864609	-5.397136	-62.255772
0.865215	-6.469366	-72.908256
0.865820	-7.458976	-82.770411
0.866426	-8.374472	-91.520414
0.867031	-9.163608	-99.270238
0.867637	-9.820918	-105.595845
0.868242	-10.377384	-110.797641
0.868848	-10.760106	-114.881590
0.869453	-11.041984	-117.076344
0.870059	-11.196896	-118.010639
0.870664	-11.184138	-117.682307
0.871270	-11.082079	-115.806125
0.871875	-10.840903	-112.484036
0.872480	-10.399254	-107.802257
0.873086	-9.856761	-101.862189
0.873691	-9.185478	-94.667899
0.874297	-8.412136	-86.253820
0.874902	-7.465658	-76.808111
0.875508	-6.545303	-66.540082
0.876113	-5.480970	-55.449190
0.876719	-4.394161	-43.422376
0.877324	-3.415486	-31.270573
0.877930	-1.996984	-18.611497
0.878535	-0.807507	-5.444061
0.879141	0.426316	7.556903
0.879746	1.733646	20.436133
0.880352	2.982657	33.044509
0.880957	4.217695	45.306931
0.881563	5.309365	57.001617
0.882168	6.410754	67.871543
0.882773	7.431954	77.985031
0.883379	8.374180	87.206519
0.883984	9.183971	95.355439
0.884590	9.914788	102.144940
0.885195	10.573921	107.951886
0.885801	11.032580	112.468821
0.886406	11.444462	115.262217
0.887012	11.692928	116.983587
0.887617	11.734845	117.202385
0.888223	11.666198	115.963888
0.888828	11.456612	113.312832
0.889434	11.179594	109.349533
0.890039	10.682055	104.006481
0.890645	10.126197	97.426288
0.891250	9.490757	89.707101
0.891855	8.647553	80.840786
0.892461	7.730235	71.077591
0.893066	6.750952	60.342143
0.893672	5.613720	48.729878
0.894277	4.418776	36.978527
0.894883	3.191636	24.537976
0.895488	2.040432	11.621060
0.896094	0.798711	-1.309141
0.896699	-0.555397	-14.228768
0.897305	-1.702956	-26.920922
0.897910	-3.004211	-39.441454
0.898516	-4.175463	-51.423261
0.899121	-5.372836	-62.811306
0.899727	-6.419551	-73.407125
0.900332	-7.380001	-83.239728
0.900937	-8.245075	-91.964787
0.901543	-9.033604	-99.432100
0.902148	-9.728579	-106.047810
0.902754	-10.264390	-111.232525
0.903359	-10.644682	-114.748739
0.903965	-10.915018	-117.169610
0.904570	-11.037732	-118.154335
0.905176	-10.982450	-117.624557
0.905781	-10.916840	-115.692253
0.906387	-10.634355	-112.357963
0.906992	-10.224903	-107.604065
0.907598	-9.697597	-101.563681
0.908203	-9.025099	-94.246843
0.908809	-8.228065	-85.873432
0.909414	-7.325327	-76.497131
0.910020	-6.500348	-65.942795
0.910625	-5.425688	-54.751858
0.911230	-4.250184	-43.076692
0.911836	-3.157300	-30.647800
0.912441	-1.956889	-17.787549
0.913047	-0.686616	-4.903439
0.913652	0.569685	8.094272
0.914258	1.827201	20.998445
0.914863	2.998452	33.628783
0.915469	4.194611	45.792515
0.916074	5.351890	57.417251
0.916680	6.393137	68.340859
0.917285	7.446534	78.507759
0.917891	8.352917	87.518042
0.918496	9.139624	95.476632
0.919102	9.936658	102.675531
0.919707	10.429337	108.149536
0.920312	10.920193	112.404564
0.920918	11.301701	115.465290
0.921523	11.444462	117.064382
0.922129	11.476052	117.145991
0.922734	11.459649	115.838899
0.923340	11.243989	113.163984
0.923945	10.894679	109.075155
0.924551	10.438450	103.659984
0.925156	9.888666	96.982729
0.925762	9.137802	89.262728
0.926367	8.312215	80.380959
0.926973	7.434384	70.301903
0.927578	6.439307	59.812365
0.928184	5.289925	48.459296
0.928789	4.169703	36.251913
0.929395	2.951067	23.762289
0.930000	1.692944	10.984460
0.930605	0.485243	-1.919984
0.931211	-0.738860	-14.788912
0.931816	-2.013386	-27.577043
0.932422	-3.144543	-39.985872
0.933027	-4.414208	-51.937314
0.933633	-5.470643	-63.342168
0.934238	-6.568995	-73.953441
0.934844	-7.452901	-83.480758
0.935449	-8.370827	-92.336770
0.936055	-9.147206	-100.010408
0.936660	-9.720682	-106.158700
0.937266	-10.210930	-111.198092
0.937871	-10.609448	-114.959674
0.938477	-10.895578	-117.277247
0.939082	-10.974552	-118.104177
0.939688	-10.914410	-117.536171
0.940293	-10.766789	-115.550183
0.940898	-10.502528	-112.101208
0.941504	-9.980690	-107.229371
0.942109	-9.461281	-101.237518
0.942715	-8.726819	-94.034823
0.943320	-7.940112	-85.385679
0.943926	-7.116348	-75.786514
0.944531	-6.048979	-65.548851
0.945137	-4.977964	-54.262478
0.945742	-3.888725	-42.239188
0.946348	-2.696818	-29.872113
0.946953	-1.489725	-17.188093
0.947559	-0.312399	-4.222916
0.948164	1.034419	8.820615
0.948770	2.268242	21.668665
0.949375	3.444354	34.253454
0.949980	4.628970	46.393327
0.950586	5.769847	58.102383
0.951191	6.766747	68.845693
0.951797	7.842014	78.740926
0.952402	8.625075	88.078998
0.953008	9.456129	96.022948
0.953613	10.222789	102.780456
0.954219	10.804162	108.400055
0.954824	11.279831	112.741030
0.955430	11.637038	115.605461
0.956035	11.769472	117.063298
0.956641	11.841764	117.121861
0.957246	11.697180	115.740752
0.957852	11.429882	112.986398
0.958457	11.116415	108.809995
0.959063	10.626773	103.402145
0.959668	9.979183	96.748477
0.960273	9.234393	88.693095
0.960879	8.338945	79.788009
0.961484	7.383962	70.107507
0.962090	6.337247	59.186339
0.962695	5.263803	47.744340
0.963301	4.028764	35.651643
0.963906	2.831391	23.135449
0.964512	1.519808	10.246188
0.965117	0.321219	-2.585324
0.965723	-0.986719	-15.543722
0.966328	-2.229047	-28.264073
0.966934	-3.437963	-40.778640
0.967539	-4.612859	-52.707307
0.968145	-5.794438	-63.828023
0.968750	-6.872135	-74.522531
0.969355	-7.753004	-84.348085
0.969961	-8.610180	-92.755115
0.970566	-9.425439	-100.151393
0.971172	-10.091861	-106.537190
0.971777	-10.557203	-111.582818
0.972383	-10.941748	-115.193384
0.972988	-11.150119	-117.383528
0.973594	-11.295917	-118.219405
0.974199	-11.240028	-117.594191
0.974805	-11.084509	-115.508701
0.975410	-10.762536	-111.887833
0.976016	-10.379207	-107.202801
0.976621	-9.714607	-101.096533
0.977227	-8.975892	-93.415304
0.977832	-8.321012	-85.065481
0.978437	-7.337477	-75.538435
0.979043	-6.336932	-64.939634
0.979648	-5.287179	-53.648652
0.980254	-4.088591	-41.774752
0.980859	-2.955004	-29.345589
0.981465	-1.676833	-16.594330
0.982070	-0.384083	-3.586587
0.982676	0.871003	9.351206
0.983281	2.102396	22.204136
0.983887	3.341079	34.772386
0.984492	4.564575	47.066258
0.985098	5.692087	58.468943
0.985703	6.775859	69.195444
0.986309	7.782479	79.449917
0.986914	8.772697	88.494090
0.987520	9.527206	96.321185
0.988125	10.299941	103.207477
0.988730	10.939633	108.715373
0.989336	11.401937	112.901265
0.989941	11.737882	115.722858
0.990547	11.938356	117.160089
0.991152	12.019760	117.132706
0.991758	11.925599	115.689238
0.992363	11.712975	112.812065
0.992969	11.325393	108.662774
0.993574	10.852761	103.227812
0.994180	10.236761	96.231714
0.994785	9.512626	88.420344
0.995391	8.623860	79.576803
0.995996	7.789162	69.590201
0.996602	6.705390	58.727325
0.997207	5.611898	47.229475
0.997812	4.435786	35.178260
0.998418	3.121774	22.557683
0.999023	1.942625	9.757079
0.999629	0.612817	-3.163633
1.000234	-0.653811	-16.106848
1.000840	-1.943524	-28.789784
1.001445	-3.113560	-41.403311
1.002051	-4.371076	-53.158459
1.002656	-5.500410	-64.262365
1.003262	-6.511283	-74.953348
1.003867	-7.485098	-84.599689
1.004473	-8.373864	-93.083718
1.005078	-9.245620	-100.529883
1.005684	-9.787506	-106.744871
1.006289	-10.357944	-111.747662
1.006895	-10.772864	-115.359312
1.007500	-10.982450	-117.457002
1.008105	-11.091799	-118.202324
1.008711	-11.145866	-117.576297
1.009316	-10.905298	-115.341960
1.009922	-10.666552	-111.858823
1.010527	-10.161723	-107.003253
1.011133	-9.596145	-100.548320
1.011738	-8.983790	-93.170207
1.012344	-8.213485	-84.695125
1.012949	-7.337477	-75.045802
1.013555	-6.305949	-64.473842
1.014160	-5.289609	-53.184215
1.014766	-4.151163	-41.281034
1.015371	-2.967154	-28.842924
1.015977	-1.747303	-16.045574
1.016582	-0.520162	-3.065757
1.017187	0.685109	9.762773
1.017793	1.992439	22.688636
1.018398	3.156401	35.409258
1.019004	4.423636	47.367206
1.019609	5.534138	58.856923
1.020215	6.604545	69.823369
1.020820	7.604483	79.765506
1.021426	8.481706	88.710718
1.022031	9.320658	96.661446
1.022637	9.988903	103.359578
1.023242	10.652288	108.853104
1.023848	11.067207	112.950338
1.024453	11.381283	115.719604
1.025059	11.608486	117.067907
1.025664	11.601196	116.959999
1.026270	11.525259	115.357111
1.026875	11.250671	112.589200
1.027480	10.873416	108.424998
1.028086	10.497984	102.635947
1.028691	9.833992	95.954353
1.029297	9.174251	88.109906
1.029902	8.344413	79.018287
1.030508	7.389430	68.997794
1.031113	6.384024	58.189685
1.031719	5.273523	46.673398
1.032324	4.175778	34.554944
1.032930	2.907935	21.950092
1.033535	1.657102	9.085775
1.034141	0.396549	-3.716727
1.034746	-0.904099	-16.735857
1.035352	-2.074743	-29.541070
1.035957	-3.211367	-41.641630
1.036563	-4.485285	-53.605272
1.037168	-5.524710	-64.936651
1.037773	-6.636427	-75.384436
1.038379	-7.503323	-84.859968
1.038984	-8.360499	-93.461937
1.039590	-9.074914	-100.853064
1.040195	-9.751056	-106.985630
1.040801	-10.152003	-111.874548
1.041406	-10.548698	-115.381002
1.042012	-10.781976	-117.564368
1.042617	-10.835436	-118.157859
1.043223	-10.805061	-117.295141
1.043828	-10.774079	-115.455561
1.044434	-10.312382	-111.632976
1.045039	-9.867088	-106.404881
1.045645	-9.345857	-100.293734
1.046250	-8.620507	-92.802562
1.046855	-7.732956	-84.147182
1.047461	-6.792553	-74.421402
1.048066	-5.934162	-63.937557
1.048672	-4.845530	-52.614040
1.049277	-3.771478	-40.669377
1.049883	-2.544337	-28.178940
1.050488	-1.381591	-15.390808
1.051094	-0.099168	-2.564176
1.051699	1.174750	10.575604
1.052305	2.360582	23.440735
1.052910	3.666090	35.751417
1.053516	4.772339	47.983743
1.054121	5.870691	59.613360
1.054727	6.960538	70.340945
1.055332	8.026085	80.252717
1.055937	8.781809	89.181391
1.056543	9.599498	97.030447
1.057148	10.338820	103.674896
1.057754	10.901361	109.097116
1.058359	11.304131	113.103795
1.058965	11.596943	115.897733
1.059570	11.714190	116.989823
1.060176	11.877606	116.889236
1.060781	11.671665	115.538222
1.061387	11.347870	112.405107
1.061992	11.044123	108.043526
1.062598	10.524714	102.474085
1.063203	9.843104	95.625479
1.063809	9.114109	87.595583
1.064414	8.251466	78.502879
1.065020	7.267323	68.444158
1.065625	6.292293	57.608123
1.066230	5.080947	46.002365
1.066836	3.837403	33.832939
1.067441	2.638207	21.320270
1.068047	1.433544	8.519666
1.068652	0.127428	-4.626350
1.069258	-1.122798	-17.458404
1.069863	-2.408866	-29.938809
1.070469	-3.620819	-42.482929
1.071074	-4.798145	-54.332428
1.071680	-5.922620	-65.521196
1.072285	-6.943820	-75.920178
1.072891	-7.911560	-85.488164
1.073496	-8.769344	-93.984394
1.074102	-9.501983	-101.283338
1.074707	-10.057842	-107.334567
1.075312	-10.535333	-112.259545
1.075918	-10.919270	-115.710960
1.076523	-11.131894	-117.531291
1.077129	-11.342087	-118.392924
1.077734	-11.213906	-117.564639
1.078340	-10.976375	-115.054297
1.078945	-10.668375	-111.321996
1.079551	-10.274717	-106.344963
1.080156	-9.609510	-100.022880
1.080762	-8.836776	-92.380692
1.081367	-7.959552	-83.694133
1.081973	-7.067141	-73.977842
1.082578	-6.055661	-63.434079
1.083184	-5.030209	-52.047119
1.083789	-3.869892	-40.050129
1.084395	-2.647611	-27.696067
1.085000	-1.398601	-14.830665
1.085605	-0.165992	-1.683022
1.086211	1.072691	11.017808
1.086816	2.421939	23.924421
1.087422	3.630247	36.572382
1.088027	4.868323	48.645287
1.088633	5.946020	60.097860
1.089238	7.102692	70.863673
1.089844	8.069825	80.736945
1.090449	8.962235	89.615461
1.091055	9.793897	97.398905
1.091660	10.501629	104.027358
1.092266	11.038655	109.423821
1.092871	11.534371	113.342113
1.093477	11.907374	115.851371
1.094082	12.020975	117.293482
1.094688	12.047705	117.044319
1.095293	11.986956	115.300175
1.095898	11.771295	112.363896
1.096504	11.357590	107.961104
1.097109	10.877061	102.288094
1.097715	10.218536	95.329411
1.098320	9.452484	87.273487
1.098926	8.569793	78.121678
1.099531	7.618455	68.011172
1.100137	6.565666	57.045268
1.100742	5.436939	45.480993
1.101348	4.183068	33.475326
1.101953	3.005742	20.565730
1.102559	1.852715	7.917499
1.103164	0.455476	-4.903981
1.103770	-0.859752	-17.982488
1.104375	-2.075351	-30.643733
1.104980	-3.256929	-42.928387
1.105586	-4.513838	-54.767583
1.106191	-5.610974	-65.956622
1.106797	-6.647969	-76.369974
1.107402	-7.687394	-85.846591
1.108008	-8.495971	-94.249012
1.108613	-9.269312	-101.592149
1.109219	-9.903538	-107.669406
1.109824	-10.373132	-112.273372
1.110430	-10.823893	-115.779555
1.111035	-11.109416	-117.864774
1.111641	-11.066892	-118.133729
1.112246	-11.131286	-117.263420
1.112852	-10.902868	-114.932291
1.113457	-10.600335	-111.205412
1.114062	-10.152003	-106.083870
1.114668	-9.580350	-99.693464
1.115273	-8.875048	-92.113906
1.115879	-8.140586	-83.359294
1.116484	-7.180135	-73.590134
1.117090	-6.186880	-62.939277
1.117695	-5.155960	-51.706315
1.118301	-3.981064	-39.619583
1.118906	-2.826215	-26.964573
1.119512	-1.545007	-14.387918
1.120117	-0.333661	-1.348725
1.120723	0.877078	11.748218
1.121328	2.147351	24.524420
1.121934	3.422484	37.066642
1.122539	4.545136	49.116502
1.123145	5.689657	60.572870
1.123750	6.802589	71.243248
1.124355	7.768507	81.063650
1.124961	8.669423	89.861642
1.125566	9.482859	97.713138
1.126172	10.156572	104.130656
1.126777	10.798694	109.334892
1.127383	11.200249	113.573382
1.127988	11.487594	116.025433
1.128594	11.695358	117.052182
1.129199	11.728770	116.813321
1.129805	11.697788	115.250288
1.130410	11.383713	112.105785
1.131016	11.025290	107.665578
1.131621	10.497984	101.868393
1.132227	9.905068	94.944685
1.132832	9.169391	86.845924
1.133438	8.342590	77.587020
1.134043	7.411907	67.491155
1.134648	6.288648	56.673556
1.135254	5.229783	44.825413
1.135859	4.043344	32.677135
1.136465	2.807698	20.246346
1.137070	1.597567	7.339190
1.137676	0.349164	-5.640627
1.138281	-0.967886	-18.504674
1.138887	-2.221757	-31.188965
1.139492	-3.357774	-43.511576
1.140098	-4.541175	-55.294920
1.140703	-5.647424	-66.401809
1.141309	-6.663764	-76.780185
1.141914	-7.553745	-86.240263
1.142520	-8.409706	-94.647836
1.143125	-9.126551	-101.741268
1.143730	-9.774141	-107.759148
1.144336	-10.289297	-112.713949
1.144941	-10.580288	-115.711231
1.145547	-10.822678	-117.581177
1.146152	-10.842118	-118.119360
1.146758	-10.819641	-117.170695
1.147363	-10.668982	-114.683940
1.147969	-10.303270	-110.844546
1.148574	-9.885313	-105.751200
1.149180	-9.263845	-99.305213
1.149785	-8.547000	-91.590093
1.150391	-7.763331	-82.804573
1.150996	-6.774328	-73.090451
1.151602	-5.804158	-62.478094
1.152207	-4.656599	-50.746806
1.152813	-3.624464	-38.939060
1.153418	-2.374846	-26.564393
1.154023	-1.184155	-13.517880
1.154629	0.032659	-0.552161
1.155234	1.286530	12.394579
1.155840	2.564093	25.211450
1.156445	3.754784	37.687246
1.157051	4.950335	49.725990
1.157656	6.018920	61.147112
1.158262	7.133674	71.761096
1.158867	8.091087	81.594241
1.159473	8.931253	90.400096
1.160078	9.751980	97.862257
1.160684	10.393495	104.596719
1.161289	10.971831	109.862772
1.161895	11.383713	113.514819
1.162500	11.696573	116.095654
1.163105	11.844194	117.242782
1.163711	11.897046	116.858599
1.164316	11.715405	115.088155
1.164922	11.492454	111.973476
1.165527	11.099405	107.435665
1.166133	10.577566	101.593202
1.166738	9.827917	94.506548
1.167344	9.180326	86.354375
1.167949	8.261186	77.208259
1.168555	7.351765	66.892512
1.169160	6.176261	55.827648
1.169766	5.102816	44.463462
1.170371	3.888433	32.191823
1.170977	2.652787	19.489366
1.171582	1.373401	6.594682
1.172187	0.103736	-6.257164
1.172793	-1.075413	-19.148594
1.173398	-2.355406	-31.884399
1.174004	-3.595912	-44.147634
1.174609	-4.737396	-55.855877
1.175215	-5.796261	-67.013737
1.175820	-6.931062	-77.463419
1.176426	-7.817398	-86.671080
1.177031	-8.689762	-94.943362
1.177637	-9.419364	-102.351840
1.178242	-9.978260	-108.125437
1.178848	-10.532903	-112.646711
1.179453	-10.810529	-115.937892
1.180059	-11.097266	-117.816785
1.180664	-11.082687	-118.145659
1.181270	-11.058387	-117.106981
1.181875	-10.806276	-114.623209
1.182480	-10.474584	-110.748839
1.183086	-9.986765	-105.518846
1.183691	-9.391419	-98.991522
1.184297	-8.692799	-91.374278
1.184902	-7.833801	-82.548631
1.185508	-6.986952	-72.473643
1.186113	-5.992482	-61.993323
1.186719	-4.793285	-50.586571
1.187324	-3.728346	-38.364276
1.187930	-2.511532	-25.777319
1.188535	-1.295934	-13.000574
1.189141	0.087333	-0.002321
1.189746	1.219705	12.947402
1.190352	2.510633	25.763459
1.190957	3.729269	38.222988
1.191563	4.966737	50.212658
1.192168	6.035930	61.601516
1.192773	7.114234	72.295482
1.193379	8.079544	81.808158
1.193984	8.987750	90.708906
1.194590	9.771419	98.493977
1.195195	10.394710	104.776204
1.195801	11.061740	109.943025
1.196406	11.417732	113.761543
1.197012	11.770080	116.260769
1.197617	11.909804	117.237360
1.198223	11.915879	116.809254
1.198828	11.808959	114.968589
1.199434	11.516147	111.746003
1.200039	11.127349	107.158033
1.200645	10.596398	101.200884
1.201250	9.951238	94.319201
1.201855	9.216776	85.994322
1.202461	8.284878	76.491135
1.203066	7.318353	66.552793
1.203672	6.348790	55.533207
1.204277	5.135621	43.838791
1.204883	3.989277	31.598602
1.205488	2.729939	18.959589
1.206094	1.445086	6.063007
1.206699	0.179673	-6.851198
1.207305	-1.088778	-19.712262
1.207910	-2.375453	-32.382455
1.208516	-3.584369	-44.677140
1.209121	-4.744686	-56.461298
1.209727	-5.931125	-67.511250
1.210332	-6.894612	-77.603591
1.210937	-7.824081	-87.150971
1.211543	-8.735324	-95.489949
1.212148	-9.409036	-102.306833
1.212754	-10.052374	-108.227651
1.213359	-10.464256	-112.861712
1.213965	-10.795949	-116.014078
1.214570	-11.038339	-117.735447
1.215176	-11.071752	-118.033142
1.215781	-11.038947	-116.995006
1.216387	-10.832398	-114.513945
1.216992	-10.516501	-110.411017
1.217598	-10.065739	-105.112430
1.218203	-9.349502	-98.741003
1.218809	-8.728034	-90.935870
1.219414	-7.878148	-81.834218
1.220020	-6.886108	-72.044453
1.220625	-5.911077	-61.352927
1.221230	-4.813333	-49.813595
1.221836	-3.646941	-37.726320
1.222441	-2.476298	-25.156443
1.223047	-1.240044	-12.376716
1.223652	0.116493	0.660850
1.224258	1.298072	13.556347
1.224863	2.582925	26.425274
1.225469	3.858058	38.804822
1.226074	4.988607	50.898603
1.226680	6.188411	62.193110
1.227285	7.128206	72.496114
1.227891	8.188286	82.550226
1.228496	9.016910	91.244377
1.229102	9.864366	98.737447
1.229707	10.546584	105.105078
1.230312	11.165622	110.230417
1.230918	11.650403	114.063304
1.231523	11.945038	116.372201
1.232129	12.084762	117.331440
1.232734	12.061070	116.842602
1.233340	11.925599	114.956118
1.233945	11.661338	111.597156
1.234551	11.308991	106.906430
1.235156	10.778040	101.153167
1.235762	10.148067	93.923630
1.236367	9.306685	85.421164
1.236973	8.468949	76.315446
1.237578	7.519434	66.128212
1.238184	6.382202	54.939173
1.238789	5.273523	43.246655
1.239395	4.146619	31.008906
