LabVIEW Measurement	
Writer_Version	2
Reader_Version	2
Separator	Tab
Decimal_Separator	.
Multi_Headings	No
X_Columns	One
Time_Pref	Absolute
Operator	AlunosGDS-JT
Date	2019/10/09
Time	15:19:08.4651639249999940857
***End_of_Header***	
	
Channels	2		
Samples	2048	2048	
Date	2019/10/09	2019/10/09	
Time	15:37:21.7443436124999862715	15:37:21.7443436124999862715	
Y_Unit_Label	g	Newtons	
X_Dimension	Time	Time	
X0	0.0000000000000000E+0	0.0000000000000000E+0	
Delta_X	0.000605	0.000605	
***End_of_Header***			
X_Value	Acceleration (Trigger)	Force (Trigger)	Comment
0.000000	-0.935081	3.078739
0.000605	-1.037748	7.021432
0.001211	-1.121583	10.988256
0.001816	-1.161677	14.967822
0.002422	-1.180510	18.941423
0.003027	-1.171397	22.867307
0.003633	-1.254624	26.701550
0.004238	-1.292896	30.561008
0.004844	-1.320234	34.459508
0.005449	-1.409535	38.138669
0.006055	-1.320841	41.880187
0.006660	-1.452060	45.812578
0.007266	-1.484865	49.320387
0.007871	-1.462388	52.826570
0.008477	-1.430190	56.479160
0.009082	-1.485472	59.869844
0.009687	-1.492155	63.268661
0.010293	-1.486080	66.592106
0.010898	-1.502482	69.796527
0.011504	-1.486687	72.940216
0.012109	-1.503697	75.986030
0.012715	-1.501267	78.910650
0.013320	-1.509772	81.742004
0.013926	-1.497015	84.651170
0.014531	-1.472715	87.147414
0.015137	-1.421685	89.705746
0.015742	-1.404675	92.428649
0.016348	-1.394348	94.678170
0.016953	-1.408928	96.935824
0.017559	-1.350608	99.066050
0.018164	-1.305046	101.081861
0.018770	-1.323271	102.952349
0.019375	-1.306261	104.710050
0.019980	-1.249764	106.367705
0.020586	-1.257054	107.934805
0.021191	-1.199342	109.317269
0.021797	-1.139200	110.544650
0.022402	-1.123405	111.705063
0.023008	-1.122190	112.844600
0.023613	-1.134947	113.450021
0.024219	-1.073590	114.288338
0.024824	-1.106395	115.072972
0.025430	-1.042001	115.463934
0.026035	-1.019523	115.771118
0.026641	-0.938726	115.983680
0.027246	-0.974569	116.058239
0.027852	-1.033496	115.998592
0.028457	-0.930221	115.766780
0.029062	-0.989149	115.381241
0.029668	-0.995224	114.941477
0.030273	-0.994616	114.362355
0.030879	-0.989149	113.480116
0.031484	-1.019523	112.720967
0.032090	-0.974569	111.913829
0.032695	-0.955736	110.530280
0.033301	-0.980036	109.308593
0.033906	-1.008588	107.942396
0.034512	-1.051721	106.445518
0.035117	-1.141022	104.757496
0.035723	-1.065086	102.998711
0.036328	-1.116115	101.125241
0.036934	-1.142237	99.109430
0.037539	-1.170182	97.009570
0.038145	-1.138592	94.692268
0.038750	-1.203594	92.413738
0.039355	-1.193875	89.973617
0.039961	-1.218174	87.210586
0.040566	-1.282569	84.766398
0.041172	-1.344533	82.074945
0.041777	-1.379161	79.142191
0.042383	-1.354253	76.194253
0.042988	-1.347571	73.182602
0.043594	-1.378553	70.103982
0.044199	-1.408928	66.852928
0.044805	-1.450238	63.531381
0.045410	-1.444163	60.186788
0.046016	-1.500052	56.802070
0.046621	-1.523137	53.312154
0.047227	-1.511595	49.620251
0.047832	-1.552297	46.173716
0.048438	-1.576597	42.567759
0.049043	-1.543184	38.592260
0.049648	-1.499445	34.956480
0.050254	-1.509772	31.251020
0.050859	-1.473930	27.453650
0.051465	-1.514025	23.514752
0.052070	-1.435050	19.576668
0.052676	-1.472107	15.700129
0.053281	-1.379768	11.784277
0.053887	-1.357898	7.832366
0.054492	-1.350001	3.823518
0.055098	-1.255232	-0.081760
0.055703	-1.217567	-4.075967
0.056309	-1.120368	-8.163170
0.056914	-1.036533	-11.833383
0.057520	-0.997046	-15.766858
0.058125	-0.923539	-19.800107
0.058730	-0.856107	-23.647635
0.059336	-0.740683	-27.513871
0.059941	-0.643484	-31.375770
0.060547	-0.530489	-35.126778
0.061152	-0.419318	-38.848505
0.061758	-0.345811	-42.556404
0.062363	-0.205479	-46.293314
0.062969	-0.163562	-49.920147
0.063574	-0.015941	-53.449375
0.064180	0.127428	-56.808066
0.064785	0.260470	-60.443575
0.065391	0.480383	-63.766207
0.065996	0.471271	-66.824763
0.066602	0.643192	-70.095881
0.067207	0.763476	-73.267767
0.067812	0.897125	-76.283485
0.068418	1.058111	-79.166895
0.069023	1.170498	-82.064403
0.069629	1.353354	-84.820926
0.070234	1.462096	-87.524852
0.070840	1.624905	-90.009166
0.071445	1.787106	-92.472332
0.072051	1.914680	-94.994062
0.072656	2.081741	-97.076298
0.073262	2.155248	-99.112444
0.073867	2.290720	-101.340274
0.074473	2.444416	-103.150573
0.075078	2.527643	-104.790877
0.075684	2.643675	-106.438772
0.076289	2.812558	-107.958154
0.076895	2.855691	-109.400807
0.077500	2.988125	-110.587520
0.078105	3.020322	-111.737359
0.078711	3.149718	-112.727235
0.079316	3.177663	-113.654481
0.079922	3.206215	-114.336088
0.080527	3.310705	-114.962114
0.081133	3.389072	-115.574856
0.081738	3.348977	-115.757051
0.082344	3.446176	-115.891800
0.082949	3.510571	-116.127136
0.083555	3.483233	-116.005402
0.084160	3.516646	-115.753798
0.084766	3.468046	-115.440920
0.085371	3.465009	-114.955065
0.085977	3.475336	-114.319007
0.086582	3.440101	-113.586157
0.087188	3.441316	-112.715576
0.087793	3.407296	-111.723803
0.088398	3.361734	-110.576946
0.089004	3.292480	-109.183366
0.089609	3.204393	-107.992586
0.090215	3.197103	-106.472933
0.090820	3.056772	-104.532495
0.091426	2.977190	-102.793231
0.092031	2.954712	-100.999471
0.092637	2.888495	-98.929435
0.093242	2.773679	-96.763421
0.093848	2.650357	-94.503869
0.094453	2.541615	-92.219915
0.095059	2.433481	-89.779523
0.095664	2.335674	-87.129552
0.096270	2.226933	-84.431320
0.096875	2.051974	-81.824458
0.097480	1.927437	-78.923696
0.098086	1.747619	-75.744218
0.098691	1.593315	-72.914763
0.099297	1.536210	-69.851869
0.099902	1.415926	-66.463896
0.100508	1.194190	-63.166479
0.101113	1.071476	-59.792876
0.101719	0.982174	-56.377520
0.102324	0.800533	-52.824433
0.102930	0.723989	-49.208716
0.103535	0.505290	-45.611435
0.104141	0.420241	-41.957761
0.104746	0.314537	-38.193739
0.105352	0.121961	-34.339432
0.105957	0.064856	-30.706092
0.106563	-0.043886	-26.813286
0.107168	-0.253471	-22.686228
0.107773	-0.360391	-18.922748
0.108379	-0.504367	-14.957009
0.108984	-0.583342	-11.009435
0.109590	-0.683578	-7.035834
0.110195	-0.853070	-3.078229
0.110801	-0.919287	0.963425
0.111406	-0.963026	4.888495
0.112012	-1.154995	8.865621
0.112617	-1.254624	12.827022
0.113223	-1.275279	16.801708
0.113828	-1.385843	20.786426
0.114434	-1.439303	24.653475
0.115039	-1.491547	28.301185
0.115645	-1.599682	32.347448
0.116250	-1.696273	36.247304
0.116855	-1.698703	39.936767
0.117461	-1.727256	43.634092
0.118066	-1.845717	47.302407
0.118672	-1.872447	50.932494
0.119277	-1.893709	54.455215
0.119883	-1.911934	57.951909
0.120488	-1.995161	61.367265
0.121094	-1.970861	64.725142
0.121699	-2.004881	67.872627
0.122305	-1.973291	71.017130
0.122910	-2.046798	74.340033
0.123516	-2.011564	77.252452
0.124121	-2.037078	79.981863
0.124727	-1.975721	82.984297
0.125332	-1.984834	85.740278
0.125938	-1.958104	88.363950
0.126543	-1.948384	90.882968
0.127148	-1.931374	93.294079
0.127754	-1.896747	95.691633
0.128359	-1.896747	97.823486
0.128965	-1.861512	99.916567
0.129570	-1.828707	101.876798
0.130176	-1.783145	103.735899
0.130781	-1.743658	105.347192
0.131387	-1.658609	106.997527
0.131992	-1.610616	108.673619
0.132598	-1.597252	109.896120
0.133203	-1.549259	111.088526
0.133809	-1.489725	112.247583
0.134414	-1.485472	113.160189
0.135020	-1.425938	113.962988
0.135625	-1.345748	114.671708
0.136230	-1.350001	115.248932
0.136836	-1.258877	115.665108
0.137441	-1.200557	115.901258
0.138047	-1.201164	116.010792
0.138652	-1.139200	116.096467
0.139258	-1.130088	115.986120
0.139863	-1.037748	115.520870
0.140469	-1.057188	115.240256
0.141074	-1.059011	114.920058
0.141680	-1.016486	114.136237
0.142285	-0.961204	113.232037
0.142891	-0.953914	112.397515
0.143496	-0.859752	111.384052
0.144102	-0.870079	110.127118
0.144707	-0.843350	108.772851
0.145313	-0.819657	107.357039
0.145918	-0.846995	105.829794
0.146523	-0.846995	104.056910
0.147129	-0.825732	102.156327
0.147734	-0.814797	100.383986
0.148340	-0.823302	98.255930
0.148945	-0.786853	95.910431
0.149551	-0.810545	93.830092
0.150156	-0.799610	91.478358
0.150762	-0.816620	88.934938
0.151367	-0.837882	86.296897
0.151973	-0.865219	83.585651
0.152578	-0.918679	80.801473
0.153184	-0.896202	77.953581
0.153789	-0.893164	74.931626
0.154395	-0.892557	71.872528
0.155000	-0.982466	68.664582
0.155605	-0.938726	65.375841
0.156211	-0.989149	61.965094
0.156816	-1.014663	58.856923
0.157422	-1.027421	55.220058
0.158027	-1.066908	51.655041
0.158633	-1.063263	48.139369
0.159238	-1.085133	44.528532
0.159844	-1.108218	40.766408
0.160449	-1.158640	37.018924
0.161055	-1.107610	33.291504
0.161660	-1.156210	29.459972
0.162266	-1.151957	25.588042
0.162871	-1.160462	21.627454
0.163477	-1.160462	17.763929
0.164082	-1.116723	13.910165
0.164687	-1.109433	9.759790
0.165293	-1.074805	5.840685
0.165898	-1.079665	2.086965
0.166504	-1.066300	-2.043346
0.167109	-1.017701	-6.009356
0.167715	-0.981859	-9.906229
0.168320	-1.004943	-13.879289
0.168926	-0.970316	-17.815204
0.169531	-0.899239	-21.729429
0.170137	-0.870079	-25.603257
0.170742	-0.795965	-29.428553
0.171348	-0.729748	-33.307261
0.171953	-0.689046	-37.188680
0.172559	-0.634371	-40.825003
0.173164	-0.501937	-44.423639
0.173770	-0.444833	-48.357927
0.174375	-0.435720	-51.778706
0.174980	-0.331231	-55.232290
0.175586	-0.225527	-58.744438
0.176191	-0.090663	-62.110178
0.176797	0.039341	-65.458566
0.177402	0.103736	-68.661632
0.178008	0.203973	-71.826740
0.178613	0.282947	-74.917017
0.179219	0.443933	-77.905895
0.179824	0.534450	-80.706069
0.180430	0.638939	-83.588665
0.181035	0.820581	-86.469635
0.181641	0.940865	-88.835739
0.182246	1.046569	-91.325747
0.182852	1.166246	-93.910648
0.183457	1.342419	-96.138208
0.184062	1.429291	-98.235356
0.184668	1.594530	-100.283160
0.185273	1.659532	-102.249355
0.185879	1.821733	-104.086766
0.186484	1.913465	-105.744964
0.187090	1.989402	-107.381472
0.187695	2.197165	-108.843375
0.188301	2.252447	-110.141520
0.188906	2.398854	-111.228458
0.189512	2.441986	-112.460448
0.190117	2.494838	-113.529492
0.190723	2.704424	-113.938348
0.191328	2.774286	-114.687194
0.191934	2.904898	-115.269841
0.192539	2.980835	-115.643179
0.193145	3.061632	-115.889089
0.193750	3.170981	-115.995641
0.194355	3.239628	-116.023838
0.194961	3.327715	-115.831068
0.195566	3.297340	-115.561842
0.196172	3.316780	-115.213176
0.196777	3.400614	-114.711324
0.197383	3.416409	-113.905271
0.197988	3.380567	-112.957690
0.198594	3.430989	-112.237584
0.199199	3.426736	-111.158779
0.199805	3.444961	-109.800174
0.200410	3.383604	-108.466512
0.201016	3.353229	-106.971531
0.201621	3.338042	-105.396840
0.202227	3.250563	-103.644833
0.202832	3.277292	-101.789799
0.203437	3.217150	-99.833093
0.204043	3.175233	-97.735402
0.204648	3.087146	-95.534684
0.205254	3.020929	-93.195422
0.205859	2.951675	-90.958373
0.206465	2.768819	-88.391094
0.207070	2.780969	-85.529646
0.207676	2.610262	-82.977008
0.208281	2.548298	-80.114746
0.208887	2.426799	-77.210731
0.209492	2.322309	-74.179830
0.210098	2.205063	-71.116936
0.210703	2.064124	-67.927155
0.211309	1.964495	-64.652242
0.211914	1.777386	-61.357536
0.212520	1.677757	-57.948687
0.213125	1.495508	-54.476666
0.213730	1.378261	-50.882910
0.214336	1.225780	-47.271531
0.214941	1.114608	-43.836112
0.215547	1.021054	-39.989126
0.216152	0.796888	-36.103368
0.216758	0.658987	-32.374864
0.217363	0.442111	-28.574782
0.217969	0.286592	-24.703936
0.218574	0.177243	-20.802183
0.219180	-0.022623	-16.943538
0.219785	-0.147767	-12.967768
0.220391	-0.279594	-9.027786
0.220996	-0.392588	-5.072350
0.221602	-0.520770	-1.075974
0.222207	-0.694513	2.748780
0.222812	-0.779563	6.924641
0.223418	-0.894987	10.876281
0.224023	-1.120368	14.590959
0.224629	-1.156817	18.747840
0.225234	-1.323879	22.653118
0.225840	-1.430190	26.513661
0.226445	-1.551082	30.299373
0.227051	-1.677441	34.153138
0.227656	-1.764920	37.978434
0.228262	-1.856045	41.609876
0.228867	-1.939879	45.308557
0.229473	-2.024928	48.945693
0.230078	-2.148250	52.600181
0.230684	-2.223579	56.042921
0.231289	-2.191990	59.295060
0.231895	-2.280684	62.937618
0.232500	-2.376061	66.227444
0.233105	-2.327461	69.323144
0.233711	-2.408866	72.479576
0.234316	-2.473868	75.572836
0.234922	-2.483588	78.545717
0.235527	-2.564384	81.342909
0.236133	-2.595367	84.114615
0.236738	-2.569852	86.813389
0.237344	-2.606909	89.445195
0.237949	-2.538870	91.819433
0.238555	-2.552842	94.178216
0.239160	-2.496345	96.631351
0.239766	-2.573497	98.587244
0.240371	-2.557094	100.536358
0.240977	-2.413118	102.686918
0.241582	-2.436810	104.398799
0.242187	-2.351154	106.062690
0.242793	-2.356621	107.565262
0.243398	-2.216289	109.049940
0.244004	-2.185915	110.379806
0.244609	-2.159792	111.532628
0.245215	-2.068061	112.524401
0.245820	-2.016423	113.437549
0.246426	-1.983619	114.221641
0.247031	-1.904037	114.755757
0.247637	-1.789828	115.288516
0.248242	-1.712068	115.836730
0.248848	-1.585709	115.862487
0.249453	-1.585709	115.899089
0.250059	-1.524960	116.037905
0.250664	-1.435658	115.828325
0.251270	-1.377338	115.462578
0.251875	-1.299579	115.050740
0.252480	-1.229717	114.465382
0.253086	-1.161070	113.766423
0.253691	-1.081488	112.908585
0.254297	-1.041393	111.895935
0.254902	-0.981859	110.874066
0.255508	-0.916857	109.572397
0.256113	-0.822695	108.015871
0.256719	-0.805077	106.729656
0.257324	-0.882837	105.160387
0.257930	-0.747365	103.286646
0.258535	-0.690261	101.392027
0.259141	-0.670213	99.508525
0.259746	-0.631334	97.382908
0.260352	-0.619184	95.158060
0.260957	-0.571192	92.801446
0.261562	-0.517732	90.399282
0.262168	-0.560864	87.791877
0.262773	-0.576052	85.085241
0.263379	-0.525629	82.298352
0.263984	-0.556612	79.646211
0.264590	-0.550537	76.579250
0.265195	-0.499507	73.424716
0.265801	-0.500722	70.524497
0.266406	-0.534742	67.284829
0.267012	-0.516517	64.019405
0.267617	-0.514695	60.636855
0.268223	-0.509835	57.223397
0.268828	-0.588202	53.709352
0.269434	-0.578482	50.151655
0.270039	-0.683578	46.511808
0.270645	-0.639839	42.898260
0.271250	-0.613716	39.170026
0.271855	-0.671428	35.300537
0.272461	-0.635586	31.566338
0.273066	-0.733393	27.878502
0.273672	-0.785638	23.760120
0.274277	-0.718206	19.822036
0.274883	-0.824517	16.007313
0.275488	-0.848210	12.085768
0.276094	-0.765590	8.135754
0.276699	-0.811152	4.107385
0.277305	-0.810545	0.192076
0.277910	-0.764375	-3.812705
0.278516	-0.772880	-7.774106
0.279121	-0.785638	-11.792985
0.279727	-0.738860	-15.686605
0.280332	-0.785030	-19.589714
0.280938	-0.720028	-23.696438
0.281543	-0.648344	-27.407048
0.282148	-0.661708	-31.213366
0.282754	-0.584557	-35.163922
0.283359	-0.571799	-38.936620
0.283965	-0.477637	-42.560471
0.284570	-0.383476	-46.222008
0.285176	-0.347026	-49.885714
0.285781	-0.330623	-53.440157
0.286387	-0.226134	-56.947153
0.286992	-0.176927	-60.422157
0.287598	-0.076690	-63.781390
0.288203	0.043594	-67.102937
0.288809	0.093408	-70.193485
0.289414	0.217338	-73.392755
0.290020	0.239815	-76.638116
0.290625	0.373464	-79.296221
0.291230	0.509543	-82.128931
0.291836	0.615855	-84.973841
0.292441	0.734316	-87.646858
0.293047	0.762261	-90.211967
0.293652	0.981567	-92.614944
0.294258	1.026522	-95.033917
0.294863	1.223958	-97.222435
0.295469	1.279240	-99.331241
0.296074	1.371579	-101.339190
0.296680	1.513125	-103.287220
0.297285	1.633410	-105.101856
0.297891	1.766451	-106.555084
0.298496	1.796218	-108.269676
0.299102	2.015524	-109.698502
0.299707	2.100574	-110.795743
0.300312	2.196558	-111.896238
0.300918	2.256700	-112.926782
0.301523	2.361797	-113.800074
0.302129	2.494838	-114.486562
0.302734	2.549513	-115.110962
0.303340	2.653395	-115.583803
0.303945	2.700779	-115.936807
0.304551	2.797371	-116.055288
0.305156	2.847793	-116.118189
0.305762	2.932235	-116.197629
0.306367	2.990555	-115.823206
0.306973	3.053127	-115.323794
0.307578	3.034902	-115.035047
0.308184	3.158831	-114.386788
0.308789	3.083501	-113.574499
0.309395	3.099904	-112.694971
0.310000	3.149111	-111.682321
0.310605	3.116914	-110.501031
0.311211	3.122381	-109.211562
0.311816	3.036724	-107.829098
0.312422	3.098081	-106.226481
0.313027	3.013032	-104.652603
0.313633	2.989340	-102.797027
0.314238	2.950460	-100.895901
0.314844	2.938310	-99.073944
0.315449	2.841718	-96.687777
0.316055	2.810736	-94.321402
0.316660	2.728116	-92.084353
0.317266	2.654002	-89.656433
0.317871	2.584140	-87.021373
0.318477	2.531895	-84.349983
0.319082	2.366657	-81.614065
0.319688	2.298617	-78.757768
0.320293	2.175903	-75.761570
0.320898	2.048329	-72.685934
0.321504	1.988187	-69.636053
0.322109	1.857575	-66.460914
0.322715	1.708739	-62.932770
0.323320	1.533780	-59.703948
0.323926	1.480321	-56.339292
0.324531	1.310829	-52.659589
0.325137	1.172320	-49.066918
0.325742	1.068439	-45.484278
0.326348	0.928107	-41.813794
0.326953	0.815113	-38.061701
0.327559	0.673567	-34.257281
0.328164	0.585480	-30.446083
0.328770	0.387436	-26.616720
0.329375	0.270797	-22.745604
0.329980	0.118316	-18.783118
0.330586	-0.018978	-14.998762
0.331191	-0.058465	-10.988559
0.331797	-0.272911	-6.866652
0.332402	-0.367073	-3.089074
0.333008	-0.418710	0.900524
0.333613	-0.599744	4.952210
0.334219	-0.673858	8.974071
0.334824	-0.797180	12.868233
0.335430	-0.939334	16.865694
0.336035	-1.063871	20.776665
0.336641	-1.187800	24.643173
0.337246	-1.229717	28.470096
0.337852	-1.332384	32.340670
0.338457	-1.370048	36.170575
0.339062	-1.540754	39.851905
0.339668	-1.576597	43.379777
0.340273	-1.670759	47.308372
0.340879	-1.799548	50.987261
0.341484	-1.853615	54.354628
0.342090	-1.856045	57.835596
0.342695	-1.885812	61.298941
0.343301	-1.959319	64.676340
0.343906	-1.953244	67.869916
0.344512	-2.036471	70.997338
0.345117	-2.114230	74.120693
0.345723	-2.119698	77.168133
0.346328	-2.131848	80.001384
0.346934	-2.137923	82.790443
0.347539	-2.147035	85.646198
0.348145	-2.154932	88.177959
0.348750	-2.112408	90.588256
0.349355	-2.117268	93.194305
0.349961	-2.143390	95.525163
0.350566	-2.199280	97.662167
0.351172	-2.114838	99.726780
0.351777	-2.106940	101.663423
0.352383	-2.099043	103.484838
0.352988	-2.080818	105.247418
0.353594	-2.013386	106.807198
0.354199	-1.953244	108.363182
0.354805	-1.945347	109.634756
0.355410	-1.943524	110.780257
0.356016	-1.926514	111.948533
0.356621	-1.928337	113.035742
0.357227	-1.834175	113.646857
0.357832	-1.796510	114.314908
0.358438	-1.752163	115.048029
0.359043	-1.713283	115.437635
0.359648	-1.636131	115.704421
0.360254	-1.648889	115.897462
0.360859	-1.652534	115.950874
0.361465	-1.548652	115.800942
0.362070	-1.521922	115.502162
0.362676	-1.503697	115.115810
0.363281	-1.560194	114.611518
0.363887	-1.466033	113.999319
0.364492	-1.436873	112.947627
0.365098	-1.374301	112.270900
0.365703	-1.454490	111.323320
0.366309	-1.343318	109.970679
0.366914	-1.296541	108.648134
0.367520	-1.261307	107.278141
0.368125	-1.320234	105.733545
0.368730	-1.278316	104.007566
0.369336	-1.260699	102.185338
0.369941	-1.222427	100.287195
0.370547	-1.289251	98.290905
0.371152	-1.225464	96.083951
0.371758	-1.214529	93.713238
0.372363	-1.217567	91.479714
0.372969	-1.189015	88.952833
0.373574	-1.226679	86.162148
0.374180	-1.209062	83.697897
0.374785	-1.256447	80.951676
0.375391	-1.203594	78.029495
0.375996	-1.139807	75.046854
0.376602	-1.216352	71.953052
0.377207	-1.190837	68.800416
0.377812	-1.181117	65.557495
0.378418	-1.212707	62.222663
0.379023	-1.214529	58.859092
0.379629	-1.162285	55.403067
0.380234	-1.134340	51.843201
0.380840	-1.168360	48.247005
0.381445	-1.116115	44.779322
0.382051	-1.099713	40.952941
0.382656	-1.093638	37.097821
0.383262	-1.072983	33.547174
0.383867	-1.039571	29.733536
0.384473	-1.026813	25.863233
0.385078	-0.959381	21.975036
0.385684	-0.972746	18.084941
0.386289	-0.885267	14.158786
0.386895	-0.922932	10.158886
0.387500	-0.877369	6.209685
0.388105	-0.757693	2.332062
0.388711	-0.753440	-1.657536
0.389316	-0.670213	-5.813333
0.389922	-0.608249	-9.605281
0.390527	-0.610071	-13.377979
0.391133	-0.554182	-17.419091
0.391738	-0.402915	-21.370731
0.392344	-0.356138	-25.260826
0.392949	-0.283239	-29.108626
0.393555	-0.176320	-32.929313
0.394160	-0.108280	-36.709603
0.394766	-0.101598	-40.468745
0.395371	-0.022623	-44.146278
0.395977	0.140793	-47.799682
0.396582	0.237385	-51.517613
0.397187	0.340052	-54.886878
0.397793	0.403231	-58.396856
0.398398	0.582442	-61.967566
0.399004	0.634687	-65.160329
0.399609	0.715484	-68.303476
0.400215	0.827263	-71.556157
0.400820	0.937220	-74.711505
0.401426	1.101243	-77.616062
0.402031	1.137693	-80.571049
0.402637	1.266482	-83.408096
0.403242	1.398916	-86.162722
0.403848	1.409244	-88.791003
0.404453	1.590885	-91.263117
0.405059	1.611540	-93.729537
0.405664	1.790143	-96.157457
0.406270	1.808368	-98.082442
0.406875	1.931082	-100.246287
0.407480	1.992439	-102.339639
0.408086	2.101789	-103.984281
0.408691	2.133378	-105.682063
0.409297	2.180156	-107.364120
0.409902	2.285252	-108.802978
0.410508	2.383059	-110.106002
0.411113	2.415864	-111.310609
0.411719	2.437126	-112.409748
0.412324	2.490586	-113.366817
0.412930	2.539185	-114.253937
0.413535	2.578065	-114.827636
0.414141	2.645497	-115.458814
0.414746	2.679517	-115.970426
0.415352	2.644282	-116.035225
0.415957	2.686199	-116.177295
0.416563	2.692882	-116.294149
0.417168	2.729331	-116.130390
0.417773	2.671619	-115.777657
0.418379	2.647927	-115.447698
0.418984	2.669189	-114.845802
0.419590	2.660077	-114.113494
0.420195	2.709284	-113.285209
0.420801	2.630917	-112.385889
0.421406	2.632740	-111.319556
0.422012	2.567738	-110.118203
0.422617	2.465071	-108.685310
0.423223	2.477828	-107.392317
0.423828	2.437734	-105.712158
0.424434	2.275532	-103.826758
0.425039	2.228755	-102.031100
0.425645	2.256700	-100.100151
0.426250	2.138846	-97.989175
0.426855	2.202633	-95.728267
0.427461	2.059264	-93.466275
0.428066	1.997907	-91.078481
0.428672	1.794396	-88.586033
0.429277	1.729394	-85.886988
0.429883	1.734861	-83.236203
0.430488	1.649812	-80.467479
0.431094	1.525883	-77.414617
0.431699	1.423824	-74.357145
0.432305	1.367934	-71.456113
0.432910	1.334522	-68.203431
0.433516	1.195405	-64.816814
0.434121	1.130403	-61.485236
0.434727	1.019839	-58.065542
0.435332	0.918387	-54.593521
0.435937	0.844273	-51.007899
0.436543	0.771981	-47.384048
0.437148	0.708194	-43.717359
0.437754	0.588517	-40.043079
0.438359	0.512580	-36.192026
0.438965	0.400194	-32.435324
0.439570	0.364959	-28.731492
0.440176	0.202150	-24.625853
0.440781	0.047239	-20.704578
0.441387	0.074576	-16.851627
0.441992	-0.053605	-12.923575
0.442598	-0.070615	-8.834203
0.443203	-0.237069	-4.914284
0.443809	-0.246789	-0.929024
0.444414	-0.435113	3.033190
0.445020	-0.428430	7.054781
0.445625	-0.529882	11.022417
0.446230	-0.647129	14.908988
0.446836	-0.686008	18.885572
0.447441	-0.813582	22.908247
0.448047	-0.827555	26.652206
0.448652	-0.921109	30.357936
0.449258	-0.974569	34.463033
0.449863	-1.071768	38.223802
0.450469	-1.043823	41.865818
0.451074	-1.162892	45.541453
0.451680	-1.222427	49.229832
0.452285	-1.298364	52.754993
0.452891	-1.328739	56.218609
0.453496	-1.412573	59.675990
0.454102	-1.435658	63.052033
0.454707	-1.427760	66.402048
0.455313	-1.466033	69.432136
0.455918	-1.484865	72.644420
0.456523	-1.583279	75.863753
0.457129	-1.613654	78.573642
0.457734	-1.586317	81.479284
0.458340	-1.658001	84.336395
0.458945	-1.627626	87.041405
0.459551	-1.642206	89.575877
0.460156	-1.723003	92.037688
0.460762	-1.696273	94.395658
0.461367	-1.711461	96.661717
0.461973	-1.777678	98.728771
0.462578	-1.796510	100.776032
0.463184	-1.776463	102.679327
0.463789	-1.835390	104.442450
0.464395	-1.851792	105.886188
0.465000	-1.806230	107.586410
0.465605	-1.805623	109.110672
0.466211	-1.801370	110.216047
0.466816	-1.813520	111.387576
0.467422	-1.838427	112.485088
0.468027	-1.822025	113.356212
0.468633	-1.845110	114.056255
0.469238	-1.876700	114.695296
0.469844	-1.918009	115.159190
0.470449	-1.885204	115.551507
0.471055	-1.829922	115.725027
0.471660	-1.857867	115.771660
0.472266	-1.863335	115.850558
0.472871	-1.880344	115.572926
0.473477	-1.854830	115.046944
0.474082	-1.874877	114.877491
0.474687	-1.900999	114.246314
0.475293	-1.866372	113.509397
0.475898	-1.882774	112.594352
0.476504	-1.856045	111.619659
0.477109	-1.814735	110.551428
0.477715	-1.874270	109.235661
0.478320	-1.810482	107.861873
0.478926	-1.863942	106.398613
0.479531	-1.890064	104.822295
0.480137	-1.857867	102.967803
0.480742	-1.783145	101.091892
0.481348	-1.813520	99.247432
0.481953	-1.823847	97.042918
0.482559	-1.798940	94.727786
0.483164	-1.780715	92.568279
0.483770	-1.777070	90.150390
0.484375	-1.743658	87.583925
0.484980	-1.738798	84.945341
0.485586	-1.728471	82.208067
0.486191	-1.668329	79.395692
0.486797	-1.676833	76.413864
0.487402	-1.632486	73.428512
0.488008	-1.595429	70.328474
0.488613	-1.534680	67.191834
0.489219	-1.477575	63.726048
0.489824	-1.481220	60.488279
0.490430	-1.486687	57.246172
0.491035	-1.442948	53.597377
0.491641	-1.321449	50.086857
0.492246	-1.309906	46.544614
0.492852	-1.263737	42.909376
0.493457	-1.168360	39.210424
0.494063	-1.099713	35.478123
0.494668	-1.079665	31.683193
0.495273	-1.041393	27.932998
0.495879	-0.989756	23.994100
0.496484	-0.901062	20.085027
0.497090	-0.851855	16.293892
0.497695	-0.768020	12.314055
0.498301	-0.708486	8.155275
0.498906	-0.633764	4.466354
0.499512	-0.578482	0.545351
0.500117	-0.515302	-3.529922
0.500723	-0.449085	-7.490510
0.501328	-0.348241	-11.399855
0.501934	-0.300249	-15.347428
0.502539	-0.238284	-19.266805
0.503145	-0.183002	-23.197026
0.503750	-0.067578	-27.109082
0.504355	0.010182	-30.918654
0.504961	0.138363	-34.759404
0.505566	0.191823	-38.586056
0.506172	0.349164	-42.087630
0.506777	0.340052	-45.949528
0.507383	0.437858	-49.636008
0.507988	0.528983	-53.001206
0.508594	0.649874	-56.511185
0.509199	0.734316	-59.985375
0.509805	0.822403	-63.364942
0.510410	0.912920	-66.582378
0.511016	0.984604	-69.864069
0.511621	1.137693	-72.995287
0.512227	1.158956	-76.052758
0.512832	1.251295	-78.943759
0.513437	1.318727	-81.829880
0.514043	1.404384	-84.809810
0.514648	1.508873	-87.379258
0.515254	1.516770	-89.823988
0.515859	1.639485	-92.533064
0.516465	1.745189	-94.889408
0.517070	1.722711	-97.023158
0.517676	1.774349	-99.160433
0.518281	1.917110	-101.168653
0.518887	1.901315	-103.115598
0.519492	2.002159	-104.868689
0.520098	2.056226	-106.541528
0.520703	2.163146	-108.078804
0.521309	2.178941	-109.522000
0.521914	2.257915	-110.680786
0.522520	2.241513	-111.922537
0.523125	2.445024	-113.045535
0.523730	2.388526	-113.651769
0.524336	2.370909	-114.468396
0.524941	2.485726	-115.199619
0.525547	2.529465	-115.638841
0.526152	2.537970	-115.950092
0.526758	2.503951	-116.185699
0.527363	2.542830	-116.245347
0.527969	2.511241	-116.204678
0.528574	2.564700	-115.970969
0.529180	2.551943	-115.647788
0.529785	2.595682	-115.160035
0.530391	2.595682	-114.556241
0.530996	2.571383	-113.662072
0.531602	2.509418	-112.957962
0.532207	2.556803	-111.968086
0.532813	2.514886	-110.629002
0.533418	2.484511	-109.363392
0.534023	2.424976	-108.000178
0.534629	2.395209	-106.491099
0.535234	2.390956	-104.791419
0.535840	2.377592	-103.009588
0.536445	2.294972	-101.150216
0.537051	2.267027	-99.091567
0.537656	2.204455	-96.911184
0.538262	2.136416	-94.623435
0.538867	2.035572	-92.485618
0.539473	2.083564	-89.898818
0.540078	1.990617	-87.128739
0.540684	1.869725	-84.715459
0.541289	1.827808	-81.870820
0.541895	1.722104	-78.904446
0.542500	1.692944	-75.938886
0.543105	1.603035	-72.842915
0.543711	1.473031	-69.753721
0.544316	1.420179	-66.497244
0.544922	1.383729	-63.178951
0.545527	1.154096	-59.815109
0.546133	1.106103	-56.391348
0.546738	1.033204	-52.802201
0.547344	0.946940	-49.178079
0.547949	0.877685	-45.773839
0.548555	0.737961	-41.935529
0.549160	0.631649	-38.067124
0.549766	0.488888	-34.472283
0.550371	0.388044	-30.598455
0.550977	0.313322	-26.688297
0.551582	0.210655	-22.838057
0.552187	0.087941	-18.903769
0.552793	0.027799	-14.939657
0.553398	-0.085195	-10.948161
0.554004	-0.196367	-6.988116
0.554609	-0.269874	-3.118626
0.555215	-0.401093	0.862025
0.555820	-0.467917	5.010501
0.556426	-0.649559	8.856945
0.557031	-0.656241	12.692002
0.557637	-0.793535	16.898229
0.558242	-0.842742	20.837668
0.558848	-0.915642	24.647240
0.559453	-0.941156	28.507240
0.560059	-1.048683	32.384321
0.560664	-1.184155	36.197146
0.561270	-1.286821	39.910739
0.561875	-1.308084	43.609420
0.562480	-1.401031	47.260383
0.563086	-1.483042	50.939272
0.563691	-1.529212	54.306368
0.564297	-1.578419	57.796283
0.564902	-1.626411	61.427997
0.565508	-1.695666	64.573042
0.566113	-1.739406	67.747097
0.566719	-1.755808	71.054816
0.567324	-1.852400	74.155939
0.567930	-1.932589	77.188196
0.568535	-1.920439	80.067810
0.569141	-1.953851	82.891301
0.569746	-1.922262	85.644300
0.570352	-1.993339	88.232997
0.570957	-1.948991	90.736832
0.571562	-2.029181	93.202439
0.572168	-2.061378	95.459822
0.572773	-1.958104	97.536094
0.573379	-2.063201	99.762026
0.573984	-2.032218	101.821217
0.574590	-2.051051	103.439831
0.575195	-2.015208	105.202141
0.575801	-2.009134	106.843258
0.576406	-2.001236	108.331189
0.577012	-1.991516	109.655090
0.577617	-1.950814	110.893587
0.578223	-1.941702	111.955040
0.578828	-1.908897	112.929462
0.579434	-1.916794	113.707860
0.580039	-1.915579	114.396245
0.580645	-1.883382	115.109845
0.581250	-1.876700	115.406998
0.581855	-1.815950	115.540933
0.582461	-1.764313	115.918610
0.583066	-1.811697	115.966328
0.583672	-1.803800	115.769220
0.584277	-1.753378	115.518701
0.584883	-1.667721	115.221006
0.585488	-1.723611	114.666014
0.586094	-1.710246	113.960548
0.586699	-1.664076	113.200586
0.587305	-1.589962	112.277407
0.587910	-1.629449	111.239000
0.588516	-1.568092	110.043883
0.589121	-1.549867	108.564085
0.589727	-1.430190	107.477147
0.590332	-1.424115	105.821118
0.590938	-1.521315	103.933007
0.591543	-1.425938	102.210552
0.592148	-1.479397	100.328406
0.592754	-1.368226	98.344587
0.593359	-1.384021	96.126788
0.593965	-1.354861	93.892180
0.594570	-1.346963	91.527431
0.595176	-1.357898	88.996755
0.595781	-1.306261	86.379590
0.596387	-1.283176	83.676749
0.596992	-1.350001	80.989904
0.597598	-1.272849	77.949785
0.598203	-1.202379	74.949521
0.598809	-1.205417	72.132536
0.599414	-1.271634	68.859792
0.600020	-1.155602	65.623378
0.600625	-1.154995	62.305627
0.601230	-1.198127	58.949105
0.601836	-1.130695	55.517753
0.602441	-1.119760	52.000183
0.603047	-1.162285	48.411849
0.603652	-1.115508	44.818635
0.604258	-1.098498	41.127274
0.604863	-1.092423	37.314450
0.605469	-1.055366	33.623360
0.606074	-1.091208	29.853373
0.606680	-0.987326	25.817142
0.607285	-0.944801	22.062609
0.607891	-0.983681	18.300756
0.608496	-0.966671	14.236328
0.609102	-0.922324	10.317493
0.609707	-0.824517	6.397032
0.610313	-0.839097	2.407977
0.610918	-0.772880	-1.561829
0.611523	-0.747973	-5.541395
0.612129	-0.746150	-9.517437
0.612734	-0.727318	-13.411057
0.613340	-0.610071	-17.347514
0.613945	-0.549929	-21.395132
0.614551	-0.477030	-25.125535
0.615156	-0.437543	-28.934022
0.615762	-0.336698	-32.995739
0.616367	-0.278379	-36.681677
0.616973	-0.192722	-40.349721
0.617578	-0.166600	-44.038371
0.618184	-0.100383	-47.702619
0.618789	-0.039633	-51.288784
0.619395	0.057566	-54.808251
0.620000	0.138971	-58.263734
0.620605	0.255610	-61.685326
0.621211	0.351594	-65.054862
0.621816	0.441503	-68.194213
0.622422	0.496785	-71.564291
0.623027	0.716091	-74.628812
0.623633	0.723989	-77.369068
0.624238	0.756186	-80.442807
0.624844	0.940865	-83.332724
0.625449	1.062971	-86.008452
0.626055	1.209378	-88.612603
0.626660	1.253725	-91.192082
0.627266	1.391626	-93.602108
0.627871	1.488218	-95.851087
0.628477	1.596960	-98.039062
0.629082	1.748834	-100.126721
0.629687	1.855753	-102.130331
0.630293	1.915287	-103.972894
0.630898	2.024029	-105.527251
0.631504	2.136416	-107.329416
0.632109	2.297402	-108.771798
0.632715	2.306515	-109.941159
0.633320	2.411004	-111.147663
0.633926	2.475398	-112.278523
0.634531	2.536148	-113.235051
0.635137	2.623627	-114.006400
0.635742	2.595075	-114.755517
0.636348	2.768819	-115.301291
0.636953	2.822278	-115.681679
0.637559	2.898823	-115.901832
0.638164	2.926768	-116.079690
0.638770	2.937095	-116.232604
0.639375	2.971722	-115.969071
0.639980	2.934665	-115.575398
0.640586	2.991770	-115.414892
0.641191	3.057987	-114.820045
0.641797	3.061632	-114.008027
0.642402	3.063454	-113.145580
0.643008	3.046444	-112.273101
0.643613	3.059809	-111.188060
0.644219	3.045229	-109.938176
0.644824	2.981442	-108.589603
0.645430	2.972330	-107.152643
0.646035	2.920085	-105.623229
0.646641	2.811951	-103.837603
0.647246	2.777931	-101.925361
0.647852	2.694097	-100.207516
0.648457	2.637600	-97.992428
0.649062	2.548298	-95.644761
0.649668	2.455958	-93.489592
0.650273	2.436519	-91.070890
0.650879	2.266420	-88.566783
0.651484	2.161931	-85.931995
0.652090	2.041647	-83.207193
0.652695	1.959635	-80.384244
0.653301	1.753086	-77.494328
0.653906	1.775564	-74.447701
0.654512	1.606680	-71.405141
0.655117	1.550183	-68.270941
0.655723	1.303540	-64.897610
0.656328	1.178395	-61.568742
0.656934	1.083626	-58.347240
0.657539	0.941472	-54.655066
0.658145	0.789598	-51.080018
0.658750	0.683894	-47.516357
0.659355	0.578797	-43.868376
0.659961	0.464588	-40.180268
0.660566	0.292667	-36.382084
0.661172	0.195468	-32.621858
0.661777	0.013827	-28.805238
0.662383	-0.161132	-24.916498
0.662988	-0.242537	-20.957266
0.663594	-0.378008	-17.162607
0.664199	-0.439365	-13.228861
0.664805	-0.565117	-9.030497
0.665410	-0.665353	-5.226620
0.666016	-0.739468	-1.340320
0.666621	-0.866434	2.779146
0.667227	-1.003728	6.815649
0.667832	-1.144060	10.730145
0.668438	-1.191445	14.689377
0.669043	-1.325094	18.642373
0.669648	-1.404068	22.569612
0.670254	-1.478182	26.421208
0.670859	-1.537717	30.259789
0.671465	-1.601504	34.117349
0.672070	-1.701741	37.917160
0.672676	-1.757630	41.479465
0.673281	-1.784968	45.339194
0.673887	-1.911934	49.109453
0.674492	-1.914364	52.569002
0.675098	-1.967216	56.023671
0.675703	-1.935019	59.531752
0.676309	-2.001236	62.962562
0.676914	-2.018853	66.222834
0.677520	-2.009134	69.457350
0.678125	-2.095398	72.578807
0.678730	-2.044368	75.650920
0.679336	-2.052873	78.652269
0.679941	-2.087500	81.439700
0.680547	-2.001844	84.318772
0.681152	-2.049228	87.013208
0.681758	-1.976329	89.373889
0.682363	-1.956889	92.005966
0.682969	-1.946561	94.437140
0.683574	-1.961749	96.720280
0.684180	-1.945347	98.813633
0.684785	-1.914364	100.837578
0.685391	-1.865765	102.741143
0.685996	-1.837212	104.496675
0.686602	-1.811697	106.148636
0.687207	-1.686553	107.739053
0.687813	-1.664076	109.181436
0.688418	-1.696881	110.443521
0.689023	-1.598467	111.478132
0.689629	-1.605149	112.697650
0.690234	-1.568092	113.528647
0.690840	-1.473322	114.139490
0.691445	-1.444163	114.943917
0.692051	-1.414395	115.430314
0.692656	-1.330561	115.785217
0.693262	-1.356076	115.990729
0.693867	-1.289251	116.143914
0.694473	-1.275886	116.087520
0.695078	-1.221819	115.826970
0.695684	-1.241867	115.510567
0.696289	-1.192660	115.079750
0.696895	-1.206024	114.498459
0.697500	-1.136162	113.666649
0.698105	-1.124620	112.751333
0.698711	-1.105180	112.023634
0.699316	-1.141630	110.778902
0.699922	-1.091815	109.498651
0.700527	-1.116115	108.130828
0.701133	-1.087563	106.696308
0.701738	-1.077843	105.050311
0.702344	-1.149527	103.238385
0.702949	-1.082095	101.410735
0.703555	-1.172612	99.406853
0.704160	-1.094853	97.346849
0.704766	-1.176257	95.053677
0.705371	-1.167752	92.751559
0.705977	-1.237007	90.432088
0.706582	-1.254624	87.668787
0.707187	-1.251587	85.031829
0.707793	-1.278316	82.558089
0.708398	-1.336636	79.628317
0.709004	-1.343926	76.639169
0.709609	-1.342103	73.617757
0.710215	-1.356683	70.538324
0.710820	-1.411358	67.303808
0.711426	-1.427760	63.990395
0.712031	-1.424723	60.651767
0.712637	-1.503697	57.221228
0.713242	-1.520707	53.804788
0.713848	-1.525567	50.102040
0.714453	-1.477575	46.570100
0.715059	-1.575382	43.029756
0.715664	-1.527390	39.105499
0.716270	-1.500660	35.420103
0.716875	-1.492762	31.753685
0.717480	-1.535287	27.873079
0.718086	-1.476967	24.006030
0.718691	-1.448415	20.100210
0.719297	-1.461780	16.177308
0.719902	-1.457528	12.219974
0.720508	-1.390096	8.251795
0.721113	-1.365796	4.275754
0.721719	-1.321449	0.401926
0.722324	-1.278316	-3.666298
0.722930	-1.179902	-7.707952
0.723535	-1.168360	-11.407988
0.724141	-1.120975	-15.340379
0.724746	-1.070553	-19.303678
0.725352	-0.955129	-23.225765
0.725957	-0.916249	-27.119656
0.726562	-0.790498	-30.928414
0.727168	-0.713346	-34.749372
0.727773	-0.609464	-38.505803
0.728379	-0.526844	-42.238646
0.728984	-0.395625	-45.878222
0.729590	-0.277771	-49.557924
0.730195	-0.215199	-53.078748
0.730801	-0.065148	-56.417647
0.731406	0.041771	-60.069966
0.732012	0.167523	-63.457938
0.732617	0.302387	-66.539269
0.733223	0.414774	-69.759957
0.733828	0.536880	-72.960583
0.734434	0.665669	-75.979283
0.735039	0.795066	-78.889806
0.735645	0.891050	-81.762370
0.736250	1.088486	-84.588844
0.736855	1.222743	-87.203840
0.737461	1.351532	-89.766780
0.738066	1.426254	-92.252450
0.738672	1.567800	-94.746525
0.739277	1.668644	-96.883258
0.739883	1.787106	-98.843759
0.740488	1.903745	-101.152114
0.741094	2.043469	-102.905748
0.741699	2.162538	-104.569097
0.742305	2.223288	-106.224041
0.742910	2.415864	-107.768909
0.743516	2.484511	-109.200446
0.744121	2.575028	-110.488288
0.744727	2.649750	-111.587698
0.745332	2.743304	-112.631799
0.745938	2.733584	-113.563925
0.746543	2.873915	-114.244990
0.747148	2.909150	-114.929850
0.747754	2.960180	-115.522258
0.748359	3.054949	-115.609560
0.748965	3.072566	-115.920540
0.749570	3.130886	-116.106802
0.750176	3.200140	-115.927318
0.750781	3.133923	-115.687644
0.751387	3.106586	-115.430618
0.751992	3.176448	-114.956963
0.752598	3.190421	-114.300299
0.753203	3.193458	-113.518105
0.753809	3.219580	-112.664876
0.754414	3.124811	-111.745493
0.755020	3.139391	-110.516214
0.755625	3.044622	-109.190144
0.756230	2.990555	-107.983368
0.756836	2.943170	-106.478085
0.757441	2.819241	-104.586991
0.758047	2.811951	-102.814379
0.758652	2.741481	-101.000013
0.759258	2.666759	-99.056592
0.759863	2.647927	-96.813308
0.760469	2.538578	-94.620181
0.761074	2.389134	-92.287154
0.761680	2.299832	-89.867097
0.762285	2.188660	-87.244509
0.762891	2.021599	-84.654998
0.763496	1.935335	-81.936161
0.764102	1.844211	-79.026723
0.764707	1.773134	-75.878696
0.765312	1.630372	-73.058459
0.765918	1.532565	-69.954896
0.766523	1.344242	-66.582378
0.767129	1.254332	-63.225313
0.767734	1.136478	-59.892650
0.768340	0.915350	-56.498442
0.768945	0.819366	-52.950777
0.769551	0.662024	-49.404197
0.770156	0.544778	-45.758114
0.770762	0.362529	-42.083834
0.771367	0.265937	-38.313034
0.771973	0.111633	-34.505360
0.772578	0.016864	-30.883678
0.773184	-0.164170	-26.908450
0.773789	-0.370111	-22.902585
0.774395	-0.436328	-19.140189
0.775000	-0.590632	-15.174451
0.775605	-0.663531	-11.186480
0.776211	-0.752833	-7.237822
0.776816	-0.908959	-3.290248
0.777422	-0.980036	0.761980
0.778027	-1.021953	4.755102
0.778633	-1.158640	8.717587
0.779238	-1.286214	12.609309
0.779844	-1.408928	16.589418
0.780449	-1.458135	20.610195
0.781055	-1.500052	24.473720
0.781660	-1.615476	28.097300
0.782266	-1.656179	32.123228
0.782871	-1.718143	36.037453
0.783477	-1.805015	39.674589
0.784082	-1.891279	43.419904
0.784687	-1.921654	47.127803
0.785293	-1.980581	50.713968
0.785898	-1.989694	54.233978
0.786504	-2.000629	57.724706
0.787109	-1.997591	61.191034
0.787715	-2.017638	64.559756
0.788320	-2.044368	67.757671
0.788926	-2.053481	70.797248
0.789531	-2.063808	74.084362
0.790137	-2.156147	77.161355
0.790742	-2.075958	79.847114
0.791348	-2.112408	82.769566
0.791953	-2.069883	85.584652
0.792559	-2.105725	88.197480
0.793164	-2.036471	90.752557
0.793770	-2.011564	93.200541
0.794375	-1.947776	95.558240
0.794980	-1.945347	97.778479
0.795586	-1.941094	99.840924
0.796191	-1.924084	101.741236
0.796797	-1.875485	103.684928
0.797402	-1.874877	105.340414
0.798008	-1.752163	106.810994
0.798613	-1.693843	108.556494
0.799219	-1.756415	109.905881
0.799824	-1.673189	110.990108
0.800430	-1.656786	112.100092
0.801035	-1.646459	113.128738
0.801641	-1.486687	113.971935
0.802246	-1.556549	114.650560
0.802852	-1.579027	115.178711
0.803457	-1.563232	115.621186
0.804063	-1.497622	115.924846
0.804668	-1.450238	116.031126
0.805273	-1.390096	116.029229
0.805879	-1.353038	116.069355
0.806484	-1.329954	115.696559
0.807090	-1.384021	115.166239
0.807695	-1.325094	114.923854
0.808301	-1.365796	114.176906
0.808906	-1.308084	113.392271
0.809512	-1.298971	112.500543
0.810117	-1.303224	111.456171
0.810723	-1.240044	110.303349
0.811328	-1.245512	108.925765
0.811934	-1.247942	107.487178
0.812539	-1.205417	106.001145
0.813145	-1.291681	104.285468
0.813750	-1.277101	102.350995
0.814355	-1.204809	100.391849
0.814961	-1.178080	98.607849
0.815566	-1.218174	96.264249
0.816172	-1.220604	93.891366
0.816777	-1.207239	91.693089
0.817383	-1.231539	89.181391
0.817988	-1.187192	86.570190
0.818594	-1.263129	83.841864
0.819199	-1.266167	81.079376
0.819805	-1.293504	78.229585
0.820410	-1.259484	75.201666
0.821016	-1.252802	72.111389
0.821621	-1.243082	69.020569
0.822227	-1.236399	65.849225
0.822832	-1.248549	62.312676
0.823438	-1.273456	59.070840
0.824043	-1.355468	55.760951
0.824648	-1.351823	52.138998
0.825254	-1.304439	48.498067
0.825859	-1.355468	44.912173
0.826465	-1.343318	41.219186
0.827070	-1.353646	37.507491
0.827676	-1.351216	33.732081
0.828281	-1.278924	29.952063
0.828887	-1.306261	26.115650
0.829492	-1.309299	22.143947
0.830098	-1.249157	18.205320
0.830703	-1.241259	14.388429
0.831309	-1.237007	10.362229
0.831914	-1.154387	6.275569
0.832520	-1.165930	2.470335
0.833125	-1.108825	-1.462597
0.833730	-1.054758	-5.464938
0.834336	-0.978821	-9.401667
0.834941	-0.979429	-13.339751
0.835547	-0.938119	-17.230930
0.836152	-0.836060	-21.193145
0.836758	-0.758300	-25.084595
0.837363	-0.693906	-28.880881
0.837969	-0.608249	-32.752811
0.838574	-0.586987	-36.626639
0.839180	-0.507405	-40.399337
0.839785	-0.407168	-43.880034
0.840391	-0.391980	-47.622366
0.840996	-0.174497	-51.329995
0.841602	-0.146552	-54.757551
0.842207	-0.031736	-58.183752
0.842812	0.050276	-61.572538
0.843418	0.168738	-64.937736
0.844023	0.237385	-68.138090
0.844629	0.341874	-71.315128
0.845234	0.429353	-74.428180
0.845840	0.539918	-77.458539
0.846445	0.677819	-80.337340
0.847051	0.699689	-83.058074
0.847656	0.865535	-85.976730
0.848262	1.028344	-88.680384
0.848867	1.098814	-90.944817
0.849473	1.203303	-93.374635
0.850078	1.437189	-95.745619
0.850684	1.532565	-97.927087
0.851289	1.545930	-99.962962
0.851895	1.734254	-101.934308
0.852500	1.838136	-103.774160
0.853105	2.039217	-105.476551
0.853711	2.106649	-107.030365
0.854316	2.249410	-108.519381
0.854922	2.333852	-109.921367
0.855527	2.446239	-111.089100
0.856133	2.485726	-112.014448
0.856738	2.582925	-113.209023
0.857344	2.650965	-113.947837
0.857949	2.742089	-114.474090
0.858555	2.852046	-115.095236
0.859160	2.850223	-115.525240
0.859766	2.980227	-115.743766
0.860371	2.897000	-115.898036
0.860977	3.009387	-115.922980
0.861582	3.045229	-115.794196
0.862187	3.034902	-115.527138
0.862793	3.130886	-115.093339
0.863398	3.104156	-114.597181
0.864004	3.135138	-114.031344
0.864609	3.199533	-113.004053
0.865215	3.152756	-112.054846
0.865820	3.172803	-111.236321
0.866426	3.177663	-109.908353
0.867031	3.097474	-108.491456
0.867637	3.081071	-107.078354
0.868242	3.053734	-105.490920
0.868848	3.009994	-103.757079
0.869453	2.951067	-101.899875
0.870059	2.955927	-99.944796
0.870664	2.899430	-97.889672
0.871270	2.796156	-95.678923
0.871875	2.669797	-93.317699
0.872480	2.626665	-91.018563
0.873086	2.552550	-88.645952
0.873691	2.381237	-85.846591
0.874297	2.273710	-83.015237
0.874902	2.198380	-80.362554
0.875508	2.059264	-77.451761
0.876113	1.893418	-74.427367
0.876719	1.787713	-71.337902
0.877324	1.699627	-68.175777
0.877930	1.572660	-64.916859
0.878535	1.400131	-61.596126
0.879141	1.216060	-58.196766
0.879746	1.102458	-54.761889
0.880352	0.979744	-51.243506
0.880957	0.825441	-47.489515
0.881563	0.705764	-43.955949
0.882168	0.581227	-40.363820
0.882773	0.413559	-36.345754
0.883379	0.234347	-32.594203
0.883984	0.098268	-28.830994
0.884590	-0.068185	-24.945237
0.885195	-0.166600	-21.007695
0.885801	-0.314829	-17.099706
0.886406	-0.432075	-13.194699
0.887012	-0.518947	-9.226520
0.887617	-0.686616	-5.232584
0.888223	-0.855500	-1.293416
0.888828	-0.952091	2.538117
0.889434	-1.070553	6.599562
0.890039	-1.167145	10.759698
0.890645	-1.384628	14.471122
0.891250	-1.446593	18.398361
0.891855	-1.545007	22.422663
0.892461	-1.639776	26.340141
0.893066	-1.736976	30.151339
0.893672	-1.820202	33.963893
0.894277	-1.913149	37.787833
0.894883	-1.983619	41.517965
0.895488	-2.046798	45.184111
0.896094	-2.167082	48.742621
0.896699	-2.196850	52.356711
0.897305	-2.235729	56.000625
0.897910	-2.253954	59.259542
0.898516	-2.245449	62.645617
0.899121	-2.340219	66.202229
0.899727	-2.422230	69.369235
0.900332	-2.377276	72.399323
0.900937	-2.340219	75.530269
0.901543	-2.481158	78.511013
0.902148	-2.425875	81.343993
0.902754	-2.433165	84.120851
0.903359	-2.371201	86.817456
0.903965	-2.369378	89.419438
0.904570	-2.333536	91.944150
0.905176	-2.329284	94.202889
0.905781	-2.250309	96.546218
0.906387	-2.335359	98.796552
0.906992	-2.303769	100.624474
0.907598	-2.193812	102.609648
0.908203	-2.172550	104.528125
0.908809	-2.120913	106.212080
0.909414	-2.066846	107.740951
0.910020	-2.013386	109.162999
0.910625	-1.934412	110.502897
0.911230	-1.874877	111.666835
0.911836	-1.877914	112.665386
0.912441	-1.829922	113.556573
0.913047	-1.742443	114.400312
0.913652	-1.784968	114.976452
0.914258	-1.647674	115.384494
0.914863	-1.572344	115.908578
0.915469	-1.563839	116.208713
0.916074	-1.442340	116.092672
0.916680	-1.376731	116.125749
0.917285	-1.339066	116.021095
0.917891	-1.312944	115.695203
0.918496	-1.322056	115.208263
0.919102	-1.212099	114.660321
0.919707	-1.177472	113.936147
0.920312	-1.124013	113.110031
0.920918	-1.072983	112.062947
0.921523	-1.007981	110.936967
0.922129	-1.045038	109.829152
0.922734	-0.969101	108.406833
0.923340	-0.989149	106.709864
0.923945	-0.939334	105.310048
0.924551	-0.924754	103.658086
0.925156	-0.915642	101.698127
0.925762	-0.862789	99.689365
0.926367	-0.887697	97.586523
0.926973	-0.831807	95.422407
0.927578	-0.858537	93.048711
0.928184	-0.835452	90.622960
0.928789	-0.832415	88.064900
0.929395	-0.858537	85.480812
0.930000	-0.885874	82.669521
0.930605	-0.829377	79.756288
0.931211	-0.908959	76.998409
0.931816	-0.903492	73.949613
0.932422	-0.888912	70.644876
0.933027	-0.910174	67.560563
0.933633	-0.926577	64.346381
0.934238	-0.981251	60.961120
0.934844	-0.959381	57.542511
0.935449	-0.980036	54.056662
0.936055	-1.116115	50.504931
0.936660	-1.057796	46.863186
0.937266	-1.088170	43.204902
0.937871	-1.063263	39.484802
0.938477	-1.099105	35.747079
0.939082	-1.129480	31.761819
0.939688	-1.000691	28.074796
0.940293	-1.107610	24.396178
0.940898	-1.129480	20.292166
0.941504	-1.150742	16.375772
0.942109	-1.162285	12.461004
0.942715	-1.087563	8.557082
0.943320	-1.125835	4.516241
0.943926	-1.116723	0.553756
0.944531	-1.113078	-3.387582
0.945137	-1.121583	-7.341933
0.945742	-1.076020	-11.336140
0.946348	-1.079665	-15.334143
0.946953	-1.077235	-19.164591
0.947559	-1.064478	-22.999648
0.948164	-0.946624	-27.149209
0.948770	-0.858537	-30.972878
0.949375	-0.893164	-34.560941
0.949980	-0.846995	-38.371325
0.950586	-0.819657	-42.176287
0.951191	-0.676896	-45.845145
0.951797	-0.631941	-49.421007
0.952402	-0.610071	-53.027234
0.953008	-0.462450	-56.532333
0.953613	-0.348241	-59.952569
0.954219	-0.322726	-63.275742
0.954824	-0.186647	-66.575057
0.955430	-0.116178	-69.919921
0.956035	0.071539	-72.924252
0.956641	0.146868	-75.875714
0.957246	0.190000	-79.114839
0.957852	0.354632	-81.812257
0.958457	0.422064	-84.495035
0.959063	0.617070	-87.178625
0.959668	0.675389	-89.790911
0.960273	0.880723	-92.208528
0.960879	0.975492	-94.574632
0.961484	1.148021	-96.805716
0.962090	1.296250	-98.921843
0.962695	1.338167	-100.947415
0.963301	1.519200	-102.797840
0.963906	1.571445	-104.678631
0.964512	1.735469	-106.452328
0.965117	1.914680	-107.671575
0.965723	1.933512	-109.148119
0.966328	2.137631	-110.563389
0.966934	2.206278	-111.615624
0.967539	2.333852	-112.573236
0.968145	2.386097	-113.477165
0.968750	2.525213	-114.275898
0.969355	2.610262	-114.854207
0.969961	2.672227	-115.319999
0.970566	2.837466	-115.614982
0.971172	2.901253	-115.910237
0.971777	3.042192	-115.994014
0.972383	3.086539	-115.755425
0.972988	3.167943	-115.596003
0.973594	3.243273	-115.440920
0.974199	3.217758	-114.723254
0.974805	3.252385	-114.054660
0.975410	3.365379	-113.411011
0.976016	3.299770	-112.538532
0.976621	3.364164	-111.544047
0.977227	3.362342	-110.347845
0.977832	3.330145	-109.149475
0.978437	3.277900	-107.742067
0.979043	3.276077	-106.214009
0.979648	3.243273	-104.450073
0.980254	3.164906	-102.824410
0.980859	3.191028	-100.964496
0.981465	3.118736	-98.748053
0.982070	3.025182	-96.751491
0.982676	2.968077	-94.655427
0.983281	2.906113	-92.177620
0.983887	2.735406	-89.724756
0.984492	2.624235	-87.145819
0.985098	2.492408	-84.514827
0.985703	2.463856	-81.713297
0.986309	2.357544	-78.825820
0.986914	2.274317	-75.865411
0.987520	2.116976	-72.879788
0.988125	2.025244	-69.732303
0.988730	1.804116	-66.476910
0.989336	1.705094	-63.382837
0.989941	1.516163	-59.928710
0.990547	1.347887	-56.279644
0.991152	1.169283	-52.956742
0.991758	1.081196	-49.441612
0.992363	0.956660	-45.693857
0.992969	0.833945	-42.001141
0.993574	0.589125	-38.311949
0.994180	0.479168	-34.548198
0.994785	0.243460	-30.721275
0.995391	0.077614	-26.884591
0.995996	-0.039026	-23.002901
0.996602	-0.206694	-19.192788
0.997207	-0.334876	-15.160352
0.997812	-0.527452	-11.194613
0.998418	-0.593669	-7.455535
0.999023	-0.755870	-3.382701
0.999629	-0.882229	0.680642
1.000234	-1.120368	4.607610
1.000840	-1.129480	8.563860
1.001445	-1.332991	12.503300
1.002051	-1.437480	16.509165
1.002656	-1.574774	20.386517
1.003262	-1.667114	24.237841
1.003867	-1.661039	28.179179
1.004473	-1.839035	32.052736
1.005078	-1.913149	35.777987
1.005684	-1.932589	39.437897
1.006289	-2.099650	43.346971
1.006895	-2.159792	46.985734
1.007500	-2.209607	50.413562
1.008105	-2.276432	54.145320
1.008711	-2.309844	57.663432
1.009316	-2.283722	61.031613
1.009922	-2.311059	64.398437
1.010527	-2.356621	67.644883
1.011133	-2.421623	70.803484
1.011738	-2.435595	73.891592
1.012344	-2.473260	76.918698
1.012949	-2.459895	79.856604
1.013555	-2.472653	82.728084
1.014160	-2.422838	85.340098
1.014766	-2.410688	87.935573
1.015371	-2.375453	90.744966
1.015977	-2.371808	93.080704
1.016582	-2.312881	95.301214
1.017187	-2.332321	97.595741
1.017793	-2.248487	99.754977
1.018398	-2.263674	101.622483
1.019004	-2.189560	103.484295
1.019609	-2.185915	105.259619
1.020215	-2.148250	106.876335
1.020820	-2.039508	108.371316
1.021426	-2.017638	109.718533
1.022031	-1.940487	110.988481
1.022637	-1.938057	112.155401
1.023242	-1.914364	112.879846
1.023848	-1.851792	113.817123
1.024453	-1.826885	114.723493
1.025059	-1.741836	115.294210
1.025664	-1.692021	115.619017
1.026270	-1.579634	115.909934
1.026875	-1.577812	116.124664
1.027480	-1.588747	116.134696
1.028086	-1.465425	116.027873
1.028691	-1.442948	115.764882
1.029297	-1.461780	115.441431
1.029902	-1.418040	114.988924
1.030508	-1.324486	114.136237
1.031113	-1.323271	113.454088
1.031719	-1.325701	112.653728
1.032324	-1.249157	111.391643
1.032930	-1.216959	110.266476
1.033535	-1.213922	109.100098
1.034141	-1.202987	107.665036
1.034746	-1.153780	106.081940
1.035352	-1.128265	104.399883
1.035957	-1.175042	102.571961
1.036563	-1.147097	100.663787
1.037168	-1.132518	98.640926
1.037773	-1.076020	96.496873
1.038379	-1.103965	94.260909
1.038984	-1.101535	91.843834
1.039590	-1.066908	89.168648
1.040195	-1.153172	86.787361
1.040801	-1.089385	84.190801
1.041406	-1.085133	81.253438
1.042012	-1.084525	78.419644
1.042617	-1.084525	75.470080
1.043223	-1.092423	72.394714
1.043828	-1.102143	69.240180
1.044434	-1.080880	66.016780
1.045039	-1.070553	62.721261
1.045645	-1.070553	59.353623
1.046250	-1.125835	55.817887
1.046855	-1.114293	52.299504
1.047461	-1.112470	48.866525
1.048066	-1.131910	45.125006
1.048672	-1.091208	41.244943
1.049277	-1.074805	37.792714
1.049883	-1.141022	34.058786
1.050488	-1.072375	30.196617
1.051094	-1.159247	26.279952
1.051699	-1.116723	22.401244
1.052305	-1.067515	18.551275
1.052910	-1.089993	14.544325
1.053516	-1.066908	10.578857
1.054121	-0.997046	6.658668
1.054727	-0.974569	2.745798
1.055332	-0.989149	-1.353063
1.055937	-0.904707	-5.373298
1.056543	-0.840312	-9.070624
1.057148	-0.904099	-13.149964
1.057754	-0.802040	-17.197853
1.058359	-0.689653	-20.985192
1.058965	-0.673251	-24.834076
1.059570	-0.692083	-28.787072
1.060176	-0.515302	-32.625654
1.060781	-0.446655	-36.377204
1.061387	-0.364036	-40.151800
1.061992	-0.269874	-43.812253
1.062598	-0.235247	-47.538860
1.063203	-0.130150	-51.114179
1.063809	-0.087018	-54.573458
1.064414	0.033874	-58.135763
1.065020	0.228880	-61.587450
1.065625	0.241637	-64.623503
1.066230	0.327902	-68.054042
1.066836	0.398371	-71.295065
1.067441	0.487673	-74.351181
1.068047	0.662632	-77.311318
1.068652	0.745251	-80.266847
1.069258	0.818758	-83.102268
1.069863	0.917172	-85.825985
1.070469	1.019232	-88.488970
1.071074	1.182040	-91.031577
1.071680	1.270735	-93.566591
1.072285	1.402561	-95.753753
1.072891	1.412281	-97.893739
1.073496	1.513733	-100.225681
1.074102	1.675934	-102.019441
1.074707	1.698412	-103.733762
1.075312	1.808368	-105.532402
1.075918	1.932297	-107.119294
1.076523	2.074451	-108.583638
1.077129	2.097536	-109.918655
1.077734	2.150996	-111.128955
1.078340	2.259130	-112.219961
1.078945	2.365442	-113.160220
1.079551	2.414649	-113.937806
1.080156	2.434696	-114.635138
1.080762	2.527035	-115.320270
1.081367	2.627880	-115.597359
1.081973	2.635777	-115.821579
1.082578	2.640637	-116.161840
1.083184	2.657040	-116.066947
1.083789	2.686199	-115.922166
1.084395	2.720827	-115.643721
1.085000	2.739659	-115.250591
1.085605	2.809521	-114.690447
1.086211	2.739051	-113.985795
1.086816	2.771249	-113.174590
1.087422	2.777931	-112.317565
1.088027	2.747556	-111.250148
1.088633	2.731154	-109.917571
1.089238	2.662507	-108.721912
1.089844	2.658862	-107.399637
1.090449	2.619375	-105.497156
1.091055	2.550120	-103.778226
1.091660	2.483903	-102.052247
1.092266	2.451099	-100.109911
1.092871	2.426191	-97.999206
1.093477	2.345394	-95.755922
1.094082	2.301655	-93.491761
1.094688	2.277962	-91.102069
1.095293	2.100574	-88.577628
1.095898	2.038002	-85.955854
1.096504	1.973607	-83.330284
1.097109	1.887950	-80.494863
1.097715	1.813228	-77.424648
1.098320	1.742759	-74.579739
1.098926	1.654064	-71.587066
1.099531	1.547753	-68.153544
1.100137	1.383729	-64.926620
1.100742	1.356999	-61.606700
1.101348	1.203910	-58.244213
1.101953	1.140731	-54.748604
1.102559	1.035634	-51.176538
1.103164	0.878293	-47.635651
1.103770	0.770766	-43.944019
1.104375	0.687539	-40.192198
1.104980	0.579405	-36.441732
1.105586	0.518655	-32.805680
1.106191	0.360099	-28.874646
1.106797	0.285377	-24.843023
1.107402	0.112241	-21.110994
1.108008	0.002284	-17.208427
1.108613	-0.089448	-13.180601
1.109219	-0.165992	-9.192087
1.109824	-0.266836	-5.279489
1.110430	-0.350063	-1.291518
1.111035	-0.421748	2.707298
1.111641	-0.517732	6.713435
1.112246	-0.662316	10.646368
1.112852	-0.785638	14.583367
1.113457	-0.840920	18.577032
1.114062	-0.936904	22.493697
1.114668	-1.012233	26.162555
1.115273	-1.110040	30.118533
1.115879	-1.160462	34.159373
1.116484	-1.287429	37.816844
1.117090	-1.292896	41.536944
1.117695	-1.393133	45.221255
1.118301	-1.470893	48.855409
1.118906	-1.546222	52.416630
1.119512	-1.643421	55.889735
1.120117	-1.645851	59.387513
1.120723	-1.706601	62.777112
1.121328	-1.783753	66.011628
1.121934	-1.814735	69.127663
1.122539	-1.871232	72.399594
1.123145	-2.020676	75.468453
1.123750	-1.959319	78.235550
1.124355	-2.018853	81.245575
1.124961	-2.037078	84.098347
1.125566	-2.090538	86.706295
1.126172	-2.103295	89.304481
1.126777	-2.125773	91.788796
1.127383	-2.145213	94.209667
1.127988	-2.128810	96.434515
1.128594	-2.119090	98.618423
1.129199	-2.097828	100.599259
1.129805	-2.168297	102.515567
1.130410	-2.190775	104.249409
1.131016	-2.140353	105.802682
1.131621	-2.128810	107.620843
1.132227	-2.142783	108.939864
1.132832	-2.118483	110.159924
1.133438	-2.126380	111.321693
1.134043	-2.105118	112.421916
1.134648	-2.143390	113.302529
1.135254	-2.057733	114.041886
1.135859	-2.082640	114.698278
1.136465	-1.980581	115.257066
1.137070	-2.048013	115.569130
1.137676	-2.010349	115.788741
1.138281	-1.963571	115.898275
1.138887	-1.984834	115.959821
1.139492	-1.902214	115.617662
1.140098	-1.972076	115.183049
1.140703	-1.897354	115.094933
1.141309	-1.908289	114.431220
1.141914	-1.860297	113.640079
1.142520	-1.824455	112.822910
1.143125	-1.837820	111.838727
1.143730	-1.782538	110.775648
1.144336	-1.718143	109.511665
1.144941	-1.750948	108.171497
1.145547	-1.681693	106.700917
1.146152	-1.731508	105.101011
1.146758	-1.699918	103.247604
1.147363	-1.596037	101.484752
1.147969	-1.589354	99.618330
1.148574	-1.595429	97.296420
1.149180	-1.503697	95.149384
1.149785	-1.530427	92.978219
1.150391	-1.437480	90.596661
1.150996	-1.457528	87.939369
1.151602	-1.480005	85.356637
1.152207	-1.428368	82.664099
1.152813	-1.352431	79.820815
1.153418	-1.303224	76.895653
1.154023	-1.328739	73.911113
1.154629	-1.306869	70.848762
1.155234	-1.266774	67.639460
1.155840	-1.195697	64.188858
1.156445	-1.241259	61.076619
1.157051	-1.247942	57.662890
1.157656	-1.178080	54.050155
1.158262	-1.111255	50.582201
1.158867	-1.122798	47.011491
1.159473	-1.097283	43.364865
1.160078	-0.946624	39.651815
1.160684	-0.967886	35.953947
1.161289	-0.957559	32.163083
1.161895	-0.904707	28.301999
1.162500	-0.842742	24.446878
1.163105	-0.847602	20.518826
1.163711	-0.819050	16.707086
1.164316	-0.766198	12.664076
1.164922	-0.681148	8.563046
1.165527	-0.653811	4.851080
1.166133	-0.535957	0.912996
1.166738	-0.512265	-3.108595
1.167344	-0.426608	-7.084094
1.167949	-0.410205	-11.019196
1.168555	-0.396840	-14.992526
1.169160	-0.236462	-18.874759
1.169766	-0.297819	-22.833990
1.170371	-0.213984	-26.696973
1.170977	-0.117393	-30.556160
1.171582	-0.077905	-34.369527
1.172187	0.050884	-38.207566
1.172793	0.030836	-41.810811
1.173398	0.135326	-45.579714
1.174004	0.175420	-49.348345
1.174609	0.268975	-52.735775
1.175215	0.297527	-56.249278
1.175820	0.373464	-59.731873
1.176426	0.561180	-63.098427
1.177031	0.570900	-66.364665
1.177637	0.626790	-69.592673
1.178242	0.773803	-72.796281
1.178848	0.788991	-75.879510
1.179453	0.867965	-78.825007
1.180059	0.916565	-81.604305
1.180664	1.086056	-84.573932
1.181270	1.206340	-87.261318
1.181875	1.216668	-89.607088
1.182480	1.253117	-92.242148
1.183086	1.356392	-94.699350
1.183691	1.460881	-96.869159
1.184297	1.440226	-99.021617
1.184902	1.545930	-101.024957
1.185508	1.673504	-102.926082
1.186113	1.767059	-104.735838
1.186719	1.790751	-106.375057
1.187324	1.846033	-107.877359
1.187930	1.960850	-109.354445
1.188535	1.988187	-110.635509
1.189141	2.004589	-111.749017
1.189746	2.084171	-112.964197
1.190352	2.129733	-113.702741
1.190957	2.211138	-114.337172
1.191563	2.183193	-115.055652
1.192168	2.308337	-115.547743
1.192773	2.273102	-115.920268
1.193379	2.394601	-116.116563
1.193984	2.419509	-116.204407
1.194590	2.428621	-116.153436
1.195195	2.455351	-115.957413
1.195801	2.487548	-115.564824
1.196406	2.513671	-115.142954
1.197012	2.551335	-114.655201
1.197617	2.548905	-113.746934
1.198223	2.511848	-112.924613
1.198828	2.598112	-112.078976
1.199434	2.515493	-110.802521
1.200039	2.562878	-109.448525
1.200645	2.516708	-108.070128
1.201250	2.563485	-106.565658
1.201855	2.471753	-104.878721
1.202461	2.434696	-103.111531
1.203066	2.430444	-101.210677
1.203672	2.337497	-99.206795
1.204277	2.332637	-97.052440
1.204883	2.265812	-94.745983
1.205488	2.267027	-92.529811
1.206094	2.198988	-90.154217
1.206699	2.117583	-87.328286
1.207305	1.993654	-84.682653
1.207910	1.934120	-82.096667
1.208516	1.867295	-79.183162
1.209121	1.837528	-76.096409
1.209727	1.739114	-73.047343
1.210332	1.654672	-69.958963
1.210937	1.531350	-66.743968
1.211543	1.422609	-63.440044
1.212148	1.292605	-60.033364
1.212754	1.209985	-56.658677
1.213359	1.134048	-53.111012
1.213965	0.965165	-49.397690
1.214570	0.921425	-45.999686
1.215176	0.843665	-42.262505
1.215781	0.715484	-38.352889
1.216387	0.607350	-34.609472
1.216992	0.474308	-30.847348
1.217598	0.291452	-26.988432
1.218203	0.203365	-23.100235
1.218809	0.133503	-19.210682
1.219414	0.025369	-15.237080
1.220020	-0.151412	-11.273511
1.220625	-0.199404	-7.313736
1.221230	-0.300856	-3.375381
1.221836	-0.487357	0.528812
1.222441	-0.561472	4.626047
1.223047	-0.688438	8.670683
1.223652	-0.775918	12.386987
1.224258	-0.920502	16.419152
1.224863	-0.995831	20.514488
1.225469	-1.094245	24.303725
1.226074	-1.153780	28.124141
1.226680	-1.164715	32.065478
1.227285	-1.309299	35.836279
1.227891	-1.346963	39.573189
1.228496	-1.463603	43.212222
1.229102	-1.566269	46.893823
1.229707	-1.627019	50.633173
1.230312	-1.729078	54.041208
1.230918	-1.734546	57.390952
1.231523	-1.793473	61.047880
1.232129	-1.840857	64.381899
1.232734	-1.812912	67.489257
1.233340	-1.851185	70.716724
1.233945	-1.980581	73.863396
1.234551	-1.985441	76.897279
1.235156	-1.992731	79.783400
1.235762	-2.090538	82.575441
1.236367	-2.043153	85.339013
1.236973	-2.035863	88.007964
1.237578	-2.054696	90.500954
1.238184	-2.050443	92.877903
1.238789	-2.077781	95.329682
1.239395	-2.038901	97.421950
