Source File Name:	Analyzer
Signal:	FFT - Vib & Ref1 H1 Acceleration / Force - Mag. & Phase

Frequency	Magnitude	Phase
[ Hz ]	[ m/s² / N ]	[ ° ]
0.5	0.05012405	-162.278
1	0.0354985	-173.2549
1.5	0.03456825	160.8007
2	0.02926468	176.4916
2.5	0.02252766	-173.7452
3	0.03251476	175.929
3.5	0.03149457	145.2991
4	0.02158875	166.2147
4.5	0.01767004	169.5023
5	0.0163532	169.1501
5.5	0.01093653	176.0229
6	0.04037622	-109.8172
6.5	0.02936071	163.248
7	0.02178318	164.0349
7.5	0.02186331	155.5737
8	0.01668462	160.4665
8.5	0.01471898	135.7686
9	0.01505614	127.3819
9.5	0.01110107	108.1135
10	0.005762803	92.58374
10.5	0.01066928	111.5018
11	0.008993244	62.64047
11.5	0.01603435	41.73873
12	0.01079874	37.07177
12.5	0.0159781	13.93033
13	0.0216593	18.64317
13.5	0.02463644	13.65228
14	0.02838805	5.292478
14.5	0.03252714	-4.879796
15	0.03953631	1.860674
15.5	0.04302647	-14.44777
16	0.04491267	-27.21777
16.5	0.03070347	-32.27428
17	0.01964005	28.51628
17.5	0.04559293	11.93873
18	0.05045785	9.663452
18.5	0.05836849	0.7424606
19	0.06116146	-1.296018
19.5	0.06865855	-0.7298265
20	0.07218505	-6.002997
20.5	0.0785078	-6.861009
21	0.08200351	-14.5483
21.5	0.07929226	-13.37919
22	0.07484862	-11.76482
22.5	0.07368062	-9.477536
23	0.08133923	-1.897708
23.5	0.0942528	-1.354366
24	0.09678283	-9.846946
24.5	0.07705588	-4.413908
25	0.09565001	7.449656
25.5	0.1086249	4.163638
26	0.1173326	2.618479
26.5	0.1233279	1.546497
27	0.1311448	1.732127
27.5	0.1370472	2.115619
28	0.1464601	2.491728
28.5	0.1536494	3.040209
29	0.161913	2.747146
29.5	0.1674353	1.844788
30	0.1771734	2.932249
30.5	0.1872013	3.305523
31	0.1976834	3.443139
31.5	0.2117675	2.144104
32	0.2235108	2.948239
32.5	0.2275271	2.378277
33	0.2429685	0.06295895
33.5	0.2486897	1.448125
34	0.2570576	1.138176
34.5	0.2714701	-0.0002583464
35	0.2792925	0.5641382
35.5	0.2907493	-0.2746836
36	0.303652	-0.07960206
36.5	0.3154712	-0.04997296
37	0.3316359	-0.8911048
37.5	0.3462363	-0.6163289
38	0.3569465	-1.536579
38.5	0.3691213	-2.372718
39	0.3825763	-2.314886
39.5	0.3991379	-2.8171
40	0.4109392	-2.92827
40.5	0.4262578	-3.835745
41	0.4410557	-4.263519
41.5	0.4532648	-4.724314
42	0.4655059	-4.872134
42.5	0.4798818	-5.161942
43	0.4941694	-5.264461
43.5	0.5086771	-5.69237
44	0.5234554	-5.253184
44.5	0.5410485	-5.011161
45	0.5601476	-4.652671
45.5	0.5825302	-4.426627
46	0.6056635	-4.418158
46.5	0.6323641	-4.493944
47	0.6637484	-5.191237
47.5	0.6906093	-5.634689
48	0.7150298	-5.823511
48.5	0.7454933	-6.507172
49	0.769065	-6.837938
49.5	0.8005587	-7.026542
50	0.8333175	-7.468574
50.5	0.866535	-7.899339
51	0.9020058	-8.549164
51.5	0.9423583	-9.213036
52	0.977083	-9.91752
52.5	1.016248	-10.83288
53	1.061339	-11.46139
53.5	1.098772	-12.68973
54	1.140208	-13.36117
54.5	1.190496	-14.46877
55	1.233579	-15.61418
55.5	1.285324	-16.82277
56	1.327787	-17.87528
56.5	1.383353	-18.9169
57	1.435706	-20.25635
57.5	1.494242	-21.74464
58	1.552579	-23.38849
58.5	1.613556	-25.65094
59	1.656092	-28.08981
59.5	1.673752	-30.56405
60	1.673262	-31.79034
60.5	1.693964	-32.08369
61	1.751596	-32.06362
61.5	1.823218	-32.77639
62	1.9079	-33.96363
62.5	2.000536	-36.07581
63	2.079785	-38.58327
63.5	2.134443	-41.29648
64	2.181688	-44.07307
64.5	2.21718	-46.76797
65	2.229925	-49.36121
65.5	2.226697	-51.71946
66	2.24369	-53.29468
66.5	2.260502	-55.16859
67	2.274827	-57.31049
67.5	2.267529	-59.45552
68	2.247587	-61.13144
68.5	2.232964	-62.31136
69	2.22984	-63.36093
69.5	2.239321	-64.81881
70	2.217601	-66.52977
70.5	2.172374	-67.77182
71	2.121045	-67.86363
71.5	2.093719	-67.33823
72	2.08467	-66.53327
72.5	2.084061	-65.46896
73	2.107496	-63.73763
73.5	2.181949	-62.0725
74	2.28676	-60.9412
74.5	2.421998	-60.47855
75	2.578859	-61.041
75.5	2.740041	-62.40675
76	2.897185	-63.97942
76.5	3.057592	-65.88525
77	3.24633	-68.30062
77.5	3.431436	-71.25593
78	3.609783	-74.95459
78.5	3.771833	-79.39758
79	3.885014	-84.16565
79.5	3.953723	-89.20474
80	3.985949	-94.13533
80.5	3.983739	-99.33521
81	3.915545	-104.8593
81.5	3.783946	-109.7557
82	3.623229	-114.3349
82.5	3.426506	-118.3846
83	3.195755	-121.7996
83.5	2.970094	-124.0387
84	2.73913	-125.3481
84.5	2.553797	-125.1907
85	2.401501	-124.1848
85.5	2.324966	-122.3664
86	2.30482	-121.2642
86.5	2.292447	-121.0621
87	2.272918	-121.1449
87.5	2.259125	-121.2828
88	2.247751	-121.3762
88.5	2.248202	-121.6393
89	2.259019	-122.2228
89.5	2.271851	-123.1071
90	2.27826	-124.4809
90.5	2.282234	-125.9909
91	2.288639	-127.6489
91.5	2.286597	-129.7604
92	2.276765	-132.3806
92.5	2.247535	-135.1552
93	2.190903	-138.1136
93.5	2.118942	-141.0978
94	2.033107	-143.9265
94.5	1.937426	-146.6199
95	1.821082	-149.3531
95.5	1.689291	-151.3619
96	1.567901	-152.8309
96.5	1.440163	-153.8294
97	1.319255	-153.7038
97.5	1.227556	-153.1649
98	1.126433	-152.5444
98.5	1.043472	-151.5921
99	0.9618927	-149.5177
99.5	0.8937749	-148.2086
100	0.8148004	-146.4175
100.5	0.7469794	-142.9518
101	0.6850892	-139.5257
101.5	0.6254689	-135.0423
102	0.5729721	-129.1014
102.5	0.5325701	-121.2042
103	0.5087466	-112.1169
103.5	0.5041523	-102.3791
104	0.5248717	-92.43236
104.5	0.5680089	-83.68148
105	0.6288285	-75.99234
105.5	0.7115805	-70.5397
106	0.8137197	-66.79919
106.5	0.9354804	-65.44076
107	1.05522	-66.00027
107.5	1.163324	-68.56204
108	1.209738	-72.72871
108.5	1.164797	-74.75195
109	1.117588	-70.14127
109.5	1.189714	-63.69233
110	1.338338	-59.95012
110.5	1.516448	-58.98059
111	1.700609	-59.65164
111.5	1.890911	-61.52197
112	2.064558	-63.96892
112.5	2.24077	-66.99026
113	2.401397	-70.27081
113.5	2.559255	-73.88653
114	2.703774	-77.79487
114.5	2.825762	-82.08799
115	2.90019	-86.51543
115.5	2.930822	-90.37251
116	2.952482	-92.66136
116.5	3.108431	-93.23912
117	3.629653	-98.26166
117.5	3.734677	-113.2559
118	3.321098	-123.0068
118.5	2.932477	-128.2605
119	2.612844	-131.2907
119.5	2.344315	-132.7984
120	2.111002	-133.2829
120.5	1.899282	-132.328
121	1.715461	-129.5883
121.5	1.582666	-124.0203
122	1.569245	-115.3235
122.5	1.77679	-108.8498
123	2.1026	-111.4106
123.5	2.243917	-120.0958
124	2.104701	-127.8078
124.5	1.909436	-131.0604
125	1.751955	-131.58
125.5	1.627832	-131.053
126	1.528536	-129.8912
126.5	1.452114	-127.9026
127	1.388663	-126.0415
127.5	1.344564	-123.5606
128	1.316654	-120.8341
128.5	1.30232	-118.2866
129	1.30652	-116.1213
129.5	1.311135	-114.3952
130	1.325929	-113.4773
130.5	1.321819	-113.1162
131	1.284448	-112.9397
131.5	1.259859	-110.8123
132	1.241487	-108.4197
132.5	1.235709	-105.9333
133	1.239418	-103.246
133.5	1.252539	-100.8634
134	1.274454	-98.53918
134.5	1.300013	-96.28915
135	1.337575	-94.35886
135.5	1.373013	-92.44681
136	1.422713	-90.66864
136.5	1.479154	-89.36977
137	1.546634	-88.37449
137.5	1.606544	-87.95671
138	1.664735	-87.70757
138.5	1.719205	-87.39518
139	1.778593	-87.23266
139.5	1.840631	-87.32699
140	1.894245	-87.42482
140.5	1.950819	-87.55872
141	2.006127	-87.77201
141.5	2.06062	-87.76901
142	2.126203	-87.93477
142.5	2.19329	-88.12856
143	2.260921	-88.5538
143.5	2.32891	-88.97659
144	2.39677	-89.46508
144.5	2.469732	-89.85029
145	2.553686	-90.11053
145.5	2.648134	-90.46075
146	2.773285	-91.25031
146.5	2.900727	-92.35085
147	3.032831	-94.04664
147.5	3.162209	-96.04261
148	3.283926	-98.44889
148.5	3.391437	-100.9845
149	3.484787	-103.9051
149.5	3.563369	-106.8806
150	3.611687	-110.01
150.5	3.645805	-112.9718
151	3.654484	-115.9647
151.5	3.653748	-118.8008
152	3.650428	-121.5973
152.5	3.630606	-124.3273
153	3.606829	-127.077
153.5	3.562815	-129.8485
154	3.514469	-132.5467
154.5	3.443909	-135.1537
155	3.371819	-137.5743
155.5	3.292633	-140.0531
156	3.219855	-142.2254
156.5	3.130657	-144.4915
157	3.037112	-146.9143
157.5	2.92605	-148.9515
158	2.813975	-150.7534
158.5	2.692386	-152.4285
159	2.582616	-153.6693
159.5	2.47378	-154.7243
160	2.364537	-155.665
160.5	2.260302	-156.2886
161	2.161279	-156.7851
161.5	2.074062	-156.9642
162	1.996327	-157.011
162.5	1.927326	-156.9878
163	1.852795	-157.1843
163.5	1.789598	-157.0533
164	1.715752	-157.028
164.5	1.64603	-156.4915
165	1.587822	-155.8082
165.5	1.534217	-155.0898
166	1.482327	-154.1495
166.5	1.437491	-153.1518
167	1.400951	-152.1632
167.5	1.370647	-150.9384
168	1.340669	-149.7113
168.5	1.317926	-148.5514
169	1.294694	-147.5048
169.5	1.277712	-146.5008
170	1.263633	-145.6235
170.5	1.245214	-144.7959
171	1.231083	-144.1967
171.5	1.216266	-143.3497
172	1.201771	-142.9177
172.5	1.181826	-142.1907
173	1.167654	-141.5
173.5	1.149016	-140.7494
174	1.137614	-139.9798
174.5	1.124585	-139.2166
175	1.11311	-138.6352
175.5	1.102928	-138.318
176	1.080967	-137.9541
176.5	1.064875	-137.3312
177	1.045226	-136.4955
177.5	1.023561	-135.7898
178	1.004942	-134.714
178.5	0.9910191	-133.5638
179	0.9797711	-132.436
179.5	0.9679776	-131.261
180	0.9639083	-130.237
180.5	0.9555162	-129.3
181	0.9490415	-128.5006
181.5	0.9420932	-127.7634
182	0.9300316	-127.1283
182.5	0.9176313	-126.6892
183	0.9057847	-126.0224
183.5	0.888435	-125.2077
184	0.871976	-124.4454
184.5	0.8555713	-123.499
185	0.8360499	-122.2837
185.5	0.8160694	-120.8907
186	0.797425	-119.5562
186.5	0.7784249	-117.6359
187	0.7605024	-115.4497
187.5	0.7426046	-113.1371
188	0.7327654	-110.3818
188.5	0.7253872	-107.3861
189	0.7231481	-104.2465
189.5	0.7291979	-101.177
190	0.7430228	-98.4593
190.5	0.7554086	-95.51159
191	0.7723455	-93.52288
191.5	0.7916211	-91.21191
192	0.8128747	-89.37335
192.5	0.8342491	-87.96188
193	0.8550911	-86.54941
193.5	0.8776627	-85.13148
194	0.9014893	-83.66373
194.5	0.9244741	-82.83229
195	0.9475621	-81.90613
195.5	0.9679813	-81.14177
196	0.9921761	-80.06418
196.5	1.013201	-79.60457
197	1.03678	-78.8296
197.5	1.057412	-78.27113
198	1.081837	-77.77824
198.5	1.10311	-77.49693
199	1.126044	-77.12934
199.5	1.145093	-77.06114
200	1.160642	-76.73938
