LabVIEW Measurement	
Writer_Version	2
Reader_Version	2
Separator	Tab
Decimal_Separator	.
Multi_Headings	No
X_Columns	One
Time_Pref	Absolute
Operator	AlunosGDS-JT
Date	2019/10/09
Time	15:19:08.4651639249999940857
***End_of_Header***	
	
Channels	2		
Samples	2048	2048	
Date	2019/10/09	2019/10/09	
Time	15:39:04.0467654874999855392	15:39:04.0467654874999855392	
Y_Unit_Label	g	Newtons	
X_Dimension	Time	Time	
X0	0.0000000000000000E+0	0.0000000000000000E+0	
Delta_X	0.000605	0.000605	
***End_of_Header***			
X_Value	Acceleration (Trigger)	Force (Trigger)	Comment
0.000000	17.057721	4.925097
0.000605	18.643284	12.863353
0.001211	20.101273	20.868848
0.001816	21.507018	28.500462
0.002422	22.787011	36.070802
0.003027	23.947327	43.584476
0.003633	25.076661	50.871491
0.004238	26.096646	57.916120
0.004844	27.030975	64.746832
0.005449	27.829831	71.330008
0.006055	28.518731	77.667815
0.006660	29.074589	83.511905
0.007266	29.565446	89.040948
0.007871	29.867371	94.525527
0.008477	30.063592	99.353713
0.009082	30.200279	103.689266
0.009687	30.132847	107.910675
0.010293	29.949990	111.558114
0.010898	29.619513	114.635648
0.011504	29.206416	117.328186
0.012109	28.639623	119.563337
0.012715	27.898478	121.258137
0.013320	27.179203	122.470335
0.013926	26.115479	123.153569
0.014531	25.090026	123.389176
0.015137	23.924850	123.091481
0.015742	22.631492	122.080458
0.016348	21.247617	120.910284
0.016953	19.708831	119.082362
0.017559	18.218645	116.523218
0.018164	16.562612	113.838000
0.018770	14.853727	110.641984
0.019375	13.101710	106.808282
0.019980	11.254316	102.617239
0.020586	9.393557	97.983992
0.021191	7.489059	92.991775
0.021797	5.549933	87.517499
0.022402	3.599265	81.727363
0.023008	1.627942	75.621638
0.023613	-0.255294	69.163451
0.024219	-2.254562	62.335722
0.024824	-4.200370	55.259100
0.025430	-6.152860	48.295265
0.026035	-8.035489	40.697271
0.026641	-9.884098	33.005738
0.027246	-11.675602	25.272995
0.027852	-13.460424	17.359954
0.028457	-15.193609	9.360153
0.029062	-16.774919	1.324021
0.029668	-18.379923	-6.728650
0.030273	-19.754685	-14.634642
0.030879	-21.165290	-22.556901
0.031484	-22.360841	-30.460453
0.032090	-23.538775	-38.096676
0.032695	-24.586704	-45.666203
0.033301	-25.524070	-53.139209
0.033906	-26.375171	-60.072948
0.034512	-27.080473	-66.852960
0.035117	-27.750541	-73.588507
0.035723	-28.180040	-79.822203
0.036328	-28.617437	-85.646501
0.036934	-28.842210	-91.200758
0.037539	-28.995299	-96.378966
0.038145	-29.069414	-101.090840
0.038750	-29.048759	-105.319027
0.039355	-28.803331	-109.166014
0.039961	-28.523275	-112.655115
0.040566	-28.050036	-115.537441
0.041172	-27.670959	-117.802686
0.041777	-27.011826	-119.924778
0.042383	-26.186240	-121.290433
0.042988	-25.364299	-122.023553
0.043594	-24.462775	-122.423462
0.044199	-23.433070	-122.287358
0.044805	-22.365701	-121.765985
0.045410	-21.152532	-120.639734
0.046016	-19.895624	-119.014342
0.046621	-18.469832	-116.798712
0.047227	-16.980860	-114.184800
0.047832	-15.367352	-110.946217
0.048438	-13.760527	-107.392046
0.049043	-12.128186	-103.428747
0.049648	-10.315420	-98.803633
0.050254	-8.606535	-94.030756
0.050859	-6.737879	-88.910840
0.051465	-4.981002	-82.928748
0.052070	-3.111738	-77.050768
0.052676	-1.106395	-70.751731
0.053281	0.729456	-64.100774
0.053887	2.619375	-57.133145
0.054492	4.556678	-50.018023
0.055098	6.398604	-42.768966
0.055703	8.173706	-35.262340
0.056309	9.988295	-27.606867
0.056914	11.748210	-19.847011
0.057520	13.492937	-12.187200
0.058125	15.139250	-4.128836
0.058730	16.721168	3.847919
0.059336	18.327386	11.603166
0.059941	19.873462	19.475268
0.060547	21.286497	27.304260
0.061152	22.502703	34.890596
0.061758	23.780266	42.398849
0.062363	24.913245	49.668511
0.062969	25.905285	56.740795
0.063574	26.853586	63.638475
0.064180	27.666415	70.257710
0.064785	28.371110	76.599313
0.065391	29.018700	82.691482
0.065996	29.495584	88.191244
0.066602	29.852184	93.625122
0.067207	30.019852	98.767270
0.067812	30.147426	103.165182
0.068418	30.078172	107.191924
0.069023	29.988263	110.989294
0.069629	29.682692	114.225437
0.070234	29.291465	116.972200
0.070840	28.742897	119.221449
0.071445	28.030305	121.058047
0.072051	27.290983	122.338568
0.072656	26.264315	123.039967
0.073262	25.244938	123.314345
0.073867	24.019012	123.083347
0.074473	22.783366	122.294375
0.075078	21.398884	120.879376
0.075684	19.931782	119.387377
0.076289	18.406361	117.172290
0.076895	16.763085	114.276951
0.077500	15.138642	111.107505
0.078105	13.308258	107.435665
0.078711	11.448715	103.324874
0.079316	9.597676	98.697320
0.079922	7.616633	93.724083
0.080527	5.690265	88.374524
0.081133	3.760859	82.717781
0.081738	1.834491	76.479747
0.082344	-0.114355	70.201587
0.082949	-2.050443	63.531652
0.083555	-4.084946	56.339531
0.084160	-5.982762	49.237966
0.084766	-7.948617	41.888592
0.085371	-9.854938	34.187842
0.085977	-11.683500	26.407651
0.086582	-13.452527	18.540701
0.087188	-15.162019	10.594040
0.087793	-16.777957	2.549775
0.088398	-18.298518	-5.423185
0.089004	-19.668421	-13.386926
0.089609	-21.083278	-21.343348
0.090215	-22.297054	-29.288653
0.090820	-23.491997	-36.980727
0.091426	-24.642594	-44.382157
0.092031	-25.525892	-51.970933
0.092637	-26.344189	-59.112354
0.093242	-27.062249	-65.840310
0.093848	-27.705586	-72.466052
0.094453	-28.140553	-78.732553
0.095059	-28.560940	-84.690244
0.095664	-28.803938	-90.281104
0.096270	-29.023852	-95.513265
0.096875	-29.077919	-100.321388
0.097480	-29.018992	-104.707370
0.098086	-28.836743	-108.475188
0.098691	-28.542715	-111.982998
0.099297	-28.111393	-115.105268
0.099902	-27.550675	-117.304630
0.100508	-26.957759	-119.392290
0.101113	-26.198997	-120.997618
0.101719	-25.386776	-121.925406
0.102324	-24.485860	-122.340769
0.102930	-23.469520	-122.330466
0.103535	-22.403973	-121.833224
0.104141	-21.176832	-120.693416
0.104746	-19.886511	-119.135535
0.105352	-18.466794	-117.024017
0.105957	-16.971141	-114.488731
0.106563	-15.429924	-111.300848
0.107168	-13.841931	-107.848348
0.107773	-12.105101	-104.100593
0.108379	-10.483696	-99.514793
0.108984	-8.700697	-94.602558
0.109590	-6.900080	-89.575638
0.110195	-5.058761	-84.018669
0.110801	-3.151225	-78.002957
0.111406	-1.243082	-71.735100
0.112012	0.742821	-65.088481
0.112617	2.628487	-58.282170
0.113223	4.512331	-51.149426
0.113828	6.398604	-43.879221
0.114434	8.204689	-36.436580
0.115039	10.024138	-28.781650
0.115645	11.755500	-20.943710
0.116250	13.477750	-13.305589
0.116855	15.203644	-5.355404
0.117461	16.756403	2.739562
0.118066	18.372948	10.522464
0.118672	19.692429	18.339798
0.119277	21.129156	26.127037
0.119883	22.377559	33.721236
0.120488	23.599840	41.157912
0.121094	24.664779	48.497253
0.121699	25.692662	55.625389
0.122305	26.651290	62.571329
0.122910	27.506643	69.163180
0.123516	28.211338	75.509122
0.124121	28.808506	81.750951
0.124727	29.234361	87.351029
0.125332	29.624980	92.559331
0.125938	29.842464	97.836229
0.126543	29.876483	102.395188
0.127148	29.896531	106.571320
0.127754	29.806014	110.294944
0.128359	29.513809	113.637368
0.128965	29.070337	116.493936
0.129570	28.589200	118.848653
0.130176	27.921563	120.681184
0.130781	27.083219	122.096996
0.131387	26.118516	122.990080
0.131992	25.038389	123.117238
0.132598	23.916345	123.034545
0.133203	22.611445	122.441053
0.133809	21.261590	121.026054
0.134414	19.851593	119.453261
0.135020	18.316451	117.417657
0.135625	16.692008	114.681740
0.136230	15.010461	111.533441
0.136836	13.240219	107.915284
0.137441	11.419555	103.896676
0.138047	9.546039	99.289185
0.138652	7.661588	94.414095
0.139258	5.763772	89.133944
0.139863	3.840441	83.514616
0.140469	1.907390	77.420550
0.141074	-0.008651	70.980799
0.141680	-2.046191	64.574668
0.142285	-3.934894	57.489913
0.142891	-5.860048	50.268239
0.143496	-7.780948	42.934591
0.144102	-9.637455	35.360184
0.144707	-11.431996	27.562371
0.145313	-13.232613	19.697319
0.145918	-14.865561	11.791598
0.146523	-16.488789	3.765497
0.147129	-18.088932	-4.290698
0.147734	-19.481312	-12.237629
0.148340	-20.809297	-20.112442
0.148945	-22.105693	-28.050427
0.149551	-23.317646	-35.952081
0.150156	-24.355856	-43.291151
0.150762	-25.358831	-50.674958
0.151367	-26.206287	-57.993965
0.151973	-26.897617	-64.788617
0.152578	-27.595022	-71.427373
0.153184	-28.046391	-77.776839
0.153789	-28.481358	-83.794991
0.154395	-28.760198	-89.457970
0.155000	-29.009272	-94.712635
0.155605	-29.031141	-99.549768
0.156211	-28.967354	-104.093544
0.156816	-28.795433	-107.973337
0.157422	-28.593137	-111.362394
0.158027	-28.115646	-114.653846
0.158633	-27.684931	-117.146836
0.159238	-27.136363	-119.065584
0.159844	-26.355124	-120.707515
0.160449	-25.567810	-121.787133
0.161055	-24.641986	-122.328568
0.161660	-23.529662	-122.340769
0.162266	-22.490237	-121.879586
0.162871	-21.325668	-120.897844
0.163477	-20.035955	-119.444074
0.164082	-18.662408	-117.442091
0.164687	-17.239654	-114.965368
0.165293	-15.696007	-111.987336
0.165898	-14.109837	-108.405509
0.166504	-12.397307	-104.652603
0.167109	-10.665945	-100.377511
0.167715	-8.885375	-95.343270
0.168320	-7.170415	-90.239893
0.168926	-5.299937	-84.818215
0.169531	-3.490208	-78.919900
0.170137	-1.693843	-72.697863
0.170742	0.255610	-66.165659
0.171348	2.160108	-59.399204
0.171953	4.118674	-52.267001
0.172559	5.957563	-44.967243
0.173164	7.784909	-37.522434
0.173770	9.670575	-30.091181
0.174375	11.423200	-22.172718
0.174980	13.085915	-14.343183
0.175586	14.756528	-6.744646
0.176191	16.371251	1.334595
0.176797	17.921579	9.295354
0.177402	19.434851	17.165286
0.178008	20.934757	24.898030
0.178613	22.225077	32.513919
0.179219	23.440676	40.062026
0.179824	24.650807	47.468607
0.180430	25.611257	54.579662
0.181035	26.512173	61.498489
0.181641	27.405799	68.230512
0.182246	28.122036	74.506774
0.182852	28.841919	80.735319
0.183457	29.317588	86.653154
0.184062	29.683907	91.860372
0.184668	29.960318	96.979204
0.185273	30.039292	101.792478
0.185879	30.097612	106.062419
0.186484	29.872839	109.744290
0.187090	29.640775	113.172389
0.187695	29.219781	116.115717
0.188301	28.720420	118.531979
0.188906	28.084372	120.454524
0.189512	27.310422	121.918596
0.190117	26.416797	122.958901
0.190723	25.392559	123.247649
0.191328	24.150231	123.036985
0.191934	22.926127	122.705400
0.192539	21.553795	121.510011
0.193145	20.130433	119.806265
0.193750	18.640854	117.720775
0.194355	17.043141	115.135602
0.194961	15.354303	112.043969
0.195566	13.598034	108.541040
0.196172	11.839334	104.549815
0.196777	9.933621	100.085478
0.197383	8.042487	95.212556
0.197988	6.063874	89.971448
0.198594	4.183676	84.427493
0.199199	2.270672	78.404190
0.199805	0.279910	71.868732
0.200410	-1.654964	65.537160
0.201016	-3.649979	58.690723
0.201621	-5.607329	51.432448
0.202227	-7.496641	44.099071
0.202832	-9.417541	36.566146
0.203437	-11.267973	28.768875
0.204043	-13.013915	20.921988
0.204648	-14.700930	12.998915
0.205254	-16.357570	5.005892
0.205859	-17.921871	-3.030511
0.206465	-19.342196	-11.092670
0.207070	-20.680508	-18.988089
0.207676	-22.005456	-26.783191
0.208281	-23.143902	-34.794921
0.208887	-24.235572	-42.228885
0.209492	-25.253127	-49.490414
0.210098	-26.162548	-56.853615
0.210703	-26.865420	-63.853238
0.211309	-27.482028	-70.545405
0.211914	-27.999007	-76.892973
0.212520	-28.394486	-82.936611
0.213125	-28.649027	-88.636191
0.213730	-28.910250	-94.004728
0.214336	-28.952775	-98.881175
0.214941	-28.945485	-103.427933
0.215547	-28.847070	-107.469045
0.216152	-28.527528	-110.919376
0.216758	-28.144198	-114.262613
0.217363	-27.693436	-116.880321
0.217969	-27.061034	-118.826724
0.218574	-26.384891	-120.483566
0.219180	-25.547155	-121.684648
0.219785	-24.712456	-122.312572
0.220391	-23.806073	-122.389029
0.220996	-22.650009	-122.037652
0.221602	-21.458102	-121.149719
0.222207	-20.279561	-119.740413
0.222812	-18.889611	-117.739785
0.223418	-17.489942	-115.379917
0.224023	-15.923818	-112.639932
0.224629	-14.430594	-109.006050
0.225234	-12.752692	-105.253957
0.225840	-11.012825	-101.106023
0.226445	-9.293005	-96.313354
0.227051	-7.477808	-91.156565
0.227656	-5.705744	-85.746003
0.228262	-3.897837	-79.950987
0.228867	-1.925907	-73.756333
0.229473	-0.026268	-67.309262
0.230078	1.872763	-60.529522
0.230684	3.709829	-53.493026
0.231289	5.546896	-46.289518
0.231895	7.464759	-38.801058
0.232500	9.278741	-31.341337
0.233105	11.045945	-23.492281
0.233711	12.787027	-15.534233
0.234316	14.454602	-7.902890
0.234922	16.029231	-0.028348
0.235527	17.569232	7.994498
0.236133	19.046661	15.859550
0.236738	20.486425	23.595547
0.237344	21.770671	31.278404
0.237949	23.020897	38.847388
0.238555	24.238318	46.281623
0.239160	25.271667	53.423586
0.239766	26.281325	60.405315
0.240371	27.012142	67.191291
0.240977	27.831046	73.503884
0.241582	28.444617	79.680102
0.242187	28.965240	85.756545
0.242793	29.383197	91.078449
0.243398	29.679655	96.226833
0.244004	29.815126	100.985612
0.244609	29.871016	105.315742
0.245215	29.756199	109.171675
0.245820	29.552081	112.635563
0.246426	29.157816	115.603021
0.247031	28.606818	118.083810
0.247637	28.046707	120.133783
0.248242	27.332900	121.548240
0.248848	26.422264	122.763963
0.249453	25.450879	123.128083
0.250059	24.454586	123.052710
0.250664	23.189173	122.804089
0.251270	21.802868	121.725827
0.251875	20.375861	120.140290
0.252480	18.846187	118.072694
0.253086	17.296466	115.604105
0.253691	15.594264	112.559105
0.254297	13.892062	109.080577
0.254902	12.067145	105.185331
0.255508	10.250126	100.787148
0.256113	8.402125	96.025659
0.256719	6.566881	90.752557
0.257324	4.595558	85.249542
0.257930	2.630917	79.408977
0.258535	0.742214	72.897379
0.259141	-1.244297	66.507244
0.259746	-3.182207	59.774950
0.260352	-5.092781	52.625938
0.260957	-6.965689	45.313980
0.261562	-8.888413	37.759636
0.262168	-10.672627	30.074340
0.262773	-12.494506	22.226097
0.263379	-14.156614	14.295704
0.263984	-15.759794	6.332776
0.264590	-17.391527	-1.691969
0.265195	-18.830684	-9.784766
0.265801	-20.272879	-17.706754
0.266406	-21.549227	-25.462272
0.267012	-22.700431	-33.447975
0.267617	-23.817615	-41.095314
0.268223	-24.824843	-48.375279
0.268828	-25.770713	-55.682357
0.269434	-26.548307	-62.722377
0.270039	-27.245105	-69.474734
0.270645	-27.856245	-75.915840
0.271250	-28.325232	-82.006653
0.271855	-28.640522	-87.846405
0.272461	-28.810621	-93.184848
0.273066	-28.919970	-98.140734
0.273672	-28.890203	-102.708911
0.274277	-28.810621	-106.972345
0.274883	-28.565800	-110.387972
0.275488	-28.321587	-113.756966
0.276094	-27.772411	-116.522165
0.276699	-27.261507	-118.629074
0.277305	-26.596907	-120.350715
0.277910	-25.770106	-121.615240
0.278516	-24.869797	-122.297660
0.279121	-23.911777	-122.480398
0.279727	-22.906979	-122.166436
0.280332	-21.792832	-121.433044
0.280938	-20.565084	-120.118361
0.281543	-19.227986	-118.224285
0.282148	-17.837429	-115.794738
0.282754	-16.288316	-113.128770
0.283359	-14.635928	-109.781466
0.283965	-13.003587	-105.775601
0.284570	-11.322040	-101.739370
0.285176	-9.583995	-97.197220
0.285781	-7.822258	-92.144001
0.286387	-6.038651	-86.697651
0.286992	-4.278129	-80.992648
0.287598	-2.312274	-74.823480
0.288203	-0.401093	-68.438225
0.288809	1.439011	-61.659027
0.289414	3.293087	-54.659946
0.290020	5.167818	-47.483008
0.290625	7.032222	-39.993735
0.291230	8.866251	-32.593119
0.291836	10.614623	-24.948762
0.292441	12.246964	-16.902870
0.293047	13.947344	-9.090687
0.293652	15.670808	-1.316190
0.294258	17.239969	6.685780
0.294863	18.679734	14.558966
0.295469	20.130433	22.374402
0.296074	21.506410	30.026893
0.296680	22.768786	37.693211
0.297285	23.837978	45.089760
0.297891	24.929040	52.291099
0.298496	25.960567	59.178205
0.299102	26.840221	66.074529
0.299707	27.546131	72.634388
0.300312	28.215591	78.608618
0.300918	28.874723	84.612400
0.301523	29.278100	90.286494
0.302129	29.522921	95.418611
0.302734	29.714890	100.249237
0.303340	29.733115	104.583977
0.303945	29.613438	108.534804
0.304551	29.485256	112.098465
0.305156	29.142629	115.141567
0.305762	28.699765	117.741380
0.306367	28.093484	119.909021
0.306973	27.379069	121.363333
0.307578	26.567455	122.455965
0.308184	25.541396	123.224874
0.308789	24.401734	123.051626
0.309395	23.280297	122.648192
0.310000	21.971144	121.870336
0.310605	20.559325	120.355563
0.311211	19.058811	118.385030
0.311816	17.556474	116.020010
0.312422	15.911984	113.141481
0.313027	14.274784	109.735885
0.313633	12.485102	105.811900
0.314238	10.616446	101.600251
0.314844	8.758724	96.914947
0.315449	6.825066	91.631001
0.316055	4.979495	86.044751
0.316660	2.971722	80.423796
0.317266	0.997362	74.063214
0.317871	-0.827555	67.431779
0.318477	-2.770933	60.743949
0.319082	-4.674216	53.768457
0.319688	-6.593295	46.436707
0.320293	-8.460736	38.897275
0.320898	-10.286260	31.226890
0.321504	-12.125149	23.390577
0.322109	-13.891746	15.491363
0.322715	-15.578761	7.454147
0.323320	-17.095677	-0.497665
0.323926	-18.610163	-8.567687
0.324531	-19.937541	-16.621714
0.325137	-21.229077	-24.291014
0.325742	-22.529117	-32.096690
0.326348	-23.643871	-39.894232
0.326953	-24.686334	-47.341481
0.327559	-25.600614	-54.585116
0.328164	-26.378816	-61.634083
0.328770	-27.114493	-68.445817
0.329375	-27.717129	-74.882314
0.329980	-28.109571	-80.991021
0.330586	-28.505658	-86.837009
0.331191	-28.623512	-92.305862
0.331797	-28.826415	-97.357184
0.332402	-28.949130	-101.881168
0.333008	-28.835528	-106.366381
0.333613	-28.627764	-110.033883
0.334219	-28.365326	-113.102742
0.334824	-27.949799	-116.075352
0.335430	-27.420063	-118.371777
0.336035	-26.738453	-120.132460
0.336641	-25.974832	-121.462325
0.337246	-25.103075	-122.229337
0.337852	-24.159635	-122.479043
0.338457	-23.149977	-122.243706
0.339062	-22.022466	-121.507061
0.339668	-20.757053	-120.310588
0.340273	-19.480704	-118.604944
0.340879	-18.030613	-116.206305
0.341484	-16.562296	-113.632519
0.342090	-15.009538	-110.362757
0.342695	-13.368692	-106.450159
0.343301	-11.665275	-102.428839
0.343906	-9.961857	-97.886148
0.344512	-8.200728	-92.899896
0.345117	-6.471796	-87.591006
0.345723	-4.691226	-81.885732
0.346328	-2.791588	-75.847788
0.346934	-0.844565	-69.390415
0.347539	1.088486	-62.693096
0.348145	2.962002	-55.739835
0.348750	4.830051	-48.688699
0.349355	6.679267	-41.168788
0.349961	8.445864	-33.628815
0.350566	10.261668	-26.206780
0.351172	11.969946	-18.283165
0.351777	13.635698	-10.324846
0.352383	15.306311	-2.506156
0.352988	16.901594	5.421255
0.353594	18.495663	13.353275
0.354199	19.848555	21.149462
0.354805	21.223317	28.798156
0.355410	22.514853	36.325930
0.356016	23.659374	43.816830
0.356621	24.719454	51.112792
0.357227	25.702989	58.011556
0.357832	26.701104	64.922250
0.358438	27.450754	71.658882
0.359043	28.133579	77.784399
0.359648	28.799394	83.768931
0.360254	29.173004	89.454142
0.360859	29.553903	94.725888
0.361465	29.692412	99.514761
0.362070	29.727647	103.965813
0.362676	29.665075	107.964358
0.363281	29.463387	111.545100
0.363887	29.244081	114.713732
0.364492	28.793319	117.356654
0.365098	28.173066	119.595872
0.365703	27.570431	121.244852
0.366309	26.706572	122.276752
0.366914	25.712102	123.224603
0.367520	24.584590	123.214572
0.368125	23.377496	122.762065
0.368730	22.135168	121.984751
0.369336	20.742788	120.587917
0.369941	19.275687	118.752133
0.370547	17.817090	116.373828
0.371152	16.192647	113.522682
0.371758	14.440630	110.225536
0.372363	12.688005	106.401053
0.372969	10.858229	102.125419
0.373574	9.005975	97.533654
0.374180	7.034652	92.460371
0.374785	5.181791	86.861649
0.375391	3.285797	81.297360
0.375996	1.358214	75.188652
0.376602	-0.613109	68.606833
0.377207	-2.447138	61.910056
0.377812	-4.399021	54.906367
0.378418	-6.398896	47.607422
0.379023	-8.285170	40.071787
0.379629	-10.178126	32.421465
0.380234	-11.949583	24.626905
0.380840	-13.676085	16.706815
0.381445	-15.360062	8.644926
0.382051	-16.847211	0.754930
0.382656	-18.403007	-7.165974
0.383262	-19.845202	-15.346072
0.383867	-21.091175	-23.167474
0.384473	-22.413085	-30.824302
0.385078	-23.546064	-38.667664
0.385684	-24.621332	-46.192998
0.386289	-25.556267	-53.471607
0.386895	-26.386106	-60.565310
0.387500	-27.048276	-67.404969
0.388105	-27.624182	-73.911145
0.388711	-28.098028	-80.101190
0.389316	-28.478321	-85.990287
0.389922	-28.752301	-91.580333
0.390527	-28.926652	-96.756643
0.391133	-29.004412	-101.288218
0.391738	-28.909642	-105.653324
0.392344	-28.664214	-109.586528
0.392949	-28.367149	-112.669756
0.393555	-27.960734	-115.623929
0.394160	-27.457728	-118.024195
0.394766	-26.803455	-119.926947
0.395371	-26.066563	-121.250035
0.395977	-25.185695	-122.081032
0.396582	-24.172392	-122.527574
0.397187	-23.201007	-122.389571
0.397793	-22.052841	-121.654282
0.398398	-20.867617	-120.508780
0.399004	-19.566969	-118.998074
0.399609	-18.179449	-116.674266
0.400215	-16.668000	-113.836676
0.400820	-15.157159	-110.931306
0.401426	-13.497481	-107.260279
0.402031	-11.829906	-103.067338
0.402637	-10.192706	-98.578600
0.403242	-8.466203	-93.800572
0.403848	-6.576285	-88.469992
0.404453	-4.827305	-82.821925
0.405059	-2.951359	-76.767443
0.405664	-1.093638	-70.461628
0.406270	0.854600	-63.807418
0.406875	2.690452	-56.794781
0.407480	4.580370	-49.790820
0.408086	6.441737	-42.437923
0.408691	8.258756	-34.694063
0.409297	10.059980	-27.183371
0.409902	11.776155	-19.428395
0.410508	13.486255	-11.549244
0.411113	15.111305	-3.738417
0.411719	16.729066	4.179233
0.412324	18.252664	12.102306
0.412930	19.773226	19.979288
0.413535	21.194158	27.648046
0.414141	22.471113	35.295928
0.414746	23.537268	42.709829
0.415352	24.677537	50.136472
0.415957	25.658642	57.063705
0.416563	26.611195	63.769699
0.417168	27.434959	70.610443
0.417773	28.124466	76.968856
0.418379	28.710700	82.824604
0.418984	29.215528	88.500868
0.419590	29.527174	93.856391
0.420195	29.706385	98.800076
0.420801	29.730685	103.278241
0.421406	29.796294	107.347278
0.422012	29.612223	110.969502
0.422617	29.265950	114.195071
0.423223	28.920893	116.882729
0.423828	28.241106	119.126013
0.424434	27.622068	120.966949
0.425039	26.745452	121.969839
0.425645	25.812946	122.969746
0.426250	24.713987	123.295909
0.426855	23.591335	122.839335
0.427461	22.311342	122.019997
0.428066	20.850923	120.747067
0.428672	19.474945	119.001025
0.429277	17.895457	116.689417
0.429883	16.312931	113.901443
0.430488	14.614981	110.690786
0.431094	12.831374	107.019760
0.431699	11.031973	102.749819
0.432305	9.167569	98.084579
0.432910	7.309848	93.287030
0.433516	5.336095	87.747955
0.434121	3.376922	81.882718
0.434727	1.478498	75.922044
0.435332	-0.490395	69.553871
0.435937	-2.482373	62.763827
0.436543	-4.352851	55.856387
0.437148	-6.337539	48.617633
0.437754	-8.260262	41.154658
0.438359	-10.156863	33.533076
0.438965	-11.929535	25.734449
0.439570	-13.676085	17.883766
0.440176	-15.378287	9.906740
0.440781	-16.957168	1.745619
0.441387	-18.476514	-6.028335
0.441992	-19.963056	-13.990992
0.442598	-21.238797	-22.085416
0.443203	-22.461685	-29.794842
0.443809	-23.592234	-37.416967
0.444414	-24.624977	-44.973208
0.445020	-25.587857	-52.344543
0.445625	-26.474193	-59.457766
0.446230	-27.118138	-66.289292
0.446836	-27.800963	-72.925336
0.447441	-28.286352	-79.218409
0.448047	-28.698841	-85.133262
0.448652	-28.882913	-90.655256
0.449258	-29.054834	-95.990716
0.449863	-29.028104	-100.715061
0.450469	-28.984364	-104.828021
0.451074	-28.771133	-108.881604
0.451680	-28.457058	-112.354167
0.452285	-28.014801	-115.164915
0.452891	-27.524553	-117.620219
0.453496	-26.904907	-119.595362
0.454102	-26.158295	-121.074617
0.454707	-25.290792	-122.020029
0.455313	-24.309686	-122.384420
0.455918	-23.292131	-122.346734
0.456523	-22.194994	-121.846780
0.457129	-20.959956	-120.628346
0.457734	-19.692113	-119.064229
0.458340	-18.259031	-117.104812
0.458945	-16.833239	-114.271289
0.459551	-15.261648	-111.137089
0.460156	-13.663327	-107.723360
0.460762	-11.939863	-103.641580
0.461367	-10.235230	-99.211404
0.461973	-8.477746	-94.408975
0.462578	-6.649184	-89.159733
0.463184	-4.888055	-83.588123
0.463789	-3.047343	-77.615520
0.464395	-1.153172	-71.343596
0.465000	0.745251	-64.878360
0.465605	2.612085	-57.941096
0.466211	4.512331	-50.711559
0.466816	6.344537	-43.650934
0.467422	8.252681	-36.067851
0.468027	9.979183	-28.242112
0.468633	11.773117	-20.549224
0.469238	13.500227	-12.713453
0.469844	15.091258	-4.911844
0.470449	16.644016	3.027768
0.471055	18.252664	10.965752
0.471660	19.668129	18.736724
0.472266	21.070229	26.492513
0.472871	22.411579	34.166423
0.473477	23.616850	41.533961
0.474082	24.748614	48.855138
0.474687	25.637380	56.145677
0.475293	26.630635	62.902372
0.475898	27.400332	69.399872
0.476504	28.105027	75.924484
0.477109	28.657240	81.965411
0.477715	29.178471	87.670142
0.478320	29.521099	92.990691
0.478926	29.743442	98.046079
0.479531	29.811481	102.625102
0.480137	29.744049	106.696850
0.480742	29.572736	110.397700
0.481348	29.248333	113.701353
0.481953	28.809114	116.568224
0.482559	28.275733	118.626873
0.483164	27.651835	120.584935
0.483770	26.750919	122.038975
0.484375	25.857901	122.684523
0.484980	24.806326	122.990623
0.485586	23.697647	122.887595
0.486191	22.420084	122.174809
0.486797	20.956627	120.890492
0.487402	19.549667	119.168309
0.488008	17.965319	116.975996
0.488613	16.418028	114.286440
0.489219	14.693348	111.072529
0.489824	12.985678	107.433496
0.490430	11.196604	103.455827
0.491035	9.295750	98.791672
0.491641	7.397934	93.720558
0.492246	5.494651	88.691740
0.492852	3.499028	83.017916
0.493457	1.605465	76.835734
0.494063	-0.343381	70.457529
0.494668	-2.330499	63.776749
0.495273	-4.192472	56.884220
0.495879	-6.149215	49.667427
0.496484	-8.006329	42.222347
0.497090	-9.871948	34.644144
0.497695	-11.724809	26.886728
0.498301	-13.423974	18.956335
0.498906	-15.114027	10.978224
0.499512	-16.767022	3.095549
0.500117	-18.285153	-5.155585
0.500723	-19.652626	-12.998405
0.501328	-21.039538	-20.798930
0.501934	-22.272754	-28.752911
0.502539	-23.502932	-36.473453
0.503145	-24.498010	-43.972759
0.503750	-25.483975	-51.352769
0.504355	-26.333861	-58.574985
0.504961	-27.122998	-65.506826
0.505566	-27.682501	-72.096238
0.506172	-28.143591	-78.373313
0.506777	-28.598605	-84.409359
0.507383	-28.749264	-90.081285
0.507988	-29.011094	-95.114983
0.508594	-29.096143	-100.097439
0.509199	-28.995907	-104.564759
0.509805	-28.842818	-108.298686
0.510410	-28.551220	-111.828999
0.511016	-28.201303	-114.890266
0.511621	-27.599882	-117.365633
0.512227	-27.051921	-119.386325
0.512832	-26.320496	-120.916010
0.513437	-25.479723	-121.967159
0.514043	-24.511375	-122.518898
0.514648	-23.498072	-122.422106
0.515254	-22.500565	-121.887178
0.515859	-21.295294	-121.121793
0.516465	-20.006188	-119.438381
0.517070	-18.686100	-117.318729
0.517676	-17.145492	-114.919548
0.518281	-15.572686	-111.866685
0.518887	-13.979225	-108.306278
0.519492	-12.318332	-104.354095
0.520098	-10.570568	-99.979500
0.520703	-8.807616	-95.179240
0.521309	-6.996672	-90.097010
0.521914	-5.187550	-84.530281
0.522520	-3.352914	-78.619223
0.523125	-1.521315	-72.444633
0.523730	0.487673	-65.757617
0.524336	2.347217	-59.112625
0.524941	4.219518	-51.940838
0.525547	6.092427	-44.439364
0.526152	7.939820	-37.124695
0.526758	9.721605	-29.594752
0.527363	11.516754	-21.772538
0.527969	13.187974	-13.938394
0.528574	14.845222	-6.149799
0.529180	16.467843	1.750229
0.529785	17.995086	9.710446
0.530391	19.464618	17.589054
0.530996	20.933542	25.293329
0.531602	22.258490	32.854451
0.532207	23.427311	40.493385
0.532813	24.529308	47.875294
0.533418	25.552330	54.736643
0.534023	26.512781	61.826550
0.534629	27.309815	68.610628
0.535234	28.010257	74.972295
0.535840	28.722850	81.076393
0.536445	29.238613	86.770551
0.537051	29.547221	92.227746
0.537656	29.810266	97.261445
0.538262	29.883166	101.884661
0.538867	29.838819	106.080042
0.539473	29.715497	109.905338
0.540078	29.403244	113.141210
0.540684	29.029027	116.017299
0.541289	28.495646	118.571564
0.541895	27.810999	120.217561
0.542500	27.118454	121.749414
0.543105	26.167723	122.796498
0.543711	25.097316	123.140555
0.544316	23.964337	122.932602
0.544922	22.680699	122.286241
0.545527	21.356359	121.216112
0.546133	19.893510	119.523482
0.546738	18.378416	117.379971
0.547344	16.808647	114.742743
0.547949	15.067565	111.763084
0.548555	13.344708	108.090159
0.549160	11.527082	103.915383
0.549766	9.668145	99.645714
0.550371	7.693785	94.775504
0.550977	5.810549	89.267879
0.551582	3.904228	83.748055
0.552187	1.925007	77.832117
0.552793	-0.037811	71.482922
0.553398	-1.941094	64.866941
0.554004	-3.918492	57.953807
0.554609	-5.918975	50.787442
0.555215	-7.810716	43.386013
0.555820	-9.639277	35.800761
0.556426	-11.452651	28.104078
0.557031	-13.268455	20.253395
0.557637	-14.971265	12.061909
0.558242	-16.552576	4.281719
0.558848	-18.127812	-3.598245
0.559453	-19.614354	-11.723035
0.560059	-20.959956	-19.667527
0.560664	-22.225369	-27.518480
0.561270	-23.363208	-35.282946
0.561875	-24.494365	-42.913475
0.562480	-25.457245	-50.295383
0.563086	-26.322926	-57.498349
0.563691	-27.044024	-64.408230
0.564297	-27.714699	-71.118562
0.564902	-28.291212	-77.508968
0.565508	-28.650242	-83.367970
0.566113	-28.943055	-89.210704
0.566719	-29.065769	-94.552400
0.567324	-29.176940	-99.214116
0.567930	-29.217035	-103.696618
0.568535	-29.051796	-107.801986
0.569141	-28.750479	-111.278616
0.569746	-28.392664	-114.428812
0.570352	-27.893910	-116.971961
0.570957	-27.315574	-119.042268
0.571562	-26.563495	-120.651392
0.572168	-25.812023	-121.781981
0.572773	-24.867975	-122.374931
0.573379	-23.953086	-122.537877
0.573984	-22.784873	-122.016504
0.574590	-21.661006	-121.115286
0.575195	-20.381013	-119.830427
0.575801	-18.946716	-117.599072
0.576406	-17.531859	-115.103370
0.577012	-15.935361	-112.318108
0.577617	-14.293300	-108.825210
0.578223	-12.600210	-104.885499
0.578828	-10.992777	-100.621794
0.579434	-9.224358	-96.023793
0.580039	-7.424956	-90.929091
0.580645	-5.542327	-85.355042
0.581250	-3.726523	-79.449407
0.581855	-1.724218	-73.429899
0.582461	0.284770	-66.891731
0.583066	2.149781	-59.884788
0.583672	4.013577	-53.027777
0.584277	5.946020	-45.847585
0.584883	7.769114	-38.248506
0.585488	9.556366	-30.653494
0.586094	11.329645	-22.915057
0.586699	13.027595	-15.113176
0.587305	14.768070	-7.232128
0.587910	16.419850	0.649463
0.588516	17.928869	8.610764
0.589121	19.485880	16.471750
0.589727	20.844240	24.189852
0.590332	22.205638	31.769682
0.590938	23.368384	39.231572
0.591543	24.522018	46.846647
0.592148	25.522563	53.876907
0.592754	26.493341	60.702196
0.593359	27.388182	67.582795
0.593965	28.147551	74.071077
0.594570	28.857106	80.177073
0.595176	29.324878	85.982663
0.595781	29.679655	91.439858
0.596387	29.950598	96.552996
0.596992	30.044760	101.204951
0.597598	29.955458	105.442899
0.598203	29.944523	109.331639
0.598809	29.579418	112.841075
0.599414	29.290858	115.607630
0.600020	28.778132	118.233200
0.600625	28.098344	120.364510
0.601230	27.326825	121.681633
0.601836	26.424694	122.618911
0.602441	25.373727	123.167125
0.603047	24.118641	123.052168
0.603652	22.932202	122.481180
0.604258	21.570805	121.409967
0.604863	20.142583	119.879197
0.605469	18.614124	117.802925
0.606074	17.054683	115.190640
0.606680	15.357341	112.208812
0.607285	13.526957	108.725404
0.607891	11.731200	104.598888
0.608496	9.840066	100.187963
0.609102	7.923418	95.581015
0.609707	5.982470	90.198108
0.610313	4.076149	84.587185
0.610918	2.143706	78.708391
0.611523	0.217945	72.495572
0.612129	-1.769173	65.845971
0.612734	-3.746571	58.992756
0.613340	-5.684481	51.878719
0.613945	-7.678282	44.522567
0.614551	-9.568200	36.893393
0.615156	-11.432604	29.119439
0.615762	-13.168219	21.428991
0.616367	-14.921451	13.512696
0.616973	-16.454162	5.304943
0.617578	-18.022108	-2.574208
0.618184	-19.510472	-10.426246
0.618789	-20.901029	-18.425234
0.619395	-22.197424	-26.372708
0.620000	-23.416668	-34.110061
0.620605	-24.547217	-41.772583
0.621211	-25.535612	-49.186755
0.621816	-26.365451	-56.468347
0.622422	-27.165523	-63.448449
0.623027	-27.763298	-70.057923
0.623633	-28.298502	-76.595821
0.624238	-28.716459	-82.703444
0.624844	-29.070021	-88.216219
0.625449	-29.334889	-93.789727
0.626055	-29.393209	-98.734767
0.626660	-29.346432	-103.128070
0.627266	-29.181193	-107.235064
0.627871	-28.860435	-110.801437
0.628477	-28.553650	-113.946753
0.629082	-28.084663	-116.642002
0.629687	-27.441933	-118.850854
0.630293	-26.757893	-120.529115
0.630898	-26.002169	-121.684919
0.631504	-25.035036	-122.352427
0.632109	-23.995004	-122.544926
0.632715	-22.889362	-122.328840
0.633320	-21.733298	-121.189574
0.633926	-20.436902	-119.860522
0.634531	-18.976483	-118.212084
0.635137	-17.599898	-115.698217
0.635742	-16.065972	-112.676805
0.636348	-14.505924	-109.365832
0.636953	-12.739327	-105.589067
0.637559	-11.155586	-101.372538
0.638164	-9.347072	-96.644397
0.638770	-7.530053	-91.611512
0.639375	-5.660182	-86.209626
0.639980	-3.840125	-80.364994
0.640586	-2.037078	-74.200706
0.641191	-0.110710	-67.932307
0.641797	1.799256	-61.145246
0.642402	3.728054	-53.907305
0.643008	5.604608	-46.836376
0.643613	7.530369	-39.425458
0.644219	9.340098	-31.845357
0.644824	11.049590	-24.146776
0.645430	12.893946	-16.264914
0.646035	14.537222	-8.460322
0.646641	16.219984	-0.566531
0.647246	17.776995	7.322923
0.647852	19.273257	15.217256
0.648457	20.725171	22.967352
0.649062	22.137598	30.780619
0.649668	23.376281	38.117250
0.650273	24.540850	45.506749
0.650879	25.593033	52.919566
0.651484	26.561380	59.811823
0.652090	27.429492	66.470100
0.652695	28.126896	73.055987
0.653301	28.865611	79.309746
0.653906	29.340672	85.092832
0.654512	29.818164	90.603981
0.655117	30.045975	95.825027
0.655723	30.197241	100.642910
0.656328	30.189344	104.822566
0.656934	30.086677	108.689345
0.657539	29.810874	112.270087
0.658145	29.371047	115.286076
0.658750	28.889911	117.598226
0.659355	28.309753	119.866454
0.659961	27.482951	121.451449
0.660566	26.611195	122.518866
0.661172	25.629482	123.087143
0.661777	24.493466	123.115882
0.662383	23.237165	122.605355
0.662988	21.868478	121.611683
0.663594	20.420816	120.117245
0.664199	18.892357	118.106856
0.664805	17.252119	115.667820
0.665410	15.564497	112.586760
0.666016	13.783927	109.176827
0.666621	11.983311	105.436121
0.667227	10.081850	100.873366
0.667832	8.230203	96.105641
0.668438	6.273460	91.077636
0.669043	4.273585	85.538561
0.669648	2.355114	79.623979
0.670254	0.306639	73.386487
0.670859	-1.544399	66.888716
0.671465	-3.614744	59.979649
0.672070	-5.632237	52.891369
0.672676	-7.480238	45.569650
0.673281	-9.416326	38.147616
0.673887	-11.223625	30.348176
0.674492	-13.052187	22.406395
0.675098	-14.749529	14.742517
0.675703	-16.445049	6.707470
0.676309	-17.972901	-1.397527
0.676914	-19.466125	-9.395160
0.677520	-20.873692	-17.224152
0.678125	-22.209574	-25.184369
0.678730	-23.369891	-33.010922
0.679336	-24.509552	-40.641180
0.679941	-25.467573	-48.054268
0.680547	-26.433491	-55.325828
0.681152	-27.185570	-62.388623
0.681758	-27.831338	-69.161043
0.682363	-28.432151	-75.509967
0.682969	-28.835528	-81.846961
0.683574	-29.091284	-87.644689
0.684180	-29.335497	-92.825879
0.684785	-29.382274	-97.919225
0.685391	-29.368301	-102.472491
0.685996	-29.253485	-106.630186
0.686602	-28.989224	-110.317208
0.687207	-28.601642	-113.569347
0.687813	-28.081626	-116.258361
0.688418	-27.500860	-118.489987
0.689023	-26.751818	-120.255279
0.689629	-25.983336	-121.571046
0.690234	-25.097001	-122.375744
0.690840	-24.044818	-122.439730
0.691445	-23.031516	-122.228795
0.692051	-21.803767	-121.657264
0.692656	-20.551719	-120.118361
0.693262	-19.207332	-118.252753
0.693867	-17.731117	-116.013535
0.694473	-16.157704	-113.165101
0.695078	-14.564851	-109.878258
0.695684	-13.012700	-106.152193
0.696289	-11.256430	-102.010765
0.696895	-9.508058	-97.426320
0.697500	-7.646692	-92.400756
0.698105	-5.844253	-87.021915
0.698711	-4.032701	-81.402317
0.699316	-2.066238	-75.294152
0.699922	-0.241322	-68.794212
0.700527	1.702057	-62.306201
0.701133	3.643612	-55.280822
0.701738	5.483716	-47.997060
0.702344	7.350550	-40.627624
0.702949	9.144484	-33.090361
0.703555	10.977298	-25.382561
0.704160	12.757867	-17.520491
0.704766	14.432125	-9.721322
0.705371	16.055961	-1.807468
0.705977	17.637879	6.057856
0.706582	19.084933	14.009125
0.707187	20.546567	21.640739
0.707793	21.932872	29.292417
0.708398	23.181883	37.140930
0.709004	24.331872	44.447466
0.709609	25.378587	51.621693
0.710215	26.348757	58.735459
0.710820	27.260000	65.542312
0.711426	28.041240	72.049030
0.712031	28.543031	78.289233
0.712637	29.103749	84.196766
0.713242	29.503481	89.790879
0.713848	29.813304	94.960411
0.714453	29.999805	99.788597
0.715059	29.903821	104.249680
0.715664	29.823631	108.256901
0.716270	29.563016	111.503618
0.716875	29.197911	114.803203
0.717480	28.668175	117.531259
0.718086	28.060072	119.515619
0.718691	27.329862	121.079195
0.719297	26.424086	122.288952
0.719902	25.490973	122.980862
0.720508	24.361032	123.022615
0.721113	23.074356	122.601288
0.721719	21.866048	121.720404
0.722324	20.369179	120.304592
0.722930	18.893572	118.297457
0.723535	17.284316	115.860589
0.724141	15.622209	113.162900
0.724746	13.895707	109.585140
0.725352	12.188644	105.852026
0.725957	10.357045	101.849143
0.726562	8.469557	97.025295
0.727168	6.521318	91.888027
0.727773	4.602240	86.429205
0.728379	2.633955	80.564781
0.728984	0.635294	74.343557
0.729590	-1.271634	67.850937
0.730195	-3.216227	61.068486
0.730801	-5.159605	54.061271
0.731406	-7.025831	46.709187
0.732012	-8.914535	39.181685
0.732617	-10.710292	31.684548
0.733223	-12.560116	23.783166
0.733828	-14.301805	15.654851
0.734434	-15.937791	7.790884
0.735039	-17.534289	-0.149812
0.735645	-18.963118	-8.187029
0.736250	-20.288066	-16.085971
0.736855	-21.647033	-23.968918
0.737461	-22.821930	-31.783541
0.738066	-23.912384	-39.461246
0.738672	-24.942697	-46.973836
0.739277	-25.850295	-54.222894
0.739883	-26.693499	-61.270505
0.740488	-27.390296	-68.289107
0.741094	-27.915780	-74.665143
0.741699	-28.357429	-80.659707
0.742305	-28.739544	-86.771125
0.742910	-28.856790	-92.135325
0.743516	-29.068806	-97.142995
0.744121	-29.008057	-101.797390
0.744727	-28.958242	-106.046183
0.745332	-28.758376	-109.739442
0.745938	-28.393879	-113.136904
0.746543	-28.019054	-115.961479
0.747148	-27.407913	-118.313214
0.747754	-26.779156	-120.126224
0.748359	-26.022824	-121.374752
0.748965	-25.134665	-122.387945
0.749570	-24.126830	-122.712752
0.750176	-23.153622	-122.263770
0.750781	-22.017606	-121.661060
0.751387	-20.832382	-120.637565
0.751992	-19.524444	-118.810185
0.752598	-18.127812	-116.538432
0.753203	-16.626691	-113.808208
0.753809	-14.924488	-110.625748
0.754414	-13.343177	-106.982919
0.755020	-11.618498	-102.833628
0.755625	-9.929053	-98.328352
0.756230	-8.165493	-93.492032
0.756836	-6.326604	-88.160368
0.757441	-4.598279	-82.504438
0.758047	-2.766073	-76.624560
0.758652	-0.814797	-69.968994
0.759258	1.061149	-63.260288
0.759863	3.014247	-56.428763
0.760469	4.873183	-49.179706
0.761074	6.768569	-41.743573
0.761680	8.593486	-34.280869
0.762285	10.332138	-26.667421
0.762891	11.986956	-18.838970
0.763496	13.658783	-11.068269
0.764102	15.271076	-3.235752
0.764707	16.922857	4.609237
0.765312	18.401501	12.581926
0.765918	19.926314	20.541872
0.766523	21.324769	27.937065
0.767129	22.588360	35.650016
0.767734	23.710404	43.236081
0.768340	24.714594	50.372351
0.768945	25.746729	57.421047
0.769551	26.680450	64.273720
0.770156	27.397902	70.861504
0.770762	28.172459	77.150510
0.771367	28.690045	83.117419
0.771973	29.295110	88.837876
0.772578	29.580633	94.142157
0.773184	29.733722	99.019959
0.773789	29.783537	103.394824
0.774395	29.788397	107.613522
0.775000	29.468247	111.029963
0.775605	29.205808	114.215134
0.776211	28.789674	117.176628
0.776816	28.245358	119.246935
0.777422	27.537018	120.973727
0.778027	26.702319	122.200295
0.778633	25.774066	122.967035
0.779238	24.659920	123.050812
0.779844	23.512360	122.675034
0.780449	22.117551	121.888772
0.781055	20.735498	120.620723
0.781660	19.261714	118.654257
0.782266	17.812838	116.227150
0.782871	16.168347	113.669360
0.783477	14.466145	110.325310
0.784082	12.724455	106.383973
0.784687	10.872809	102.301921
0.785293	8.959198	97.717476
0.785898	7.025540	92.668052
0.786504	5.145949	87.251526
0.787109	3.249348	81.465999
0.787715	1.191153	75.336415
0.788320	-0.710916	68.909950
0.788926	-2.588684	62.211004
0.789531	-4.491360	55.204333
0.790137	-6.438383	48.001095
0.790742	-8.355639	40.358908
0.791348	-10.201818	32.869092
0.791953	-12.105101	25.109236
0.792559	-13.832819	17.017795
0.793164	-15.535021	9.145964
0.793770	-17.085957	1.197948
0.794375	-18.577966	-6.847402
0.794980	-19.980066	-14.783760
0.795586	-21.300761	-22.652608
0.796191	-22.580147	-30.521727
0.796797	-23.674854	-38.284023
0.797402	-24.756196	-45.814779
0.798008	-25.799873	-53.131888
0.798613	-26.630319	-60.200106
0.799219	-27.237207	-67.188883
0.799824	-27.794281	-73.733288
0.800430	-28.274810	-79.696672
0.801035	-28.641737	-85.701268
0.801641	-28.868940	-91.326289
0.802246	-28.963709	-96.399572
0.802852	-29.110116	-101.100058
0.803457	-29.071236	-105.481973
0.804063	-28.828845	-109.359868
0.804668	-28.517808	-112.737808
0.805273	-28.119291	-115.548014
0.805879	-27.514225	-117.974037
0.806484	-26.893972	-120.004760
0.807090	-26.192315	-121.261693
0.807695	-25.377663	-122.246960
0.808301	-24.473710	-122.810628
0.808906	-23.476202	-122.489888
0.809512	-22.372383	-121.818312
0.810117	-21.205992	-120.859344
0.810723	-19.839127	-119.140144
0.811328	-18.502029	-116.996633
0.811934	-16.954131	-114.314940
0.812539	-15.298098	-111.177487
0.813145	-13.710105	-107.539808
0.813750	-12.104494	-103.531503
0.814355	-10.449069	-99.082891
0.814961	-8.695229	-94.357461
0.815566	-6.886108	-89.107677
0.816172	-5.058761	-83.294766
0.816777	-3.153655	-77.571869
0.817383	-1.198735	-71.204238
0.817988	0.688754	-64.359698
0.818594	2.585355	-57.564233
0.819199	4.472844	-50.440164
0.819805	6.306873	-43.166163
0.820410	8.102629	-35.680956
0.821016	9.841889	-28.038226
0.821621	11.575074	-20.231737
0.822227	13.351391	-12.373463
0.822832	15.077285	-4.426802
0.823438	16.622754	3.433099
0.824043	18.258739	11.286493
0.824648	19.655979	19.331572
0.825254	20.988824	26.946918
0.825859	22.279145	34.401759
0.826465	23.414554	42.044760
0.827070	24.540850	49.353736
0.827676	25.538358	56.399450
0.828281	26.462966	63.241007
0.828887	27.389397	69.961913
0.829492	28.070399	76.302974
0.830098	28.661492	82.306756
0.830703	29.115292	87.912257
0.831309	29.454274	93.289199
0.831914	29.652318	98.246440
0.832520	29.770172	102.597176
0.833125	29.737367	106.918359
0.833730	29.624373	110.630054
0.834336	29.347962	113.695931
0.834941	29.027812	116.565242
0.835547	28.448262	118.937039
0.836152	27.814644	120.749507
0.836758	26.971440	121.967127
0.837363	26.038934	122.773994
0.837969	24.976425	123.066809
0.838574	23.839801	122.795413
0.839180	22.557985	122.012134
0.839785	21.294394	120.852534
0.840391	19.796918	119.095918
0.840996	18.290937	116.700804
0.841602	16.722991	114.026703
0.842207	14.958824	111.001766
0.842812	13.200732	107.178910
0.843418	11.377638	103.018232
0.844023	9.509589	98.422942
0.844629	7.575931	93.498236
0.845234	5.628908	88.132410
0.845840	3.789411	82.456417
0.846445	1.835706	76.392988
0.847051	-0.182395	69.933987
0.847656	-2.038293	63.255105
0.848262	-4.018121	56.265243
0.848867	-5.918975	49.130600
0.849473	-7.920672	41.507933
0.850078	-9.652035	33.874693
0.850684	-11.603918	26.295406
0.851289	-13.358972	18.345763
0.851895	-14.979163	10.310986
0.852500	-16.588418	2.367308
0.853105	-18.189169	-5.694038
0.853711	-19.631363	-13.637988
0.854316	-20.990938	-21.601458
0.854922	-22.319531	-29.451327
0.855527	-23.439753	-37.180004
0.856133	-24.574554	-44.774745
0.856738	-25.521032	-52.240973
0.857344	-26.408583	-59.246018
0.857949	-27.170990	-66.212564
0.858555	-27.762083	-72.923981
0.859160	-28.256585	-78.975752
0.859766	-28.754124	-84.869187
0.860371	-29.079741	-90.555753
0.860977	-29.203670	-95.774087
0.861582	-29.333674	-100.558893
0.862187	-29.229792	-104.983917
0.862793	-29.063339	-108.833886
0.863398	-28.847070	-112.305907
0.864004	-28.486218	-115.270654
0.864609	-28.025736	-117.811362
0.865215	-27.429783	-119.890074
0.865820	-26.686209	-121.279316
0.866426	-25.939597	-122.214425
0.867031	-25.030176	-122.977912
0.867637	-23.905094	-122.838011
0.868242	-22.876604	-122.088623
0.868848	-21.627594	-121.039100
0.869453	-20.289889	-119.588855
0.870059	-18.971016	-117.557319
0.870664	-17.502092	-114.904365
0.871270	-15.914706	-111.875090
0.871875	-14.356480	-108.416083
0.872480	-12.675540	-104.399102
0.873086	-10.977590	-99.961335
0.873691	-9.203095	-95.308295
0.874297	-7.330187	-90.101077
0.874902	-5.527140	-84.291691
0.875508	-3.733813	-78.554153
0.876113	-1.801978	-72.272197
0.876719	0.178458	-65.574065
0.877324	2.079311	-58.769923
0.877930	4.011147	-51.574278
0.878535	5.880411	-44.283738
0.879141	7.719300	-36.807479
0.879746	9.537534	-29.174238
0.880352	11.304738	-21.408418
0.880957	13.045820	-13.614129
0.881563	14.749238	-5.658792
0.882168	16.362746	2.214394
0.882773	17.955599	9.956627
0.883379	19.393541	18.045085
0.883984	20.860035	25.748276
0.884590	22.242087	33.274152
0.885195	23.448573	40.867266
0.885801	24.545710	48.295537
0.886406	25.696307	55.399542
0.887012	26.596615	62.277430
0.887617	27.470801	68.955499
0.888223	28.239283	75.357834
0.888828	28.855284	81.398218
0.889434	29.379552	87.068517
0.890039	29.821201	92.522187
0.890645	29.942093	97.524435
0.891250	30.115837	101.950815
0.891855	30.140744	106.364180
0.892461	29.959103	110.230688
0.893066	29.767134	113.371937
0.893672	29.405067	116.264022
0.894277	28.870471	118.649919
0.894883	28.128111	120.504953
0.895488	27.382107	121.907480
0.896094	26.482406	122.768301
0.896699	25.420504	123.100428
0.897305	24.265047	122.936127
0.897910	23.019682	122.205717
0.898516	21.625479	121.041779
0.899121	20.202725	119.434553
0.899727	18.622022	117.005548
0.900332	17.088095	114.441252
0.900937	15.273506	111.515276
0.901543	13.495367	107.737155
0.902148	11.684423	103.623111
0.902754	9.802402	99.224929
0.903359	7.964120	94.379662
0.903965	5.961208	88.984825
0.904570	4.051242	83.278467
0.905176	2.071414	77.295561
0.905781	0.056959	70.937962
0.906387	-1.927122	64.163643
0.906992	-3.923959	57.143415
0.907598	-5.884955	50.165483
0.908203	-7.866605	42.635812
0.908809	-9.683017	34.968409
0.909414	-11.509756	27.460428
0.910020	-13.284250	19.562841
0.910625	-14.965798	11.633261
0.911230	-16.597531	3.601738
0.911836	-18.248096	-4.447679
0.912441	-19.727348	-12.417114
0.913047	-21.110007	-20.393869
0.913652	-22.390608	-28.307453
0.914258	-23.545457	-35.984345
0.914863	-24.654136	-43.609181
0.915469	-25.607297	-51.067817
0.916074	-26.397648	-58.134950
0.916680	-27.232347	-65.086041
0.917285	-27.847133	-71.934918
0.917891	-28.485003	-78.146111
0.918496	-28.869548	-83.999690
0.919102	-29.174510	-89.758647
0.919707	-29.388956	-95.074044
0.920312	-29.389564	-99.776699
0.920918	-29.373769	-104.222871
0.921523	-29.122266	-108.174240
0.922129	-28.902960	-111.747662
0.922734	-28.569445	-114.760126
0.923340	-28.139946	-117.330116
0.923945	-27.527590	-119.663685
0.924551	-26.832008	-121.202046
0.925156	-25.997309	-122.047955
0.925762	-25.114010	-122.785956
0.926367	-24.068511	-122.839367
0.926973	-22.945251	-122.280037
0.927578	-21.674978	-121.223194
0.928184	-20.446622	-119.757223
0.928789	-19.128357	-117.784521
0.929395	-17.572561	-115.292886
0.930000	-16.146769	-112.379653
0.930605	-14.495596	-108.899498
0.931211	-12.741757	-105.009403
0.931816	-10.995815	-100.595495
0.932422	-9.202488	-95.830210
0.933027	-7.362384	-90.866462
0.933633	-5.529570	-85.126213
0.934238	-3.689466	-79.167437
0.934844	-1.802585	-73.137627
0.935449	0.120138	-66.566923
0.936055	2.018562	-59.713708
0.936660	3.955257	-52.673959
0.937266	5.880411	-45.359018
0.937871	7.775797	-37.939966
0.938477	9.581881	-30.300490
0.939082	11.400115	-22.528433
0.939688	13.122365	-14.825784
0.940293	14.800267	-6.899458
0.940898	16.351811	1.058048
0.941504	17.916112	8.712436
0.942109	19.402653	16.679973
0.942715	20.850315	24.623923
0.943320	22.207460	32.232491
0.943926	23.403011	39.692212
0.944531	24.710949	47.128617
0.945137	25.690232	54.297692
0.945742	26.622738	61.178291
0.946348	27.485381	67.839821
0.946953	28.122036	74.207724
0.947559	28.761122	80.413765
0.948164	29.289643	86.054240
0.948770	29.694842	91.533667
0.949375	29.979150	96.841202
0.949980	30.103079	101.432425
0.950586	30.168689	105.560567
0.951191	29.973683	109.547725
0.951797	29.657785	112.956303
0.952402	29.204593	115.764340
0.953008	28.713737	118.208528
0.953613	27.994462	120.152491
0.954219	27.287338	121.604363
0.954824	26.368804	122.571193
0.955430	25.365222	123.002281
0.956035	24.233458	122.964324
0.956641	22.921267	122.316065
0.957246	21.525850	121.062656
0.957852	20.088516	119.650639
0.958457	18.444025	117.497639
0.959063	16.828695	114.644324
0.959668	15.198177	111.731633
0.960273	13.419430	108.277778
0.960879	11.712368	104.286282
0.961484	9.909321	99.873187
0.962090	7.928278	94.998910
0.962695	5.991582	89.761055
0.963301	4.015399	84.131154
0.963906	2.030104	78.142283
0.964512	0.031444	71.776821
0.965117	-1.895532	65.254378
0.965723	-3.853490	58.223576
0.966328	-5.723969	51.196298
0.966934	-7.661272	44.030476
0.967539	-9.447916	36.330539
0.968145	-11.312320	28.501546
0.968750	-13.157284	20.738979
0.969355	-14.886823	12.784998
0.969961	-16.568371	4.738292
0.970566	-18.110195	-3.282657
0.971172	-19.521407	-11.209254
0.971777	-20.873084	-19.139376
0.972383	-22.097795	-27.040759
0.972988	-23.326759	-34.784076
0.973594	-24.334594	-42.314561
0.974199	-25.393458	-49.911200
0.974805	-26.249420	-57.144803
0.975410	-27.131503	-63.962501
0.976016	-27.796103	-70.738175
0.976621	-28.331914	-77.219136
0.977227	-28.715244	-83.207193
0.977832	-28.898707	-88.822454
0.978437	-29.093106	-94.189364
0.979043	-29.185445	-99.143894
0.979648	-29.215213	-103.572172
0.980254	-29.139883	-107.675913
0.980859	-28.779031	-111.277803
0.981465	-28.446731	-114.490629
0.982070	-27.989287	-117.008020
0.982676	-27.415203	-119.120080
0.983281	-26.583542	-120.998974
0.983887	-25.726973	-121.933269
0.984492	-24.807225	-122.415328
0.985098	-23.852242	-122.677235
0.985703	-22.819500	-122.322604
0.986309	-21.670118	-121.480762
0.986914	-20.401668	-120.052207
0.987520	-19.082187	-118.134543
0.988125	-17.561019	-115.690084
0.988730	-15.966343	-112.818061
0.989336	-14.320638	-109.392131
0.989941	-12.677362	-105.567648
0.990547	-10.909550	-101.298792
0.991152	-9.213423	-96.563602
0.991758	-7.455331	-91.703965
0.992363	-5.655322	-86.184141
0.992969	-3.894800	-80.224552
0.993574	-1.924692	-74.118827
0.994180	-0.035381	-67.702664
0.994785	1.862435	-60.893371
0.995391	3.800346	-53.744088
0.995996	5.681760	-46.599684
0.996602	7.541303	-39.193375
0.997207	9.243506	-31.571793
0.997812	10.985196	-23.822239
0.998418	12.718988	-16.077838
0.999023	14.389600	-8.359735
0.999629	16.031053	-0.205664
1.000234	17.639094	7.662100
1.000840	19.113485	15.336551
1.001445	20.615822	23.210008
1.002051	21.936517	30.961459
1.002656	23.037906	38.491402
1.003262	24.237103	45.855144
1.003867	25.245545	52.992498
1.004473	26.130059	59.959586
1.005078	26.992095	66.750985
1.005684	27.824364	73.271260
1.006289	28.528451	79.458593
1.006895	29.013232	85.270690
1.007500	29.455489	90.621333
1.008105	29.621943	95.950829
1.008711	29.759237	100.709336
1.009316	29.771387	104.821482
1.009922	29.590353	108.794270
1.010527	29.355860	112.290963
1.011133	29.044215	115.273876
1.011738	28.536956	117.747345
1.012344	27.883291	119.839071
1.012949	27.080789	121.384752
1.013555	26.275858	122.349142
1.014160	25.239470	122.857501
1.014766	24.060321	122.899796
1.015371	22.777898	122.388726
1.015977	21.452343	121.165954
1.016582	20.072721	119.714354
1.017187	18.566132	117.907037
1.017793	16.981176	115.191996
1.018398	15.357341	112.188207
1.019004	13.535462	108.789932
1.019609	11.847839	104.947284
1.020215	9.975538	100.574044
1.020820	7.992673	95.697327
1.021426	6.100324	90.498785
1.022031	4.129001	84.960795
1.022637	2.260952	79.080645
1.023242	0.385614	72.831224
1.023848	-1.580242	66.307425
1.024453	-3.422776	59.380735
1.025059	-5.349751	52.250702
1.025664	-7.344159	45.155643
1.026270	-9.197020	37.556022
1.026875	-11.013432	29.813518
1.027480	-12.861433	21.962564
1.028086	-14.530831	14.028104
1.028691	-16.124899	6.036166
1.029297	-17.722612	-1.985868
1.029902	-19.111347	-9.896469
1.030508	-20.520129	-17.834454
1.031113	-21.767318	-25.751291
1.031719	-22.995674	-33.664874
1.032324	-24.089773	-41.206746
1.032930	-25.095178	-48.606006
1.033535	-25.950532	-56.146522
1.034141	-26.740883	-63.002178
1.034746	-27.376324	-69.552818
1.035352	-27.916995	-76.090716
1.035957	-28.346494	-82.219757
1.036563	-28.627764	-87.985763
1.037168	-28.828845	-93.392529
1.037773	-28.863473	-98.312898
1.038379	-28.935157	-102.904121
1.038984	-28.788751	-107.062358
1.039590	-28.574305	-110.709255
1.040195	-28.124758	-113.971967
1.040801	-27.670959	-116.711952
1.041406	-27.093231	-118.715291
1.042012	-26.389751	-120.641903
1.042617	-25.626737	-121.875248
1.043223	-24.785963	-122.484736
1.043828	-23.795745	-122.719801
1.044434	-22.778798	-122.432680
1.045039	-21.626379	-121.592465
1.045645	-20.351246	-120.243349
1.046250	-18.991063	-118.408378
1.046855	-17.536111	-116.088637
1.047461	-16.106674	-113.236406
1.048066	-14.542981	-109.970711
1.048672	-12.895453	-106.231904
1.049277	-11.231523	-102.180218
1.049883	-9.529928	-97.288860
1.050488	-7.809501	-92.466910
1.051094	-5.982762	-87.176999
1.051699	-4.178500	-81.252656
1.052305	-2.262459	-75.083488
1.052910	-0.408383	-68.687389
1.053516	1.471816	-62.032636
1.054121	3.372062	-54.978247
1.054727	5.249830	-47.745186
1.055332	6.970865	-40.381443
1.055937	8.775734	-32.961848
1.056543	10.542939	-25.124180
1.057148	12.257291	-17.400112
1.057754	13.967391	-9.674689
1.058359	15.648331	-1.550713
1.058965	17.201090	6.371547
1.059570	18.618984	14.137367
1.060176	19.970662	22.001606
1.060781	21.330844	29.660061
1.061387	22.517890	37.156927
1.061992	23.717086	44.636168
1.062598	24.733426	51.880345
1.063203	25.730934	58.879968
1.063809	26.605728	65.623107
1.064414	27.407014	72.174018
1.065020	28.064932	78.482816
1.065625	28.549106	84.354289
1.066230	29.029635	89.670770
1.066836	29.316980	95.022769
1.067441	29.350392	99.966183
1.068047	29.426329	104.195455
1.068652	29.327915	108.083381
1.069258	29.128657	111.632131
1.069863	28.818226	114.813235
1.070469	28.292743	117.334693
1.071074	27.813429	119.447025
1.071680	27.054059	121.059131
1.072285	26.188378	122.197854
1.072891	25.173253	122.707569
1.073496	24.141118	122.736308
1.074102	22.932810	122.433462
1.074707	21.663752	121.391801
1.075312	20.332729	119.958366
1.075918	18.812168	118.274682
1.076523	17.283709	115.776541
1.077129	15.742493	112.789019
1.077734	14.020243	109.407825
1.078340	12.235421	105.596356
1.078945	10.444524	101.272190
1.079551	8.524839	96.508803
1.080156	6.685950	91.447721
1.080762	4.735889	86.003269
1.081367	2.869055	80.096007
1.081973	0.948155	73.789650
1.082578	-0.929007	67.400057
1.083184	-2.926452	60.658545
1.083789	-4.800575	53.337911
1.084395	-6.709934	46.163413
1.085000	-8.610787	38.798043
1.085605	-10.375562	31.039814
1.086211	-12.250293	23.188318
1.086816	-13.895998	15.257925
1.087422	-15.505254	7.364947
1.088027	-17.060442	-0.692061
1.088633	-18.523899	-8.646585
1.089238	-19.913849	-16.642319
1.089844	-21.253984	-24.522283
1.090449	-22.453788	-32.455659
1.091055	-23.563682	-40.041181
1.091660	-24.613434	-47.352055
1.092266	-25.484583	-54.803371
1.092871	-26.220867	-61.886229
1.093477	-26.958974	-68.544506
1.094082	-27.506328	-75.005675
1.094688	-27.967417	-81.199245
1.095293	-28.373224	-87.030049
1.095898	-28.650849	-92.514357
1.096504	-28.788751	-97.630477
1.097109	-28.825808	-102.291650
1.097715	-28.734076	-106.467240
1.098320	-28.518415	-110.129048
1.098926	-28.197050	-113.520545
1.099531	-27.780308	-116.466042
1.100137	-27.257255	-118.463959
1.100742	-26.673451	-120.465943
1.101348	-25.867305	-121.757851
1.101953	-25.035643	-122.519440
1.102559	-24.127438	-122.797885
1.103164	-23.080723	-122.593728
1.103770	-21.955034	-121.839731
1.104375	-20.705415	-120.584695
1.104980	-19.517154	-118.856547
1.105586	-18.055520	-116.626006
1.106191	-16.555614	-113.902017
1.106797	-15.046595	-110.601889
1.107402	-13.478041	-106.941437
1.108008	-11.781306	-102.975427
1.108613	-10.058449	-98.107114
1.109219	-8.395126	-93.207622
1.109824	-6.518573	-87.974647
1.110430	-4.707021	-82.214606
1.111035	-2.898507	-76.126504
1.111641	-0.961811	-69.717662
1.112246	0.835768	-63.079177
1.112852	2.720827	-56.113716
1.113457	4.610745	-48.920782
1.114062	6.450241	-41.584694
1.114668	8.311608	-34.088100
1.115273	10.123767	-26.289744
1.115879	11.784660	-18.543715
1.116484	13.435832	-10.913999
1.117090	15.126492	-2.920976
1.117695	16.620931	5.110546
1.118301	18.189485	12.887212
1.118906	19.621959	20.666589
1.119512	21.061724	28.386047
1.120117	22.314987	35.934697
1.120723	23.516005	43.419633
1.121328	24.627115	50.688753
1.121934	25.609435	57.770798
1.122539	26.591755	64.600425
1.123145	27.368742	71.075693
1.123750	28.095914	77.412687
1.124355	28.628080	83.499162
1.124961	29.079449	88.850348
1.125566	29.512594	94.230272
1.126172	29.649280	99.369438
1.126777	29.738582	103.690350
1.127383	29.686945	107.685099
1.127988	29.546613	111.320066
1.128594	29.217351	114.460231
1.129199	28.733784	117.108033
1.129805	28.210731	119.300346
1.130410	27.516971	120.927365
1.131016	26.698674	122.128989
1.131621	25.740654	122.750949
1.132227	24.678144	122.875124
1.132832	23.490491	122.627858
1.133438	22.225077	121.588095
1.134043	20.857605	120.166047
1.134648	19.428168	118.546078
1.135254	17.825595	116.098908
1.135859	16.297744	113.259691
1.136465	14.539044	109.955225
1.137070	12.739643	106.202319
1.137676	10.945101	101.944037
1.138281	9.135372	97.305909
1.138887	7.308633	92.261094
1.139492	5.340955	86.858124
1.140098	3.392109	81.067175
1.140703	1.480321	74.716082
1.141309	-0.559649	68.425450
1.141914	-2.534010	61.695868
1.142520	-4.468275	54.520828
1.143125	-6.372774	47.360970
1.143730	-8.233533	39.925379
1.144336	-10.081534	32.195076
1.144941	-11.944115	24.412988
1.145547	-13.649963	16.495609
1.146152	-15.398942	8.460290
1.146758	-16.969318	0.417923
1.147363	-18.498384	-7.608991
1.147969	-19.926606	-15.539113
1.148574	-21.277676	-23.395489
1.149180	-22.449535	-31.422132
1.149785	-23.572794	-39.028260
1.150391	-24.691801	-46.301990
1.150996	-25.630382	-53.843861
1.151602	-26.432276	-60.923195
1.152207	-27.185570	-67.638137
1.152813	-27.816758	-74.253305
1.153418	-28.317334	-80.454465
1.154023	-28.661784	-86.288524
1.154629	-28.945485	-91.803739
1.155234	-29.055441	-96.902508
1.155840	-29.098573	-101.656677
1.156445	-29.076704	-105.914959
1.157051	-28.907820	-109.650513
1.157656	-28.667859	-113.131481
1.158262	-28.218312	-116.074267
1.158867	-27.743251	-118.172771
1.159473	-27.154588	-120.172586
1.160078	-26.391573	-121.670007
1.160684	-25.507060	-122.537334
1.161289	-24.573947	-122.839096
1.161895	-23.611674	-122.682928
1.162500	-22.464722	-122.060969
1.163105	-21.253984	-120.870461
1.163711	-19.954551	-119.154242
1.164316	-18.539086	-117.015883
1.164922	-17.104790	-114.432608
1.165527	-15.516796	-111.168811
1.166133	-13.955533	-107.570174
1.166738	-12.213843	-103.689298
1.167344	-10.480051	-99.016195
1.167949	-8.727426	-94.045397
1.168555	-6.938352	-88.822454
1.169160	-4.979179	-83.131007
1.169766	-3.206507	-77.117464
1.170371	-1.351823	-70.847167
1.170977	0.584872	-64.236066
1.171582	2.489371	-57.309918
1.172187	4.395084	-50.111019
1.172793	6.304443	-42.776286
1.173398	8.142724	-35.337984
1.174004	9.972500	-27.622321
1.174609	11.742135	-19.671865
1.175215	13.405458	-12.103152
1.175820	15.066958	-4.100910
1.176426	16.712663	3.924648
1.177031	18.201027	11.804612
1.177637	19.799348	19.659632
1.178242	21.157708	27.365263
1.178848	22.446813	34.974103
1.179453	23.665449	42.439517
1.180059	24.742539	49.745511
1.180664	25.761309	56.801798
1.181270	26.750312	63.734453
1.181875	27.501784	70.253101
1.182480	28.252648	76.468360
1.183086	28.871686	82.691211
1.183691	29.301793	88.189617
1.184297	29.690590	93.355082
1.184902	29.861296	98.485301
1.185508	29.973683	103.036127
1.186113	29.892278	107.095403
1.186719	29.769564	110.686719
1.187324	29.474929	113.998506
1.187930	29.011410	116.690230
1.188535	28.431252	118.945173
1.189141	27.818289	120.639702
1.189746	27.001207	121.961163
1.190352	26.010990	122.744170
1.190957	24.898058	122.786195
1.191563	23.811856	122.668527
1.192168	22.484478	122.019726
1.192773	21.075088	120.561889
1.193379	19.682101	118.748066
1.193984	18.126305	116.509932
1.194590	16.454478	113.699726
1.195195	14.743770	110.467651
1.195801	12.985071	106.765716
1.196406	11.168052	102.624288
1.197012	9.338883	97.986432
1.197617	7.361485	92.974423
1.198223	5.402919	87.578231
1.198828	3.502066	81.978967
1.199434	1.542893	75.633026
1.200039	-0.393195	69.224183
1.200645	-2.337181	62.755694
1.201250	-4.320046	55.653044
1.201855	-6.297444	48.377145
1.202461	-8.099276	41.033465
1.203066	-10.004382	33.417848
1.203672	-11.868786	25.607834
1.204277	-13.580708	17.707264
1.204883	-15.281696	9.747318
1.205488	-16.954131	1.740197
1.206094	-18.425485	-6.295935
1.206699	-19.856137	-14.370295
1.207305	-21.229684	-22.132049
1.207910	-22.479302	-29.992763
1.208516	-23.638404	-37.917192
1.209121	-24.703951	-45.202037
1.209727	-25.675336	-52.526738
1.210332	-26.531905	-59.728891
1.210937	-27.181925	-66.674831
1.211543	-27.766943	-73.221405
1.212148	-28.336774	-79.455643
1.212754	-28.718889	-85.406827
1.213359	-28.953990	-90.994975
1.213965	-29.121051	-96.154204
1.214570	-29.131986	-100.938468
1.215176	-29.133808	-105.314689
1.215781	-28.910250	-109.155169
1.216387	-28.597390	-112.520095
1.216992	-28.173965	-115.697946
1.217598	-27.622967	-118.048867
1.218203	-27.083511	-119.949450
1.218809	-26.294374	-121.469104
1.219414	-25.412291	-122.435392
1.220020	-24.493757	-122.849399
1.220625	-23.512652	-122.727664
1.221230	-22.297661	-122.255907
1.221836	-21.161645	-121.170867
1.222441	-19.875577	-119.539510
1.223047	-18.439457	-117.330116
1.223652	-16.958991	-114.886199
1.224258	-15.372820	-111.783450
1.224863	-13.771462	-107.973608
1.225469	-12.092952	-104.158614
1.226074	-10.348832	-99.787815
1.226680	-8.586487	-94.908115
1.227285	-6.787086	-89.616849
1.227891	-5.042966	-83.986134
1.228496	-3.102018	-78.032510
1.229102	-1.147705	-71.734286
1.229707	0.686932	-65.173072
1.230312	2.479043	-58.271054
1.230918	4.355597	-51.191450
1.231523	6.223646	-43.896030
1.232129	8.062535	-36.369884
1.232734	9.798149	-28.920737
1.233340	11.558671	-20.938288
1.233945	13.239611	-13.103872
1.234551	14.989198	-5.342661
1.235156	16.607566	2.650904
1.235762	18.104435	10.617628
1.236367	19.573360	18.397819
1.236973	20.952374	26.086369
1.237578	22.313772	33.759736
1.238184	23.382964	41.303234
1.238789	24.513513	48.500507
1.239395	25.518311	55.597192
