LabVIEW Measurement	
Writer_Version	2
Reader_Version	2
Separator	Tab
Decimal_Separator	.
Multi_Headings	No
X_Columns	One
Time_Pref	Absolute
Operator	AlunosGDS-JT
Date	2019/10/09
Time	15:19:08.4651639249999940857
***End_of_Header***	
	
Channels	2		
Samples	2048	2048	
Date	2019/10/09	2019/10/09	
Time	15:40:07.2813162687499850862	15:40:07.2813162687499850862	
Y_Unit_Label	g	Newtons	
X_Dimension	Time	Time	
X0	0.0000000000000000E+0	0.0000000000000000E+0	
Delta_X	0.000605	0.000605	
***End_of_Header***			
X_Value	Acceleration (Trigger)	Force (Trigger)	Comment
0.000000	6.954463	7.990160
0.000605	7.115449	16.520823
0.001211	7.100262	24.873900
0.001816	7.095402	33.087889
0.002422	7.006707	41.112634
0.003027	6.860301	48.999918
0.003633	6.757634	56.545315
0.004238	6.628238	63.709510
0.004844	6.369445	70.792639
0.005449	6.198738	77.341381
0.006055	5.910785	83.264639
0.006660	5.656245	89.159158
0.007266	5.318477	94.577312
0.007871	4.902343	99.177482
0.008477	4.568828	103.317554
0.009082	4.201901	107.041178
0.009687	3.714689	110.180801
0.010293	3.291265	112.677858
0.010898	2.864803	114.639715
0.011504	2.372732	115.980968
0.012109	1.877015	116.800036
0.012715	1.412281	116.730628
0.013320	0.936005	116.341293
0.013926	0.366174	115.419469
0.014531	-0.096738	113.570129
0.015137	-0.551144	111.345823
0.015742	-1.014056	108.597705
0.016348	-1.501875	105.147102
0.016953	-1.966001	101.196546
0.017559	-2.382743	96.757695
0.018164	-2.899722	91.814823
0.018770	-3.268472	86.331872
0.019375	-3.669419	80.431659
0.019980	-4.123218	74.094123
0.020586	-4.481640	67.467567
0.021191	-4.783566	60.287918
0.021797	-5.128015	52.882964
0.022402	-5.424473	45.484246
0.023008	-5.682051	37.439981
0.023613	-5.895282	29.217857
0.024219	-6.203890	21.113673
0.024824	-6.330857	12.789336
0.025430	-6.466328	4.269247
0.026035	-6.595725	-4.193906
0.026641	-6.667409	-12.623169
0.027246	-6.720261	-21.014745
0.027852	-6.634604	-29.359687
0.028457	-6.640679	-37.506709
0.029062	-6.544695	-45.426800
0.029668	-6.380064	-53.169575
0.030273	-6.219685	-60.748862
0.030879	-6.056876	-67.705918
0.031484	-5.906825	-74.470746
0.032090	-5.585460	-80.999697
0.032695	-5.333956	-87.033845
0.033301	-4.928149	-92.510561
0.033906	-4.567905	-97.535312
0.034512	-4.256867	-102.115419
0.035117	-3.806105	-106.141619
0.035723	-3.410626	-109.604151
0.036328	-2.940424	-112.500846
0.036934	-2.483588	-114.844717
0.037539	-2.003666	-116.465229
0.038145	-1.565054	-117.582262
0.038750	-1.017701	-118.205848
0.039355	-0.491610	-117.779370
0.039961	-0.077905	-117.011816
0.040566	0.430568	-115.766812
0.041172	1.003437	-113.677526
0.041777	1.361252	-111.102385
0.042383	1.912858	-107.946224
0.042988	2.390956	-104.212839
0.043594	2.888495	-99.900061
0.044199	3.296732	-95.083804
0.044805	3.725017	-89.833477
0.045410	4.142974	-84.162365
0.046016	4.557893	-77.946834
0.046621	4.970990	-71.240569
0.047227	5.274738	-64.478451
0.047832	5.594280	-56.960167
0.048438	5.912608	-49.254536
0.049043	6.168971	-41.496036
0.049648	6.408324	-33.427911
0.050254	6.732727	-25.144243
0.050859	6.820206	-16.802011
0.051465	6.962360	-8.350246
0.052070	7.131851	0.216206
0.052676	7.219331	8.629201
0.053281	7.197461	17.117568
0.053887	7.274005	25.426452
0.054492	7.239378	33.610617
0.055098	7.173161	41.811322
0.055703	7.113627	49.336655
0.056309	6.970258	56.998635
0.056914	6.768569	64.353973
0.057520	6.526178	71.208002
0.058125	6.314163	77.738037
0.058730	5.974573	83.773811
0.059336	5.720032	89.517043
0.059941	5.388947	94.730497
0.060547	4.985570	99.429085
0.061152	4.683645	103.597354
0.061758	4.155731	107.235304
0.062363	3.711044	110.283286
0.062969	3.237198	112.694397
0.063574	2.839896	114.850108
0.064180	2.261560	115.960092
0.064785	1.837528	116.575816
0.065391	1.282885	116.796511
0.065996	0.777448	116.322314
0.066602	0.312107	115.139398
0.067207	-0.229779	113.430771
0.067812	-0.704841	111.171490
0.068418	-1.270419	108.231958
0.069023	-1.711461	104.767257
0.069629	-2.209000	100.818870
0.070234	-2.707753	96.309255
0.070840	-3.164590	91.313243
0.071445	-3.643904	85.634268
0.072051	-3.997466	79.960173
0.072656	-4.430611	73.632126
0.073262	-4.792070	66.656363
0.073867	-5.181475	59.667856
0.074473	-5.525925	52.350747
0.075078	-5.867945	44.709643
0.075684	-6.144963	36.702522
0.076289	-6.309594	28.661239
0.076895	-6.529508	20.396007
0.077500	-6.719046	12.057571
0.078105	-6.842368	3.557003
0.078711	-6.913445	-4.880394
0.079316	-7.024009	-13.228047
0.079922	-7.028869	-21.839777
0.080527	-6.991204	-30.016080
0.081133	-6.962652	-37.990124
0.081738	-6.900687	-46.105696
0.082344	-6.682597	-53.783130
0.082949	-6.592687	-61.245291
0.083555	-6.324174	-68.288293
0.084160	-6.096363	-75.048242
0.084766	-5.747053	-81.411806
0.085371	-5.535645	-87.413962
0.085977	-5.174793	-92.989638
0.086582	-4.830950	-97.989175
0.087188	-4.437293	-102.501230
0.087793	-3.990176	-106.352283
0.088398	-3.516330	-109.971796
0.089004	-2.978696	-112.774139
0.089609	-2.484195	-114.747926
0.090215	-1.986049	-116.557682
0.090820	-1.476967	-117.642994
0.091426	-1.010411	-117.978104
0.092031	-0.545677	-117.744666
0.092637	0.049669	-116.937257
0.093242	0.676604	-115.499483
0.093848	1.179610	-113.444630
0.094453	1.637662	-110.783000
0.095059	2.154641	-107.595389
0.095664	2.708069	-103.813744
0.096270	3.105371	-99.387635
0.096875	3.673380	-94.688776
0.097480	4.044559	-89.450920
0.098086	4.494106	-83.380170
0.098691	4.884118	-77.214798
0.099297	5.257728	-70.681781
0.099902	5.619795	-63.651792
0.100508	5.955133	-56.333327
0.101113	6.267993	-48.689513
0.101719	6.494589	-40.852386
0.102324	6.789831	-32.747660
0.102930	7.049232	-24.438777
0.103535	7.190779	-16.111186
0.104141	7.329895	-7.747807
0.104746	7.461114	0.897271
0.105352	7.486021	9.321111
0.105957	7.606305	17.593663
0.106563	7.589903	26.107788
0.107168	7.537051	34.375189
0.107773	7.459899	42.369838
0.108379	7.398542	50.194493
0.108984	7.193816	57.680513
0.109590	6.987875	64.858265
0.110195	6.741232	71.753504
0.110801	6.469681	78.243955
0.111406	6.240048	84.321212
0.112012	5.892561	89.951384
0.112617	5.534138	95.025480
0.113223	5.159314	99.824114
0.113828	4.718272	104.036034
0.114434	4.249285	107.317997
0.115039	3.842263	110.495576
0.115645	3.335612	113.101626
0.116250	2.827138	114.830858
0.116855	2.378807	116.016486
0.117461	1.853323	116.710293
0.118066	1.278025	116.783497
0.118672	0.803571	116.185667
0.119277	0.228272	114.980248
0.119883	-0.269874	113.258065
0.120488	-0.838490	110.939136
0.121094	-1.333599	107.858890
0.121699	-1.790435	104.412084
0.122305	-2.379706	100.550728
0.122910	-2.828037	95.802523
0.123516	-3.346231	90.692368
0.124121	-3.781805	85.357179
0.124727	-4.225885	79.414400
0.125332	-4.614074	73.014233
0.125938	-4.952449	66.241000
0.126543	-5.329097	59.159498
0.127148	-5.734904	51.726889
0.127754	-6.024071	44.062198
0.128359	-6.228797	36.067819
0.128965	-6.507638	28.060427
0.129570	-6.754281	19.604594
0.130176	-6.887930	11.264260
0.130781	-7.042841	3.067894
0.131387	-7.172845	-5.625986
0.131992	-7.222053	-14.081819
0.132598	-7.242100	-22.398564
0.133203	-7.259110	-30.705007
0.133809	-7.258502	-38.848505
0.134414	-7.042234	-46.714370
0.135020	-6.946250	-54.367403
0.135625	-6.776151	-61.827666
0.136230	-6.555022	-68.926792
0.136836	-6.295622	-75.698127
0.137441	-6.072064	-81.960291
0.138047	-5.694809	-87.976545
0.138652	-5.362509	-93.580690
0.139258	-4.961562	-98.235085
0.139863	-4.586737	-102.798653
0.140469	-4.104386	-106.812381
0.141074	-3.652409	-110.163210
0.141680	-3.231415	-112.883945
0.142285	-2.683454	-115.072733
0.142891	-2.192597	-116.694871
0.143496	-1.658609	-117.669022
0.144102	-1.198127	-118.012266
0.144707	-0.656849	-117.789943
0.145313	-0.044493	-116.916651
0.145918	0.439681	-115.343858
0.146523	0.997969	-113.348923
0.147129	1.572053	-110.716033
0.147734	2.038609	-107.210934
0.148340	2.548905	-103.402448
0.148945	2.989947	-99.220623
0.149551	3.531833	-94.282902
0.150156	3.969230	-88.889964
0.150762	4.433356	-83.079222
0.151367	4.859818	-76.830886
0.151973	5.241325	-70.122180
0.152578	5.586990	-63.118490
0.153184	5.965460	-55.768575
0.153789	6.299583	-48.134521
0.154395	6.643425	-40.146920
0.155000	6.811094	-32.044363
0.155605	7.065634	-24.021516
0.156211	7.226621	-15.436357
0.156816	7.481769	-6.859874
0.157422	7.568641	1.558544
0.158027	7.662195	10.061552
0.158633	7.708972	18.520638
0.159238	7.721122	26.831419
0.159844	7.653083	35.034021
0.160449	7.611165	43.034636
0.161055	7.543126	50.830009
0.161660	7.424664	58.313589
0.162266	7.185919	65.344120
0.162871	6.972688	72.325848
0.163477	6.701745	78.853443
0.164082	6.360332	84.609688
0.164687	6.130091	90.423683
0.165293	5.745547	95.701936
0.165898	5.372544	100.234597
0.166504	4.955195	104.313937
0.167109	4.484994	107.815239
0.167715	4.099841	110.859426
0.168320	3.561600	113.214413
0.168926	3.107801	114.995702
0.169531	2.603580	116.235012
0.170137	2.080526	116.867546
0.170742	1.573268	116.745811
0.171348	1.014979	116.103517
0.171953	0.510758	115.073786
0.172559	-0.008651	113.075598
0.173164	-0.503152	110.634121
0.173770	-1.080273	107.838285
0.174375	-1.541969	104.268117
0.174980	-2.077173	100.162749
0.175586	-2.630601	95.543871
0.176191	-3.088046	90.499056
0.176797	-3.516937	84.948052
0.177402	-4.032094	78.951590
0.178008	-4.413601	72.523769
0.178613	-4.821230	65.762736
0.179219	-5.244047	58.513137
0.179824	-5.580600	51.045282
0.180430	-5.931732	43.586374
0.181035	-6.294407	35.402208
0.181641	-6.518573	27.283384
0.182246	-6.761571	19.100845
0.182852	-6.909192	10.712251
0.183457	-7.027654	2.285700
0.184062	-7.186210	-6.206464
0.184668	-7.374534	-14.675853
0.185273	-7.411591	-23.064446
0.185879	-7.392151	-31.351097
0.186484	-7.321682	-39.510048
0.187090	-7.297382	-47.314098
0.187695	-7.150976	-55.057957
0.188301	-6.957184	-62.551840
0.188906	-6.788301	-69.376587
0.189512	-6.506423	-76.189405
0.190117	-6.236087	-82.644067
0.190723	-5.944489	-88.446675
0.191328	-5.597002	-93.869166
0.191934	-5.244047	-98.827763
0.192539	-4.844923	-103.274206
0.193145	-4.365609	-107.082692
0.193750	-3.886295	-110.420236
0.194355	-3.436140	-113.151544
0.194961	-2.936779	-115.362294
0.195566	-2.434988	-116.848328
0.196172	-1.896139	-117.839017
0.196777	-1.303831	-118.239197
0.197383	-0.808722	-117.645163
0.197988	-0.350671	-116.830162
0.198594	0.229487	-115.429533
0.199199	0.733709	-113.249420
0.199805	1.368542	-110.403426
0.200410	1.873978	-107.097604
0.201016	2.427406	-103.278273
0.201621	2.923123	-98.850809
0.202227	3.316172	-93.974091
0.202832	3.827683	-88.563801
0.203437	4.266295	-82.766073
0.204043	4.707337	-76.400882
0.204648	5.116181	-69.627649
0.205254	5.486754	-62.812662
0.205859	5.902281	-55.216023
0.206465	6.224253	-47.501445
0.207070	6.546833	-39.660251
0.207676	6.836609	-31.498047
0.208281	6.988483	-23.229832
0.208887	7.250313	-14.838527
0.209492	7.467189	-6.384050
0.210098	7.569856	2.175081
0.210703	7.660980	10.667515
0.211309	7.780049	19.159407
0.211914	7.792199	27.379091
0.212520	7.779442	35.592538
0.213125	7.712010	43.728986
0.213730	7.541303	51.225037
0.214336	7.426487	58.806222
0.214941	7.298913	66.197078
0.215547	7.030400	72.897650
0.216152	6.808056	79.297274
0.216758	6.545618	85.302141
0.217363	6.232758	90.917943
0.217969	5.865831	96.039486
0.218574	5.535353	100.584618
0.219180	5.098564	104.646335
0.219785	4.642942	108.156043
0.220391	4.164843	111.051924
0.220996	3.661837	113.379799
0.221602	3.217758	115.267369
0.222207	2.684377	116.216033
0.222812	2.228148	116.806814
0.223418	1.635840	116.928007
0.224023	1.164423	116.222540
0.224629	0.612210	114.917347
0.225234	0.098876	113.079665
0.225840	-0.481282	110.658251
0.226445	-1.000083	107.569058
0.227051	-1.504305	103.984249
0.227656	-2.034648	99.940969
0.228262	-2.552842	95.269764
0.228867	-3.001174	90.127073
0.229473	-3.434318	84.499612
0.230078	-3.943399	78.653895
0.230684	-4.448836	71.951696
0.231289	-4.748331	65.138878
0.231895	-5.139558	58.214628
0.232500	-5.507700	50.657031
0.233105	-5.835748	43.009421
0.233711	-6.142533	34.974645
0.234316	-6.302912	26.860158
0.234922	-6.666194	18.533110
0.235527	-6.840545	10.122013
0.236133	-6.932885	1.654793
0.236738	-7.126068	-6.792906
0.237344	-7.214155	-15.303506
0.237949	-7.269437	-23.779673
0.238555	-7.265185	-31.838850
0.239160	-7.177705	-40.083748
0.239766	-7.101161	-48.092767
0.240371	-6.970549	-55.572009
0.240977	-6.830825	-62.924365
0.241582	-6.597547	-69.988515
0.242187	-6.372166	-76.701830
0.242793	-6.115196	-82.981617
0.243398	-5.798083	-88.884812
0.244004	-5.395314	-94.274497
0.244609	-5.121333	-99.141183
0.245215	-4.676646	-103.524996
0.245820	-4.277522	-107.426207
0.246426	-3.775123	-110.840208
0.247031	-3.404551	-113.350279
0.247637	-2.910049	-115.529307
0.248242	-2.316526	-117.106981
0.248848	-1.854222	-117.884566
0.249453	-1.293504	-118.147557
0.250059	-0.794750	-117.817056
0.250664	-0.257116	-116.833687
0.251270	0.232525	-115.288819
0.251875	0.818758	-113.053669
0.252480	1.331484	-110.301483
0.253086	1.768274	-106.993221
0.253691	2.308945	-103.038870
0.254297	2.784614	-98.617099
0.254902	3.220795	-93.823617
0.255508	3.725624	-88.157656
0.256113	4.136899	-82.280760
0.256719	4.562753	-76.159310
0.257324	4.952158	-69.295521
0.257930	5.319085	-62.135935
0.258535	5.623440	-54.778157
0.259141	5.940553	-47.109941
0.259746	6.257058	-39.136439
0.260352	6.541973	-30.980199
0.260957	6.742447	-22.694361
0.261562	7.001847	-14.304954
0.262168	7.129421	-5.798964
0.262773	7.232088	2.707841
0.263379	7.305595	11.046818
0.263984	7.481161	19.729582
0.264590	7.388215	28.033585
0.265195	7.373635	36.050196
0.265801	7.359055	44.121574
0.266406	7.188956	51.883870
0.267012	7.083252	59.341693
0.267617	6.922873	66.470100
0.268223	6.769177	73.347717
0.268828	6.500664	79.743545
0.269434	6.189018	85.684426
0.270039	5.879803	91.214825
0.270645	5.529278	96.350737
0.271250	5.181791	100.953077
0.271855	4.819724	104.739060
0.272461	4.359242	108.400326
0.273066	3.919415	111.374020
0.273672	3.463186	113.590192
0.274277	3.042799	115.287161
0.274883	2.547690	116.407718
0.275488	2.027067	116.968133
0.276094	1.548968	116.828504
0.276699	0.999792	116.128189
0.277305	0.534450	114.843872
0.277910	0.002892	112.958472
0.278516	-0.486142	110.380077
0.279121	-0.956951	107.410721
0.279727	-1.458743	103.818050
0.280332	-1.862120	99.497138
0.280938	-2.384566	95.055846
0.281543	-2.886965	90.003983
0.282148	-3.318894	84.243670
0.282754	-3.716803	78.183765
0.283359	-4.143265	71.728019
0.283965	-4.513838	64.876701
0.284570	-4.814548	57.713048
0.285176	-5.244655	50.225943
0.285781	-5.505878	42.533326
0.286387	-5.848505	34.503430
0.286992	-6.079961	26.275885
0.287598	-6.316277	17.995741
0.288203	-6.474226	9.694991
0.288809	-6.644324	1.024157
0.289414	-6.743346	-7.423813
0.290020	-6.811993	-15.656510
0.290625	-6.921342	-24.164128
0.291230	-6.881248	-32.424208
0.291836	-6.877603	-40.507516
0.292441	-6.817461	-48.347896
0.293047	-6.635819	-55.996862
0.293652	-6.523433	-63.391513
0.294258	-6.255527	-70.359414
0.294863	-6.110943	-77.024740
0.295469	-5.774391	-83.327301
0.296074	-5.484008	-89.263031
0.296680	-5.159605	-94.479739
0.297285	-4.824875	-99.430744
0.297891	-4.463415	-103.944968
0.298496	-4.019336	-107.468232
0.299102	-3.620212	-110.835870
0.299707	-3.123888	-113.517563
0.300312	-2.636676	-115.596546
0.300918	-2.126988	-117.030795
0.301523	-1.674404	-117.935537
0.302129	-1.195090	-118.184701
0.302734	-0.684186	-117.804855
0.303340	-0.194544	-116.743403
0.303945	0.282947	-115.205855
0.304551	0.839413	-113.094337
0.305156	1.354569	-110.026563
0.305762	1.773741	-106.777406
0.306367	2.403714	-102.959972
0.306973	2.837466	-98.337299
0.307578	3.254815	-93.328544
0.308184	3.721372	-87.878127
0.308789	4.063392	-82.030784
0.309395	4.527518	-75.630888
0.310000	4.848276	-68.857113
0.310605	5.187866	-61.810856
0.311211	5.578485	-54.341917
0.311816	5.871906	-46.639269
0.312422	6.176869	-38.727854
0.313027	6.435662	-30.638582
0.313633	6.596040	-22.127711
0.314238	6.777682	-13.874137
0.314844	6.908293	-5.466836
0.315449	7.032830	3.221893
0.316055	7.148254	11.763672
0.316660	7.207181	20.188867
0.317266	7.225406	28.465758
0.317871	7.192601	36.683814
0.318477	7.166479	44.646471
0.319082	7.006707	52.381926
0.319688	6.879741	59.766545
0.320293	6.671370	66.930470
0.320898	6.417437	73.698552
0.321504	6.223038	79.930621
0.322109	6.000087	86.168383
0.322715	5.598533	91.585181
0.323320	5.271700	96.443733
0.323926	4.894445	101.147744
0.324531	4.508078	105.110501
0.325137	4.105916	108.523959
0.325742	3.650295	111.355041
0.326348	3.194673	113.677223
0.326953	2.675872	115.288787
0.327559	2.281000	116.367321
0.328164	1.793181	116.897641
0.328770	1.265875	116.790817
0.329375	0.815721	115.998863
0.329980	0.329117	114.523945
0.330586	-0.168422	112.866832
0.331191	-0.704841	110.313110
0.331797	-1.212707	107.054192
0.332402	-1.699311	103.439560
0.333008	-2.140960	99.389772
0.333613	-2.629994	94.662987
0.334219	-3.033978	89.485592
0.334824	-3.501750	83.813124
0.335430	-3.882650	77.775723
0.336035	-4.293924	71.244332
0.336641	-4.652347	64.374307
0.337246	-5.027171	57.213637
0.337852	-5.338816	49.731141
0.338457	-5.617657	41.763333
0.339062	-5.879487	33.992361
0.339668	-6.101831	25.896310
0.340273	-6.259172	17.397369
0.340879	-6.425626	9.042666
0.341484	-6.633389	0.587918
0.342090	-6.640679	-7.824264
0.342695	-6.719046	-16.305040
0.343301	-6.731196	-24.636698
0.343906	-6.681989	-32.852585
0.344512	-6.603015	-40.968699
0.345117	-6.578715	-48.911021
0.345723	-6.419551	-56.478921
0.346328	-6.222722	-63.709271
0.346934	-6.027716	-70.952363
0.347539	-5.792616	-77.424648
0.348145	-5.502233	-83.521155
0.348750	-5.183905	-89.499994
0.349355	-4.925719	-94.851179
0.349961	-4.575195	-99.678010
0.350566	-4.183360	-103.998108
0.351172	-3.666989	-107.763215
0.351777	-3.245994	-110.954893
0.352383	-2.787943	-113.556333
0.352988	-2.308021	-115.595461
0.353594	-1.793473	-117.148463
0.354199	-1.336636	-117.906527
0.354805	-0.875547	-117.969970
0.355410	-0.374363	-117.833052
0.356016	0.145653	-116.626006
0.356621	0.655949	-114.790221
0.357227	1.153488	-112.669756
0.357832	1.697197	-109.809392
0.358438	2.104219	-106.392138
0.359043	2.582318	-102.444022
0.359648	3.022144	-97.961520
0.360254	3.419446	-92.960357
0.360859	3.820393	-87.448123
0.361465	4.252323	-81.524865
0.362070	4.672102	-75.236673
0.362676	5.031739	-68.375324
0.363281	5.310580	-61.187270
0.363887	5.668395	-53.945262
0.364492	5.929618	-46.092682
0.365098	6.201168	-37.926952
0.365703	6.419867	-29.901394
0.366309	6.637350	-21.614743
0.366914	6.811701	-13.185481
0.367520	6.888853	-4.696842
0.368125	7.002455	3.839243
0.368730	7.067457	12.327882
0.369336	7.119702	20.725694
0.369941	7.056522	29.046507
0.370547	7.027970	37.095652
0.371152	6.864553	45.142358
0.371758	6.802589	52.935562
0.372363	6.632490	60.052311
0.372969	6.534076	67.249312
0.373574	6.205421	74.240801
0.374180	5.891953	80.488866
0.374785	5.707882	86.359255
0.375391	5.326982	91.873386
0.375996	4.963700	96.874008
0.376602	4.680607	101.360577
0.377207	4.217695	105.248503
0.377812	3.789411	108.657352
0.378418	3.410334	111.512294
0.379023	2.929805	113.630047
0.379629	2.457781	115.328914
0.380234	2.063516	116.505323
0.380840	1.500976	116.741744
0.381445	1.066616	116.600488
0.382051	0.540525	116.008894
0.382656	0.067286	114.576543
0.383262	-0.369503	112.581609
0.383867	-0.879799	110.039816
0.384473	-1.353646	106.905887
0.385078	-1.821417	103.181178
0.385684	-2.294049	98.964649
0.386289	-2.750886	94.259011
0.386895	-3.238704	89.063723
0.387500	-3.595912	83.267622
0.388105	-4.007794	77.179791
0.388711	-4.365001	70.862047
0.389316	-4.715526	63.738249
0.389922	-5.029601	56.495157
0.390527	-5.335779	49.227934
0.391133	-5.658359	41.462384
0.391738	-5.891637	33.361454
0.392344	-6.140103	25.178644
0.392949	-6.251882	16.954080
0.393555	-6.435953	8.531054
0.394160	-6.613950	0.018285
0.394766	-6.672269	-8.430498
0.395371	-6.727551	-16.824515
0.395977	-6.743346	-25.281974
0.396582	-6.614557	-33.563745
0.397187	-6.622454	-41.419036
0.397793	-6.506423	-49.407450
0.398398	-6.371559	-57.058043
0.399004	-6.160758	-64.245826
0.399609	-5.947527	-71.249787
0.400215	-5.700276	-77.866582
0.400820	-5.431156	-84.061506
0.401426	-5.090351	-89.807178
0.402031	-4.756228	-95.178969
0.402637	-4.402058	-99.935036
0.403242	-3.991391	-104.195216
0.403848	-3.605632	-107.855397
0.404453	-3.128748	-111.154712
0.405059	-2.625741	-113.797634
0.405664	-2.196850	-115.554250
0.406270	-1.746088	-117.088544
0.406875	-1.161070	-117.964005
0.407480	-0.733393	-117.993287
0.408086	-0.263191	-117.458087
0.408691	0.236170	-116.458993
0.409297	0.761654	-114.787781
0.409902	1.247650	-112.430624
0.410508	1.793181	-109.501395
0.411113	2.225110	-106.110169
0.411719	2.740266	-102.078004
0.412324	3.098689	-97.464278
0.412930	3.528188	-92.590543
0.413535	3.941285	-87.130908
0.414141	4.306390	-80.937880
0.414746	4.734067	-74.576214
0.415352	5.087022	-67.958606
0.415957	5.469136	-60.661559
0.416563	5.754052	-53.229493
0.417168	6.017705	-45.497563
0.417773	6.321452	-37.478783
0.418379	6.561413	-29.282959
0.418984	6.699315	-20.998748
0.419590	6.861516	-12.602563
0.420195	6.954463	-4.184146
0.420801	7.059559	4.474217
0.421406	7.131244	12.864980
0.422012	7.203536	21.189317
0.422617	7.212648	29.752786
0.423223	7.078392	37.737404
0.423828	7.028577	45.665900
0.424434	6.817776	53.362041
0.425039	6.719362	60.794379
0.425645	6.517066	67.845244
0.426250	6.272853	74.585400
0.426855	6.074809	80.916430
0.427461	5.720032	86.820709
0.428066	5.375582	92.239676
0.428672	5.071227	97.177396
0.429277	4.665420	101.705176
0.429883	4.278445	105.484652
0.430488	3.850768	108.719439
0.431094	3.338042	111.771760
0.431699	2.897608	113.953228
0.432305	2.458388	115.396695
0.432910	1.951130	116.427782
0.433516	1.531350	116.849923
0.434121	1.020447	116.651731
0.434727	0.495570	115.742379
0.435332	0.005322	114.347985
0.435937	-0.477637	112.363353
0.436543	-0.985504	109.764896
0.437148	-1.514025	106.460701
0.437754	-1.968431	102.894600
0.438359	-2.427090	98.627370
0.438965	-2.865702	93.667689
0.439570	-3.278799	88.648089
0.440176	-3.719233	82.992430
0.440781	-4.122003	76.805368
0.441387	-4.564260	70.225989
0.441992	-4.866185	63.333189
0.442598	-5.224607	56.074371
0.443203	-5.603684	48.517316
0.443809	-5.884955	40.804907
0.444414	-6.081783	32.780163
0.445020	-6.288939	24.556684
0.445625	-6.507638	16.129591
0.446230	-6.632782	7.817725
0.446836	-6.753066	-0.590932
0.447441	-6.920735	-9.357744
0.448047	-6.907370	-17.519949
0.448652	-6.895220	-25.758611
0.449258	-6.867275	-34.123346
0.449863	-6.740916	-42.191199
0.450469	-6.647969	-49.936414
0.451074	-6.507030	-57.512990
0.451680	-6.309594	-64.827659
0.452285	-6.143748	-71.790680
0.452891	-5.835748	-78.373856
0.453496	-5.602469	-84.477140
0.454102	-5.273814	-90.377353
0.454707	-4.850390	-95.543903
0.455313	-4.516268	-100.181759
0.455918	-4.091628	-104.644198
0.456523	-3.683391	-108.275098
0.457129	-3.204685	-111.212462
0.457734	-2.726586	-113.820138
0.458340	-2.274002	-115.757051
0.458945	-1.783753	-117.120266
0.459551	-1.284391	-117.863960
0.460156	-0.798395	-117.982713
0.460762	-0.305716	-117.456460
0.461367	0.251357	-116.265139
0.461973	0.721559	-114.586878
0.462578	1.347279	-112.309703
0.463184	1.700842	-109.322724
0.463789	2.235438	-105.666067
0.464395	2.724472	-101.883608
0.465000	3.174626	-97.218910
0.465605	3.604125	-91.979970
0.466211	4.006287	-86.479666
0.466816	4.464946	-80.449043
0.467422	4.819724	-74.071922
0.468027	5.240718	-67.158517
0.468633	5.599140	-60.031466
0.469238	5.918075	-52.583132
0.469844	6.198131	-44.781794
0.470449	6.465429	-36.762472
0.471055	6.664080	-28.669133
0.471660	6.915583	-20.342356
0.472266	7.043765	-11.797594
0.472871	7.177414	-3.502267
0.473477	7.268538	5.031649
0.474082	7.359662	13.662899
0.474687	7.403402	21.989134
0.475293	7.428309	30.300458
0.475898	7.354802	38.458324
0.476504	7.249098	46.392242
0.477109	7.269753	54.055578
0.477715	6.971473	61.385430
0.478320	6.804411	68.447411
0.478926	6.579638	75.183230
0.479531	6.304443	81.285430
0.480137	6.000695	87.181847
0.480742	5.636198	92.832083
0.481348	5.338525	97.598452
0.481953	4.897483	101.899844
0.482559	4.573688	105.834945
0.483164	4.100449	109.159746
0.483770	3.658800	111.927656
0.484375	3.174018	114.020738
0.484980	2.676479	115.579433
0.485586	2.133378	116.532165
0.486191	1.634625	116.862937
0.486797	1.140731	116.592625
0.487402	0.669314	115.720147
0.488008	0.131073	114.184497
0.488613	-0.385298	112.088433
0.489219	-0.887697	109.689794
0.489824	-1.428975	106.291248
0.490430	-1.879737	102.523430
0.491035	-2.323816	98.315035
0.491641	-2.817103	93.501218
0.492246	-3.303099	88.185550
0.492852	-3.750216	82.456959
0.493457	-4.179715	76.297823
0.494063	-4.572765	69.729559
0.494668	-4.967637	62.703909
0.495273	-5.340639	55.470306
0.495879	-5.687519	47.988895
0.496484	-6.026501	40.094019
0.497090	-6.192348	31.941303
0.497695	-6.452356	24.020128
0.498301	-6.740916	15.609302
0.498906	-6.849050	7.037700
0.499512	-6.974802	-1.314292
0.500117	-7.093263	-9.817572
0.500723	-7.143686	-18.199387
0.501328	-7.167985	-26.571714
0.501934	-7.159480	-34.800615
0.502539	-7.093263	-42.864944
0.503145	-7.001532	-50.671433
0.503750	-6.875780	-58.191073
0.504355	-6.644932	-65.361504
0.504961	-6.372774	-72.428094
0.505566	-6.106083	-79.080406
0.506172	-5.876450	-84.969503
0.506777	-5.564197	-90.800036
0.507383	-5.200307	-96.066360
0.507988	-4.863147	-100.720755
0.508594	-4.385656	-104.869232
0.509199	-3.993821	-108.551916
0.509805	-3.505395	-111.660631
0.510410	-3.010894	-114.088009
0.511016	-2.501205	-115.958497
0.511621	-2.041938	-117.325236
0.512227	-1.486687	-118.061881
0.512832	-1.025598	-117.968343
0.513437	-0.469740	-117.397897
0.514043	0.085511	-116.425102
0.514648	0.565432	-114.412545
0.515254	1.085449	-111.936093
0.515859	1.600605	-109.006592
0.516465	2.074451	-105.497156
0.517070	2.555588	-101.423781
0.517676	3.074996	-96.779959
0.518281	3.557348	-91.663026
0.518887	3.904228	-86.074064
0.519492	4.375644	-80.029342
0.520098	4.802714	-73.577933
0.520703	5.165996	-66.836150
0.521309	5.559046	-59.488132
0.521914	5.856111	-51.935145
0.522520	6.182943	-44.431772
0.523125	6.545011	-36.229170
0.523730	6.675015	-27.893446
0.524336	6.909508	-19.653971
0.524941	7.071709	-11.236366
0.525547	7.289193	-2.775111
0.526152	7.380925	5.825231
0.526758	7.443497	14.236328
0.527363	7.509714	22.642002
0.527969	7.597801	30.981251
0.528574	7.506069	39.163248
0.529180	7.437422	46.931780
0.529785	7.369382	54.574239
0.530391	7.112412	62.068122
0.530996	6.903433	68.883380
0.531602	6.730297	75.571480
0.532207	6.478186	81.977069
0.532813	6.244301	87.795673
0.533418	5.879803	93.139538
0.534023	5.543251	98.066956
0.534629	5.111321	102.386783
0.535234	4.791171	106.204759
0.535840	4.238350	109.440631
0.536445	3.817963	112.143471
0.537051	3.321640	114.333073
0.537656	2.872700	115.662397
0.538262	2.386097	116.494478
0.538867	1.871548	117.091766
0.539473	1.339382	116.563615
0.540078	0.920817	115.549338
0.540684	0.322434	114.199138
0.541289	-0.185432	112.182785
0.541895	-0.749795	109.391557
0.542500	-1.142845	106.116915
0.543105	-1.740621	102.297583
0.543711	-2.252739	98.017069
0.544316	-2.724156	93.180207
0.544922	-3.149403	87.756631
0.545527	-3.581939	82.066540
0.546133	-4.064898	75.748253
0.546738	-4.443976	69.152064
0.547344	-4.785388	62.400249
0.547949	-5.242225	54.898233
0.548555	-5.539290	47.375069
0.549160	-5.877665	39.579696
0.549766	-6.084213	31.552782
0.550371	-6.331464	23.330659
0.550977	-6.617594	14.967280
0.551582	-6.785263	6.569739
0.552187	-6.895220	-1.949808
0.552793	-7.008822	-10.461492
0.553398	-7.124246	-18.863371
0.554004	-7.149153	-27.135382
0.554609	-7.123031	-35.519366
0.555215	-7.029476	-43.524590
0.555820	-7.001532	-51.088151
0.556426	-6.865453	-58.871866
0.557031	-6.657082	-66.088389
0.557637	-6.500955	-72.958143
0.558242	-6.245200	-79.461607
0.558848	-6.016781	-85.608272
0.559453	-5.697846	-91.303243
0.560059	-5.311479	-96.446747
0.560664	-4.989507	-101.127984
0.561270	-4.610429	-105.292728
0.561875	-4.136583	-108.900583
0.562480	-3.701616	-111.862889
0.563086	-3.236882	-114.429083
0.563691	-2.736306	-116.341325
0.564297	-2.221149	-117.319271
0.564902	-1.758238	-118.024466
0.565508	-1.257054	-118.163824
0.566113	-0.712738	-117.420672
0.566719	-0.164777	-116.233417
0.567324	0.343697	-114.441555
0.567930	0.913527	-111.903287
0.568535	1.395271	-108.848527
0.569141	1.872763	-105.316316
0.569746	2.322309	-101.242941
0.570352	2.836251	-96.553841
0.570957	3.313742	-91.269082
0.571562	3.686137	-85.763626
0.572168	4.139936	-79.841995
0.572773	4.579155	-73.023484
0.573379	4.949120	-66.210124
0.573984	5.339740	-59.075481
0.574590	5.672040	-51.470979
0.575195	5.967890	-43.688349
0.575801	6.307480	-35.611820
0.576406	6.472111	-27.437685
0.577012	6.788616	-19.094641
0.577617	6.933200	-10.603020
0.578223	7.137319	-2.129564
0.578828	7.272790	6.402184
0.579434	7.345082	14.991952
0.580039	7.398542	23.149005
0.580645	7.479339	31.378178
0.581250	7.413729	39.816387
0.581855	7.292230	47.673035
0.582461	7.216901	55.160139
0.583066	7.173161	62.540150
0.583672	6.993950	69.626803
0.584277	6.729082	76.214045
0.584883	6.534683	82.431745
0.585488	6.207851	88.230828
0.586094	5.882233	93.642474
0.586699	5.591850	98.473643
0.587305	5.241933	102.688816
0.587910	4.816079	106.592467
0.588516	4.359849	109.702266
0.589121	3.951612	112.244330
0.589727	3.480196	114.504966
0.590332	3.002704	115.943282
0.590938	2.550120	116.808712
0.591543	2.115154	117.092308
0.592148	1.525883	116.628956
0.592754	1.044746	115.652908
0.593359	0.522908	114.150335
0.593965	-0.012903	112.020110
0.594570	-0.521985	109.289343
0.595176	-0.963634	105.931195
0.595781	-1.512202	101.963558
0.596387	-1.983011	97.815894
0.596992	-2.525505	92.871667
0.597598	-2.934349	87.330966
0.598203	-3.390578	81.792704
0.598809	-3.882042	75.623536
0.599414	-4.288457	68.842982
0.600020	-4.703984	61.791846
0.600625	-5.073948	54.534384
0.601230	-5.366761	46.975702
0.601836	-5.683874	39.068897
0.602441	-5.993697	31.007550
0.603047	-6.206320	22.789765
0.603652	-6.455393	14.451601
0.604258	-6.610912	5.848005
0.604863	-6.792553	-2.548722
0.605469	-6.896435	-10.913186
0.606074	-7.024009	-19.591612
0.606680	-6.989382	-27.867418
0.607285	-7.010037	-35.928493
0.607891	-6.977232	-43.941308
0.608496	-6.909192	-51.742917
0.609102	-6.811993	-59.253610
0.609707	-6.590257	-66.517037
0.610313	-6.377026	-73.399533
0.610918	-6.148000	-79.890526
0.611523	-5.953602	-85.977815
0.612129	-5.598825	-91.684716
0.612734	-5.277459	-96.938296
0.613340	-4.855250	-101.463636
0.613945	-4.611037	-105.453505
0.614551	-4.086768	-109.311336
0.615156	-3.659699	-112.174412
0.615762	-3.232629	-114.447791
0.616367	-2.730231	-116.330209
0.616973	-2.283114	-117.622660
0.617578	-1.728471	-118.162740
0.618184	-1.253409	-118.098212
0.618789	-0.740075	-117.423654
0.619395	-0.260154	-116.241280
0.620000	0.280517	-114.314127
0.620605	0.785953	-111.754711
0.621211	1.273165	-108.786981
0.621816	1.814443	-105.207866
0.622422	2.301047	-100.803448
0.623027	2.692274	-96.243675
0.623633	3.208038	-91.136502
0.624238	3.620527	-85.353144
0.624844	3.968015	-79.302999
0.625449	4.558500	-72.692441
0.626055	4.882903	-65.786898
0.626660	5.173286	-58.557633
0.627266	5.546896	-51.023082
0.627871	5.877981	-43.190835
0.628477	6.119764	-35.145485
0.629082	6.377950	-26.850701
0.629687	6.611835	-18.607972
0.630293	6.800766	-10.248931
0.630898	6.894928	-1.455548
0.631504	7.025540	7.039055
0.632109	7.223583	15.348481
0.632715	7.209611	23.812447
0.633320	7.205966	32.110214
0.633926	7.238771	40.245849
0.634531	7.127599	48.091651
0.635137	7.063204	55.713776
0.635742	6.877311	63.021396
0.636348	6.697492	69.982519
0.636953	6.521318	76.588740
0.637559	6.286825	82.895368
0.638164	5.984292	88.543163
0.638770	5.816624	93.797286
0.639375	5.429042	98.828002
0.639980	5.079732	102.993831
0.640586	4.681822	106.679227
0.641191	4.258398	109.987489
0.641797	3.817356	112.571035
0.642402	3.341079	114.528283
0.643008	2.872093	115.973377
0.643613	2.415256	116.830673
0.644219	1.929867	117.043777
0.644824	1.445693	116.621094
0.645430	0.949370	115.526564
0.646035	0.442111	114.162265
0.646641	-0.093093	111.823002
0.647246	-0.501937	108.919801
0.647852	-1.013448	105.869378
0.648457	-1.630664	101.901470
0.649062	-2.026751	97.413003
0.649668	-2.441063	92.505107
0.650273	-2.845047	87.213569
0.650879	-3.335904	81.336402
0.651484	-3.709513	75.093488
0.652090	-4.151770	68.401862
0.652695	-4.532062	61.395191
0.653301	-4.901420	54.018163
0.653906	-5.213065	46.379499
0.654512	-5.560552	38.638351
0.655117	-5.802943	30.441985
0.655723	-5.991267	22.087824
0.656328	-6.230012	14.005872
0.656934	-6.392214	5.430744
0.657539	-6.565350	-3.112119
0.658145	-6.657082	-11.493393
0.658750	-6.840545	-19.970644
0.659355	-6.766431	-28.291185
0.659961	-6.787693	-36.527407
0.660566	-6.734841	-44.486811
0.661172	-6.695354	-52.252089
0.661777	-6.568387	-59.766848
0.662383	-6.330249	-67.067962
0.662988	-6.185058	-73.767992
0.663594	-5.970612	-80.341406
0.664199	-5.702099	-86.546634
0.664805	-5.431156	-91.859862
0.665410	-5.065443	-97.038883
0.666016	-4.727068	-101.736930
0.666621	-4.312757	-105.761502
0.667227	-3.892977	-109.327604
0.667832	-3.450113	-112.280964
0.668438	-3.019399	-114.650321
0.669043	-2.520645	-116.368437
0.669648	-2.089930	-117.607748
0.670254	-1.693236	-118.175483
0.670859	-1.148920	-118.113395
0.671465	-0.636801	-117.277247
0.672070	-0.150197	-116.127950
0.672676	0.390474	-114.315753
0.673281	0.833945	-111.536456
0.673887	1.303540	-108.423132
0.674492	1.838743	-104.825309
0.675098	2.311982	-100.646738
0.675703	2.700779	-95.910463
0.676309	3.135138	-90.683181
0.676914	3.554918	-85.021287
0.677520	4.000820	-78.892788
0.678125	4.405412	-72.271655
0.678730	4.726777	-65.298332
0.679336	5.094919	-58.232555
0.679941	5.436331	-50.503607
0.680547	5.708489	-42.605749
0.681152	5.968498	-34.753710
0.681758	6.198131	-26.398194
0.682363	6.435662	-18.030477
0.682969	6.571133	-9.559190
0.683574	6.731512	-1.053742
0.684180	6.853619	7.549854
0.684785	6.959930	15.997824
0.685391	6.993950	24.334362
0.685996	6.987875	32.594442
0.686602	6.970258	40.710014
0.687207	6.874273	48.603263
0.687813	6.789224	56.032076
0.688418	6.646463	63.395548
0.689023	6.421082	70.492504
0.689629	6.220608	76.823533
0.690234	6.020742	83.070514
0.690840	5.745547	88.974794
0.691445	5.472781	94.301307
0.692051	5.019590	98.967903
0.692656	4.752292	103.247333
0.693262	4.379289	106.963908
0.693867	3.862311	110.098921
0.694473	3.441316	112.640714
0.695078	3.120559	114.682553
0.695684	2.608440	116.107041
0.696289	2.138238	116.717072
0.696895	1.701449	117.023985
0.697500	1.164423	116.669083
0.698105	0.746466	115.433297
0.698711	0.261685	113.879753
0.699316	-0.300249	111.756577
0.699922	-0.722458	108.878590
0.700527	-1.252194	105.414702
0.701133	-1.719358	101.604047
0.701738	-2.162830	97.178752
0.702344	-2.632424	92.181384
0.702949	-3.006641	86.759706
0.703555	-3.458618	80.938391
0.704160	-3.843162	74.701984
0.704766	-4.158453	67.826536
0.705371	-4.527202	60.809019
0.705977	-4.922682	53.706912
0.706582	-5.217925	45.913707
0.707187	-5.474895	37.964064
0.707793	-5.697846	30.003034
0.708398	-5.990052	21.785791
0.709004	-6.187488	13.315589
0.709609	-6.321744	4.864636
0.710215	-6.442028	-3.564355
0.710820	-6.540443	-12.034015
0.711426	-6.646147	-20.460837
0.712031	-6.554415	-28.789512
0.712637	-6.590865	-36.922978
0.713242	-6.561705	-45.034211
0.713848	-6.395251	-52.793525
0.714453	-6.260387	-60.032822
0.715059	-6.138281	-67.333121
0.715664	-5.897712	-74.206129
0.716270	-5.692986	-80.604940
0.716875	-5.376481	-86.609806
0.717480	-5.086098	-92.229134
0.718086	-4.714919	-97.330884
0.718691	-4.470098	-101.893640
0.719297	-4.015691	-105.958610
0.719902	-3.558855	-109.478891
0.720508	-3.169450	-112.413001
0.721113	-2.698641	-114.624564
0.721719	-2.275217	-116.484750
0.722324	-1.687161	-117.734634
0.722930	-1.251587	-117.953160
0.723535	-0.854285	-117.900020
0.724141	-0.319689	-117.192385
0.724746	0.109811	-115.924335
0.725352	0.668707	-113.918014
0.725957	1.140123	-111.349108
0.726562	1.624297	-108.211384
0.727168	2.131556	-104.507009
0.727773	2.545260	-100.294547
0.728379	3.000274	-95.510012
0.728984	3.421876	-90.348885
0.729590	3.815533	-84.539770
0.730195	4.168488	-78.402053
0.730801	4.539061	-72.023847
0.731406	4.923605	-64.740628
0.732012	5.173893	-57.450089
0.732617	5.478856	-49.965967
0.733223	5.783211	-42.099830
0.733828	6.048079	-34.018963
0.734434	6.252805	-25.768371
0.735039	6.458139	-17.467622
0.735645	6.572348	-9.018025
0.736250	6.699922	-0.462690
0.736855	6.826889	8.082071
0.737461	6.817169	16.405866
0.738066	6.913761	24.920804
0.738672	6.859693	33.117442
0.739277	6.845114	41.026958
0.739883	6.728474	49.059566
0.740488	6.609405	56.639937
0.741094	6.403464	63.839378
0.741699	6.213926	70.807551
0.742305	5.998872	77.340026
0.742910	5.681152	83.465272
0.743516	5.471566	89.203623
0.744121	5.139874	94.471844
0.744727	4.806966	99.232791
0.745332	4.401159	103.353071
0.745938	4.052457	106.962010
0.746543	3.639967	110.273797
0.747148	3.126026	112.800677
0.747754	2.723257	114.498459
0.748359	2.256700	116.005370
0.748965	1.753694	116.787293
0.749570	1.299895	116.890320
0.750176	0.823011	116.383588
0.750781	0.380146	115.348706
0.751387	-0.183002	113.677223
0.751992	-0.581519	111.409808
0.752598	-1.130088	108.544564
0.753203	-1.565662	105.171775
0.753809	-2.028573	101.258092
0.754414	-2.493307	96.642738
0.755020	-2.906404	91.769275
0.755625	-3.430066	86.425138
0.756230	-3.782413	80.276847
0.756836	-4.178500	74.032306
0.757441	-4.532670	67.403040
0.758047	-4.838848	60.371967
0.758652	-5.243440	52.931495
0.759258	-5.550225	45.341635
0.759863	-5.781681	37.475769
0.760469	-6.036221	29.289434
0.761074	-6.209965	21.088188
0.761680	-6.347866	12.733213
0.762285	-6.485768	4.339197
0.762891	-6.609090	-4.359834
0.763496	-6.577500	-12.691221
0.764102	-6.725729	-20.905210
0.764707	-6.728766	-29.440211
0.765312	-6.578107	-37.540057
0.765918	-6.589650	-45.428426
0.766523	-6.377026	-53.117519
0.767129	-6.245807	-60.630651
0.767734	-6.033791	-67.775597
0.768340	-5.847898	-74.531749
0.768945	-5.497373	-80.936525
0.769551	-5.278067	-86.982331
0.770156	-4.893522	-92.570480
0.770762	-4.538745	-97.513080
0.771367	-4.241680	-102.200010
0.771973	-3.762973	-106.211569
0.772578	-3.299454	-109.446085
0.773184	-2.901544	-112.494881
0.773789	-2.430128	-114.821401
0.774395	-1.959926	-116.414257
0.775000	-1.450845	-117.539967
0.775605	-0.932044	-117.976206
0.776211	-0.487965	-117.823021
0.776816	0.029014	-117.010460
0.777422	0.580012	-115.644535
0.778027	1.094561	-113.654481
0.778633	1.535603	-111.108892
0.779238	2.113331	-107.781380
0.779844	2.449276	-104.192776
0.780449	3.019107	-100.030743
0.781055	3.415194	-94.901880
0.781660	3.703754	-89.717165
0.782266	4.228023	-84.098379
0.782871	4.599203	-77.847061
0.783477	4.981317	-71.197189
0.784082	5.339132	-64.175605
0.784687	5.650170	-56.908925
0.785293	5.901066	-49.306863
0.785898	6.184766	-41.443438
0.786504	6.407717	-33.333018
0.787109	6.582676	-25.200094
0.787715	6.704175	-16.755649
0.788320	6.851796	-8.333978
0.788926	7.016427	0.069527
0.789531	7.096009	8.789978
0.790137	7.068064	17.246081
0.790742	7.109982	25.477423
0.791348	7.104514	33.730997
0.791953	6.958715	41.804273
0.792559	6.825674	49.606966
0.793164	6.733942	57.091088
0.793770	6.476971	64.344755
0.794375	6.267993	71.279036
0.794980	6.076024	77.777892
0.795586	5.764379	83.845659
0.796191	5.505586	89.652334
0.796797	5.035384	94.815359
0.797402	4.619858	99.258548
0.798008	4.347092	103.655104
0.798613	3.844086	107.358123
0.799219	3.389072	110.323412
0.799824	3.040977	112.864934
0.800430	2.530680	114.712377
0.801035	1.988794	116.000489
0.801641	1.500368	116.705413
0.802246	1.004044	116.764518
0.802852	0.579405	116.314181
0.803457	0.039341	115.120148
0.804063	-0.522592	113.310663
0.804668	-0.980036	111.132177
0.805273	-1.466640	108.265577
0.805879	-1.987264	104.571234
0.806484	-2.347509	100.785793
0.807090	-2.931919	96.375138
0.807695	-3.302491	91.296704
0.808301	-3.665774	85.813481
0.808906	-4.213735	79.886699
0.809512	-4.589167	73.548078
0.810117	-4.878335	66.749358
0.810723	-5.265309	59.653486
0.811328	-5.607329	52.304113
0.811934	-5.860048	44.642404
0.812539	-6.139496	36.618744
0.813145	-6.329034	28.588577
0.813750	-6.610912	20.481411
0.814355	-6.704466	11.891643
0.814961	-6.767646	3.521214
0.815566	-6.938960	-4.818848
0.816172	-6.946250	-13.297184
0.816777	-6.924987	-21.655141
0.817383	-6.955362	-29.985172
0.817988	-6.920127	-38.112944
0.818594	-6.787086	-46.069365
0.819199	-6.594510	-53.725922
0.819805	-6.398896	-61.222245
0.820410	-6.245807	-68.271755
0.821016	-5.988229	-75.129579
0.821621	-5.686304	-81.530288
0.822227	-5.399566	-87.311205
0.822832	-5.000441	-92.983402
0.823438	-4.685759	-98.035537
0.824043	-4.264764	-102.373530
0.824648	-3.851667	-106.332491
0.825254	-3.332259	-109.742424
0.825859	-2.884535	-112.607669
0.826465	-2.419800	-114.799711
0.827070	-1.933804	-116.480683
0.827676	-1.424115	-117.487640
0.828281	-0.925362	-117.934453
0.828887	-0.396840	-117.621575
0.829492	0.093408	-116.916380
0.830098	0.643192	-115.543676
0.830703	1.023484	-113.295512
0.831309	1.592100	-110.742061
0.831914	2.164361	-107.573157
0.832520	2.617552	-103.740811
0.833125	3.147896	-99.380044
0.833730	3.559778	-94.549418
0.834336	4.020867	-89.241883
0.834941	4.433964	-83.446596
0.835547	4.856781	-77.239742
0.836152	5.125901	-70.614271
0.836758	5.516521	-63.671584
0.837363	5.836064	-56.236536
0.837969	6.183551	-48.673787
0.838574	6.429587	-40.935621
0.839180	6.713895	-32.553535
0.839785	6.844506	-24.403259
0.840391	7.069887	-16.093292
0.840996	7.165264	-7.543921
0.841602	7.243631	0.991351
0.842207	7.405224	9.458300
0.842812	7.445927	17.860450
0.843418	7.336577	26.174755
0.844023	7.342045	34.449748
0.844629	7.315923	42.466630
0.845234	7.164656	50.166296
0.845840	6.992127	57.785438
0.846445	6.762494	64.941229
0.847051	6.601508	71.672709
0.847656	6.374912	78.404190
0.848262	5.936908	84.403634
0.848867	5.696947	89.964941
0.849473	5.326375	95.152909
0.850078	4.943045	99.822487
0.850684	4.572473	103.979369
0.851289	4.118674	107.498023
0.851895	3.692212	110.598062
0.852500	3.084109	112.978535
0.853105	2.629095	114.797510
0.853711	2.178941	116.001845
0.854316	1.626727	116.741202
0.854922	1.093346	116.819014
0.855527	0.606135	115.987204
0.856133	0.103128	115.030948
0.856738	-0.445440	113.342384
0.857344	-0.983074	110.894401
0.857949	-1.501875	107.914742
0.858555	-1.942309	104.479323
0.859160	-2.478728	100.479693
0.859766	-2.951967	95.856477
0.860371	-3.481095	90.808680
0.860977	-3.813395	85.312172
0.861582	-4.359534	79.330080
0.862187	-4.741041	72.935336
0.862793	-5.133483	66.121976
0.863398	-5.476718	59.142417
0.864004	-5.837570	51.535204
0.864609	-6.195993	44.001195
0.865215	-6.406186	36.195248
0.865820	-6.640679	27.957399
0.866426	-6.814423	19.727956
0.867031	-6.954147	11.398196
0.867637	-7.098731	2.913082
0.868242	-7.223875	-5.581250
0.868848	-7.273082	-14.017833
0.869453	-7.392151	-22.401276
0.870059	-7.296167	-30.673557
0.870664	-7.243315	-38.894053
0.871270	-7.167378	-46.785676
0.871875	-7.070786	-54.301791
0.872480	-6.825358	-61.939370
0.873086	-6.581145	-69.057474
0.873691	-6.344222	-75.608656
0.874297	-6.092718	-81.968696
0.874902	-5.775606	-87.916898
0.875508	-5.432371	-93.385751
0.876113	-5.031424	-98.305306
0.876719	-4.637767	-102.766932
0.877324	-4.140228	-106.672481
0.877930	-3.659091	-110.034154
0.878535	-3.209545	-112.766005
0.879141	-2.703501	-115.026642
0.879746	-2.141568	-116.730660
0.880352	-1.685338	-117.505805
0.880957	-1.219997	-117.952889
0.881563	-0.557219	-117.777472
0.882168	-0.054213	-116.747198
0.882773	0.522300	-115.222123
0.883379	1.039279	-113.194653
0.883984	1.617615	-110.454397
0.884590	2.069591	-107.152371
0.885195	2.592037	-103.360695
0.885801	3.147288	-99.040596
0.886406	3.509356	-94.163607
0.887012	3.997782	-88.666828
0.887617	4.435179	-82.964265
0.888223	4.875006	-76.841460
0.888828	5.280813	-69.936188
0.889434	5.644095	-62.894270
0.890039	6.037752	-55.734413
0.890645	6.360940	-47.948529
0.891250	6.657397	-40.012171
0.891855	6.826889	-31.934015
0.892461	7.050447	-23.693455
0.893066	7.299520	-15.282900
0.893672	7.453824	-6.838184
0.894277	7.582006	1.709289
0.894883	7.671915	10.179491
0.895488	7.722945	18.616887
0.896094	7.721730	26.942309
0.896699	7.710187	34.957835
0.897305	7.665233	43.286510
0.897910	7.463544	50.971807
0.898516	7.333540	58.292170
0.899121	7.146431	65.564815
0.899727	6.886423	72.438094
0.900332	6.682305	78.893298
0.900937	6.385239	84.932869
0.901543	6.018920	90.555721
0.902148	5.731574	95.693260
0.902754	5.304505	100.258998
0.903359	4.819116	104.297669
0.903965	4.413309	107.922062
0.904570	3.899368	110.898468
0.905176	3.481411	113.097830
0.905781	2.956535	115.094662
0.906387	2.444416	116.333430
0.906992	1.907998	116.793258
0.907598	1.394664	116.839078
0.908203	0.853993	116.181329
0.908809	0.289022	114.966963
0.909414	-0.236462	113.157748
0.910020	-0.790498	110.725761
0.910625	-1.235792	107.797074
0.911230	-1.823847	104.267574
0.911836	-2.313489	100.119369
0.912441	-2.833505	95.568001
0.913047	-3.357166	90.549214
0.913652	-3.778768	84.809507
0.914258	-4.234390	78.842598
0.914863	-4.675431	72.659874
0.915469	-5.126801	65.683025
0.916074	-5.482185	58.537538
0.916680	-5.863085	51.159154
0.917285	-6.174730	43.434816
0.917891	-6.370951	35.503338
0.918496	-6.647969	27.329204
0.919102	-6.922557	19.036317
0.919707	-7.138218	10.639589
0.920312	-7.299204	2.144444
0.920918	-7.327757	-6.289428
0.921523	-7.481453	-14.673412
0.922129	-7.477808	-23.237153
0.922734	-7.436498	-31.498589
0.923340	-7.410376	-39.396176
0.923945	-7.342337	-47.423361
0.924551	-7.230557	-55.079918
0.925156	-7.085366	-62.461284
0.925762	-6.784048	-69.537906
0.926367	-6.627314	-76.226278
0.926973	-6.283472	-82.534533
0.927578	-5.977294	-88.429052
0.928184	-5.590320	-93.862659
0.928789	-5.315732	-98.865721
0.929395	-4.797538	-103.263090
0.930000	-4.424536	-107.035517
0.930605	-3.937324	-110.508893
0.931211	-3.448290	-113.231797
0.931816	-3.007856	-115.143497
0.932422	-2.495737	-116.752621
0.933027	-2.021283	-117.806211
0.933633	-1.459350	-118.076793
0.934238	-0.892557	-117.663328
0.934844	-0.378616	-116.777293
0.935449	0.210048	-115.259267
0.936055	0.658379	-113.125245
0.936660	1.187508	-110.307177
0.937266	1.718459	-107.078083
0.937871	2.281000	-103.238960
0.938477	2.774286	-98.664275
0.939082	3.220795	-93.866184
0.939688	3.724409	-88.583593
0.940293	4.174563	-82.595536
0.940898	4.602848	-76.306260
0.941504	4.950943	-69.602163
0.942109	5.360395	-62.471316
0.942715	5.726107	-55.079918
0.943320	6.089389	-47.432308
0.943926	6.403464	-39.505710
0.944531	6.647070	-31.361671
0.945137	6.883993	-23.072580
0.945742	7.133674	-14.753123
0.946348	7.308633	-6.312473
0.946953	7.382140	2.429667
0.947559	7.498171	10.730958
0.948164	7.585043	19.103285
0.948770	7.631820	27.676514
0.949375	7.619670	35.801033
0.949980	7.630605	43.858041
0.950586	7.470226	51.576415
0.951191	7.310455	59.073551
0.951797	7.137926	66.234764
0.952402	6.934415	73.024265
0.953008	6.719970	79.436632
0.953613	6.411969	85.540730
0.954219	6.088782	91.058657
0.954824	5.796576	96.000987
0.955430	5.398059	100.763832
0.956035	5.052394	104.768884
0.956641	4.632615	108.089617
0.957246	4.189143	111.174472
0.957852	3.637537	113.551421
0.958457	3.247525	115.290956
0.959063	2.681947	116.396331
0.959668	2.200810	117.015037
0.960273	1.725141	116.945087
0.960879	1.154703	116.257515
0.961484	0.623752	114.995431
0.962090	0.104951	113.203840
0.962695	-0.408990	110.734979
0.963301	-0.858537	107.498837
0.963906	-1.441733	104.150448
0.964512	-2.007919	100.030169
0.965117	-2.425875	95.278711
0.965723	-2.933134	90.269956
0.966328	-3.457403	84.678283
0.966934	-3.834050	78.673416
0.967539	-4.311542	72.224176
0.968145	-4.757443	65.309958
0.968750	-5.120118	58.170977
0.969355	-5.498588	50.678450
0.969961	-5.841823	42.951672
0.970566	-6.151645	34.995793
0.971172	-6.417121	26.853380
0.971777	-6.652829	18.388871
0.972383	-6.881248	10.116319
0.972988	-7.026439	1.755380
0.973594	-7.177098	-6.946905
0.974199	-7.267007	-15.254703
0.974805	-7.281587	-23.647364
0.975410	-7.349019	-31.941064
0.976016	-7.287055	-40.034132
0.976621	-7.252427	-47.967779
0.977227	-7.141863	-55.576618
0.977832	-6.988774	-62.970456
0.978437	-6.734234	-70.055212
0.979043	-6.534368	-76.679056
0.979648	-6.318707	-82.995987
0.980254	-6.013744	-89.044505
0.980859	-5.662612	-94.257145
0.981465	-5.392276	-99.037342
0.982070	-4.988292	-103.599013
0.982676	-4.548465	-107.441661
0.983281	-4.015691	-110.633882
0.983887	-3.613529	-113.346754
0.984492	-3.165805	-115.494061
0.985098	-2.665836	-116.998531
0.985703	-2.114230	-117.870467
0.986309	-1.665899	-118.113124
0.986914	-1.124013	-117.806482
0.987520	-0.608856	-116.793290
0.988125	-0.042063	-115.195553
0.988730	0.484636	-113.197093
0.989336	1.058111	-110.275997
0.989941	1.491863	-106.781202
0.990547	2.018562	-102.979765
0.991152	2.507596	-98.562061
0.991758	3.000882	-93.541648
0.992363	3.485056	-88.138406
0.992969	3.854413	-82.278049
0.993574	4.328260	-75.944851
0.994180	4.648410	-69.201441
0.994785	5.099779	-62.082252
0.995391	5.524418	-54.704953
0.995996	5.846391	-47.007185
0.996602	6.099717	-38.958852
0.997207	6.389492	-30.996195
0.997812	6.648893	-22.637696
0.998418	6.788616	-14.084259
0.999023	7.038905	-5.644423
0.999629	7.151899	2.880818
1.000234	7.248491	11.381657
1.000840	7.337185	19.799804
1.001445	7.426487	28.135528
1.002051	7.387000	36.332437
1.002656	7.337185	44.334136
1.003262	7.224191	52.109175
1.003867	7.099654	59.472918
1.004473	6.969650	66.605662
1.005078	6.715717	73.593898
1.005684	6.461784	79.821900
1.006289	6.231543	85.681173
1.006895	5.978825	91.487576
1.007500	5.518343	96.512870
1.008105	5.232820	101.032787
1.008711	4.791779	105.003949
1.009316	4.396299	108.480579
1.009922	3.963155	111.437734
1.010527	3.452251	113.698100
1.011133	2.994200	115.417029
1.011738	2.547690	116.585034
1.012344	2.047114	117.063298
1.012949	1.511303	116.819557
1.013555	1.062364	116.328821
1.014160	0.493748	114.926836
1.014766	-0.015333	112.882557
1.015371	-0.486750	110.623547
1.015977	-1.037141	107.519984
1.016582	-1.481827	103.884746
1.017187	-1.997591	99.788054
1.017793	-2.507280	95.105733
1.018398	-2.920377	89.929152
1.019004	-3.379036	84.260480
1.019609	-3.868677	78.240701
1.020215	-4.262334	71.810169
1.020820	-4.628047	64.882937
1.021426	-5.009554	57.579655
1.022031	-5.330312	50.326802
1.022637	-5.712426	42.567217
1.023242	-5.942059	34.373020
1.023848	-6.172908	26.342581
1.024453	-6.469366	18.066775
1.025059	-6.651007	9.657576
1.025664	-6.843583	1.131793
1.026270	-6.923772	-7.330004
1.026875	-7.056814	-15.739745
1.027480	-7.017934	-24.109631
1.028086	-6.999102	-32.406314
1.028691	-6.949895	-40.445699
1.029297	-6.918912	-48.338406
1.029902	-6.777973	-56.149234
1.030508	-6.588435	-63.311260
1.031113	-6.525255	-70.313323
1.031719	-6.213002	-77.123158
1.032324	-5.998557	-83.348991
1.032930	-5.662004	-89.144550
1.033535	-5.401388	-94.555111
1.034141	-5.008946	-99.392244
1.034746	-4.628654	-103.725086
1.035352	-4.166350	-107.524083
1.035957	-3.691896	-110.791405
1.036563	-3.303099	-113.444630
1.037168	-2.823178	-115.535814
1.037773	-2.410688	-116.939426
1.038379	-1.856045	-117.993829
1.038984	-1.295934	-118.206933
1.039590	-0.848817	-117.553523
1.040195	-0.364036	-116.687009
1.040801	0.207618	-115.154070
1.041406	0.720344	-112.820230
1.042012	1.222743	-109.940074
1.042617	1.664392	-106.653231
1.043223	2.191698	-102.708911
1.043828	2.651572	-98.225867
1.044434	3.139391	-93.186475
1.045039	3.500243	-87.778624
1.045645	3.958295	-81.885461
1.046250	4.366532	-75.431612
1.046855	4.709159	-68.847623
1.047461	5.121649	-61.727079
1.048066	5.374367	-54.089500
1.048672	5.699377	-46.389834
1.049277	5.961208	-38.555148
1.049883	6.216356	-30.365288
1.050488	6.382202	-22.043933
1.051094	6.639173	-13.615484
1.051699	6.818384	-5.120610
1.052305	6.922266	3.390532
1.052910	7.037082	11.932582
1.053516	7.028577	20.226283
1.054121	7.060167	28.488803
1.054727	6.994557	36.857876
1.055332	6.984230	44.766037
1.055937	6.907078	52.346680
1.056543	6.738802	59.994561
1.057148	6.557768	67.118088
1.057754	6.329957	73.789650
1.058359	6.096072	80.229400
1.058965	5.894991	86.246467
1.059570	5.546288	91.703120
1.060176	5.104031	96.686389
1.060781	4.841593	101.231522
1.061387	4.415132	105.199700
1.061992	4.054279	108.652201
1.062598	3.617490	111.354499
1.063203	3.106586	113.797331
1.063809	2.661292	115.457698
1.064414	2.172866	116.304149
1.065020	1.725749	117.014495
1.065625	1.188115	116.907130
1.066230	0.723989	116.114091
1.066836	0.267152	114.773380
1.067441	-0.237677	112.896927
1.068047	-0.802647	110.352152
1.068652	-1.235184	107.206836
1.069258	-1.706601	103.530115
1.069863	-2.256992	99.413360
1.070469	-2.696818	94.752458
1.071074	-3.127533	89.366026
1.071680	-3.499320	83.858131
1.072285	-3.995644	77.870074
1.072891	-4.371076	71.142390
1.073496	-4.714311	64.308695
1.074102	-5.088528	57.205503
1.074707	-5.424473	49.725448
1.075312	-5.768316	41.954747
1.075918	-6.028324	33.923224
1.076523	-6.179590	25.790572
1.077129	-6.428663	17.459185
1.077734	-6.624277	9.024500
1.078340	-6.697784	0.576530
1.078945	-6.785263	-7.797423
1.079551	-6.892790	-16.448465
1.080156	-6.859985	-24.658659
1.080762	-6.898257	-32.802698
1.081367	-6.873350	-41.104532
1.081973	-6.763393	-48.862490
1.082578	-6.691709	-56.381587
1.083184	-6.401934	-63.711440
1.083789	-6.205105	-70.736819
1.084395	-5.968182	-77.338160
1.085000	-5.696024	-83.595443
1.085605	-5.405641	-89.447667
1.086211	-5.131053	-94.837894
1.086816	-4.822445	-99.608331
1.087422	-4.360749	-103.875560
1.088027	-3.930034	-107.815271
1.088633	-3.468945	-110.961671
1.089238	-3.076503	-113.448697
1.089844	-2.573497	-115.703911
1.090449	-2.061378	-117.058992
1.091055	-1.555942	-117.799162
1.091660	-1.101535	-117.988949
1.092266	-0.597921	-117.592836
1.092871	-0.062110	-116.543855
1.093477	0.440896	-114.894062
1.094082	0.950585	-112.600619
1.094688	1.452376	-109.754354
1.095293	1.935942	-106.365297
1.095898	2.433481	-102.306020
1.096504	2.871485	-97.957724
1.097109	3.300377	-92.934600
1.097715	3.698287	-87.171034
1.098320	4.105309	-81.409366
1.098926	4.527518	-75.039837
1.099531	4.906595	-68.164389
1.100137	5.283243	-61.020257
1.100742	5.581523	-53.563519
1.101348	5.862793	-45.869004
1.101953	6.127054	-37.932646
1.102559	6.363370	-29.770170
1.103164	6.500056	-21.472674
1.103770	6.664687	-13.026060
1.104375	6.823851	-4.475876
1.104980	6.954463	3.907024
1.105586	7.063812	12.336287
1.106191	7.065634	20.998988
1.106797	7.046802	29.212977
1.107402	7.009137	37.281915
1.108008	6.904041	45.335941
1.108613	6.769784	53.038047
1.109219	6.620948	60.390403
1.109824	6.455709	67.497662
1.110430	6.213926	74.251375
1.111035	5.956348	80.629580
1.111641	5.705452	86.510000
1.112246	5.337310	91.916766
1.112852	5.011692	97.083587
1.113457	4.605278	101.434323
1.114062	4.265688	105.244978
1.114668	3.773616	108.868558
1.115273	3.290657	111.735158
1.115879	2.835643	113.822817
1.116484	2.398854	115.469899
1.117090	1.927437	116.508577
1.117695	1.420786	116.970844
1.118301	0.948155	116.785124
1.118906	0.465803	115.971750
1.119512	-0.055428	114.588202
1.120117	-0.606426	112.622277
1.120723	-1.091815	109.950074
1.121328	-1.581457	106.946285
1.121934	-2.020676	103.183076
1.122539	-2.491485	98.794112
1.123145	-2.958042	94.348482
1.123750	-3.433103	89.093546
1.124355	-3.800030	83.390984
1.124961	-4.204015	77.288241
1.125566	-4.628047	70.756308
1.126172	-4.993151	63.856459
1.126777	-5.321199	56.626652
1.127383	-5.638312	49.116231
1.127988	-5.925050	41.365864
1.128594	-6.157720	33.375823
1.129199	-6.328427	25.072363
1.129805	-6.545910	16.896602
1.130410	-6.705681	8.530511
1.131016	-6.791338	-0.111041
1.131621	-6.962652	-8.446224
1.132227	-6.974194	-16.791709
1.132832	-6.999709	-25.252964
1.133438	-6.965082	-33.486203
1.134043	-6.873350	-41.488715
1.134648	-6.757926	-49.339940
1.135254	-6.596332	-56.942002
1.135859	-6.458431	-64.247724
1.136465	-6.230620	-71.215896
1.137070	-6.018604	-77.831606
1.137676	-5.663827	-84.105971
1.138281	-5.340639	-89.867910
1.138887	-5.027779	-95.023886
1.139492	-4.570335	-100.051619
1.140098	-4.242287	-104.286314
1.140703	-3.786058	-107.841028
1.141309	-3.303099	-111.067410
1.141914	-2.863880	-113.628724
1.142520	-2.385173	-115.604408
1.143125	-1.829315	-116.982263
1.143730	-1.357898	-117.766627
1.144336	-0.899239	-117.936622
1.144941	-0.398055	-117.412267
1.145547	0.178458	-116.323973
1.146152	0.620107	-114.789679
1.146758	1.220920	-112.318921
1.147363	1.563548	-109.332213
1.147969	2.142491	-106.114236
1.148574	2.629702	-101.966843
1.149180	3.034294	-97.409239
1.149785	3.540338	-92.378523
1.150391	3.902405	-86.843787
1.150996	4.375037	-80.847867
1.151602	4.762011	-74.417335
1.152207	5.061507	-67.683685
1.152813	5.450304	-60.468248
1.153418	5.741294	-53.005544
1.154023	6.043220	-45.240266
1.154629	6.295330	-37.420763
1.155234	6.541973	-29.171527
1.155840	6.678660	-20.680719
1.156445	6.849974	-12.541560
1.157051	7.000025	-3.975651
1.157656	7.074139	4.694641
1.158262	7.039512	13.082964
1.158867	7.105729	21.451766
1.159473	7.108159	29.750346
1.160078	7.038905	37.958100
1.160684	6.931985	45.844571
1.161289	6.809879	53.488656
1.161895	6.644033	60.888730
1.162500	6.399212	68.070548
1.163105	6.119764	74.630949
1.163711	5.942983	80.874134
1.164316	5.624655	87.030831
1.164922	5.268663	92.405333
1.165527	4.940008	97.241110
1.166133	4.587053	101.744489
1.166738	4.218303	105.690165
1.167344	3.703147	108.992462
1.167949	3.231730	111.787485
1.168555	2.749379	113.945365
1.169160	2.331422	115.525750
1.169766	1.725749	116.519422
1.170371	1.328447	116.895743
1.170977	0.792636	116.765061
1.171582	0.278695	115.804466
1.172187	-0.187862	114.263666
1.172793	-0.758908	112.551514
1.173398	-1.229717	109.837286
1.174004	-1.769173	106.493236
1.174609	-2.247879	102.889448
1.175215	-2.705323	98.680239
1.175820	-3.177955	93.853138
1.176426	-3.581939	88.586001
1.177031	-3.984709	82.904315
1.177637	-4.461593	76.760090
1.178242	-4.808473	70.236020
1.178848	-5.164465	63.214708
1.179453	-5.511345	56.131036
1.180059	-5.840608	48.443571
1.180664	-5.990052	40.635997
1.181270	-6.310202	32.863669
1.181875	-6.573855	24.619314
1.182480	-6.737879	16.221773
1.183086	-6.794376	7.838330
1.183691	-6.952325	-0.613164
1.184297	-7.003962	-9.093669
1.184902	-7.104198	-17.511002
1.185508	-7.087796	-25.866790
1.186113	-6.994849	-34.127955
1.186719	-6.929240	-42.137245
1.187324	-6.847835	-50.028868
1.187930	-6.642502	-57.514346
1.188535	-6.518573	-64.793769
1.189141	-6.231227	-71.922718
1.189746	-5.968182	-78.275166
1.190352	-5.724576	-84.400683
1.190957	-5.374659	-90.271343
1.191563	-4.961562	-95.456058
1.192168	-4.629262	-100.238424
1.192773	-4.244717	-104.484777
1.193379	-3.827368	-108.213011
1.193984	-3.297024	-111.273736
1.194590	-2.807383	-113.751001
1.195195	-2.339611	-115.750544
1.195801	-1.862120	-117.166899
1.196406	-1.278924	-117.784250
1.197012	-0.837275	-117.868298
1.197617	-0.402915	-117.593107
1.198223	0.196683	-116.180006
1.198828	0.701511	-114.327954
1.199434	1.178395	-112.096870
1.200039	1.712991	-109.172249
1.200645	2.161931	-105.666609
1.201250	2.634562	-101.639325
1.201855	3.135746	-97.063013
1.202461	3.580433	-91.921678
1.203066	3.957080	-86.359016
1.203672	4.354382	-80.383973
1.204277	4.721917	-74.050503
1.204883	5.123471	-67.097785
1.205488	5.432079	-59.874756
1.206094	5.791109	-52.592622
1.206699	6.042005	-44.760647
1.207305	6.275283	-36.602780
1.207910	6.493981	-28.517574
1.208516	6.701137	-20.175614
1.209121	6.885208	-11.768042
1.209727	7.007922	-3.254731
1.210332	7.055307	5.237433
1.210937	7.095402	13.693536
1.211543	7.153721	22.049866
1.212148	7.164049	30.401587
1.212754	7.080822	38.371022
1.213359	6.991520	46.362147
1.213965	6.851796	54.209034
1.214570	6.633705	61.302195
1.215176	6.466644	68.411894
1.215781	6.216963	75.222543
1.216387	5.939945	81.485791
1.216992	5.745547	87.313614
1.217598	5.392592	92.798463
1.218203	4.953373	97.708258
1.218809	4.549388	102.071737
1.219414	4.192181	105.863142
1.220020	3.737167	109.245421
1.220625	3.240843	112.029057
1.221230	2.735406	114.009080
1.221836	2.346002	115.556116
1.222441	1.813228	116.719241
1.223047	1.256762	116.869172
1.223652	0.806001	116.545450
1.224258	0.297527	115.762171
1.224863	-0.236462	114.313552
1.225469	-0.802647	112.206915
1.226074	-1.218174	109.585954
1.226680	-1.768565	106.342762
1.227285	-2.210215	102.623746
1.227891	-2.761820	98.305545
1.228496	-3.134823	93.452958
1.229102	-3.584977	88.265803
1.229707	-4.082516	82.442048
1.230312	-4.454910	76.177986
1.230918	-4.962777	69.857530
1.231523	-5.215495	62.817239
1.232129	-5.581815	55.464883
1.232734	-5.845468	48.043391
1.233340	-6.242162	40.177254
1.233945	-6.424411	32.130277
1.234551	-6.589042	23.930928
1.235156	-6.790731	15.660274
1.235762	-6.981484	7.192512
1.236367	-7.075646	-1.297211
1.236973	-7.157051	-9.751146
1.237578	-7.240885	-18.111272
1.238184	-7.235417	-26.536467
1.238789	-7.141863	-34.891984
1.239395	-7.063496	-42.655093
