LabVIEW Measurement	
Writer_Version	2
Reader_Version	2
Separator	Tab
Decimal_Separator	.
Multi_Headings	No
X_Columns	One
Time_Pref	Absolute
Operator	AlunosGDS-JT
Date	2019/10/09
Time	15:19:08.4651639249999940857
***End_of_Header***	
	
Channels	2		
Samples	2048	2048	
Date	2019/10/09	2019/10/09	
Time	15:40:33.3364529874999848979	15:40:33.3364529874999848979	
Y_Unit_Label	g	Newtons	
X_Dimension	Time	Time	
X0	0.0000000000000000E+0	0.0000000000000000E+0	
Delta_X	0.000605	0.000605	
***End_of_Header***			
X_Value	Acceleration (Trigger)	Force (Trigger)	Comment
0.000000	33.857402	8.984645
0.000605	31.407372	17.063886
0.001211	28.710092	25.360297
0.001816	25.829348	33.439809
0.002422	22.898183	40.966769
0.003027	19.676634	48.501862
0.003633	16.267976	55.924168
0.004238	12.875722	62.674627
0.004844	9.421502	69.110311
0.005449	5.945413	75.248842
0.006055	2.382452	80.980957
0.006660	-1.159247	86.177059
0.007266	-4.570942	90.851518
0.007871	-8.083481	95.044730
0.008477	-11.572328	98.761577
0.009082	-15.015005	101.628990
0.009687	-18.330715	104.119540
0.010293	-21.575957	106.094140
0.010898	-24.764093	107.178639
0.011504	-27.673389	107.782704
0.012109	-30.362772	107.828253
0.012715	-32.979862	107.217138
0.013320	-35.325402	105.969152
0.013926	-37.512994	104.102459
0.014531	-39.515907	101.607029
0.015137	-41.379703	98.429178
0.015742	-42.919096	94.721279
0.016348	-44.232502	90.529693
0.016953	-45.217859	85.878822
0.017559	-45.908582	80.635002
0.018164	-46.296771	74.988020
0.018770	-46.507572	69.224997
0.019375	-46.406728	62.790669
0.019980	-45.934704	55.847169
0.020586	-45.476653	48.797659
0.021191	-44.617046	41.504951
0.021797	-43.605566	33.811521
0.022402	-42.218047	25.868113
0.023008	-40.535891	17.943685
0.023613	-38.639291	9.967200
0.024219	-36.601751	1.831024
0.024824	-34.219761	-6.362631
0.025430	-31.662812	-14.421809
0.026035	-29.181800	-22.373892
0.026641	-26.295589	-30.564565
0.027246	-23.416668	-38.264502
0.027852	-20.367648	-45.673523
0.028457	-17.103575	-53.084442
0.029062	-13.861978	-60.068068
0.029668	-10.274110	-66.783552
0.030273	-6.709326	-73.049240
0.030879	-3.188890	-78.817686
0.031484	0.232525	-84.211709
0.032090	3.721979	-89.304784
0.032695	7.258818	-93.827955
0.033301	10.645606	-97.722931
0.033906	14.107722	-100.904848
0.034512	17.552829	-103.564309
0.035117	20.937187	-105.927702
0.035723	24.288740	-107.375778
0.036328	27.272758	-107.851331
0.036934	30.155931	-108.200539
0.037539	32.879334	-107.936464
0.038145	35.333008	-106.919747
0.038750	37.473215	-105.188887
0.039355	39.590337	-102.907917
0.039961	41.515490	-100.112351
0.040566	43.162410	-96.579598
0.041172	44.473993	-92.406991
0.041777	45.592392	-87.892225
0.042383	46.479943	-82.951523
0.042988	46.900938	-77.300202
0.043594	47.077111	-71.341698
0.044199	46.993277	-65.115594
0.044805	46.766074	-58.202189
0.045410	46.236945	-51.118246
0.046016	45.550475	-43.588304
0.046621	44.431468	-35.910599
0.047227	43.175168	-28.101669
0.047832	41.582922	-20.109189
0.048438	39.651086	-11.991991
0.049043	37.512095	-3.808096
0.049648	35.231556	4.342993
0.050254	32.829519	12.457208
0.050859	30.122519	20.520724
0.051465	27.427062	28.832860
0.052070	24.491643	36.553946
0.052676	21.526458	44.019902
0.053281	18.353509	51.713875
0.053887	15.008638	58.846620
0.054492	11.576896	65.471277
0.055098	8.129967	71.766789
0.055703	4.482564	77.664020
0.056309	0.947547	83.228038
0.056914	-2.608124	88.138917
0.057520	-6.049586	92.600000
0.058125	-9.458851	96.653041
0.058730	-12.892416	100.151632
0.059336	-16.260978	102.771238
0.059941	-19.460050	105.058445
0.060547	-22.742955	106.674618
0.061152	-25.857585	107.464946
0.061758	-28.778423	107.854281
0.062363	-31.447151	107.626265
0.062969	-33.927555	106.701188
0.063574	-36.160101	105.288629
0.064180	-38.276008	103.173316
0.064785	-40.106392	100.462883
0.065391	-41.715648	97.116664
0.065996	-43.226489	93.193763
0.066602	-44.433583	88.798292
0.067207	-45.407398	83.849455
0.067812	-46.101765	78.221181
0.068418	-46.366633	72.555762
0.069023	-46.527012	66.477692
0.069629	-46.151580	59.748380
0.070234	-45.593899	52.868323
0.070840	-44.885559	45.849451
0.071445	-43.956699	38.344452
0.072051	-42.728950	30.608997
0.072656	-41.429517	22.595098
0.073262	-39.764372	14.624307
0.073867	-37.845901	6.521479
0.074473	-35.607280	-1.700645
0.075078	-33.146316	-9.838177
0.075684	-30.507963	-17.728715
0.076289	-27.854423	-25.861638
0.076895	-24.957277	-33.870929
0.077500	-22.021858	-41.333632
0.078105	-18.940033	-48.923493
0.078711	-15.793814	-56.154656
0.079316	-12.468384	-62.962594
0.079922	-8.924255	-69.564748
0.080527	-5.372836	-75.613265
0.081133	-1.810482	-81.129566
0.081738	1.764021	-86.316721
0.082344	5.286280	-91.175273
0.082949	8.739285	-95.433013
0.083555	12.077472	-99.072317
0.084160	15.439960	-102.026220
0.084766	18.885067	-104.756715
0.085371	22.049511	-106.823769
0.085977	25.246153	-107.702212
0.086582	28.259330	-108.214637
0.087188	31.181991	-108.288383
0.087793	33.866514	-107.630093
0.088398	36.158595	-106.205605
0.089004	38.354083	-104.278451
0.089609	40.291994	-101.878999
0.090215	42.073778	-98.748866
0.090820	43.499570	-94.989995
0.091426	44.781386	-90.702431
0.092031	45.841466	-86.039902
0.092637	46.613592	-80.650488
0.093242	47.015754	-74.982358
0.093848	47.144543	-68.895612
0.094453	47.029727	-62.059207
0.095059	46.605087	-55.315526
0.095664	45.849363	-48.162718
0.096270	44.927792	-40.553065
0.096875	43.785701	-32.811103
0.097480	42.429771	-24.952829
0.098086	40.732428	-16.851898
0.098691	38.821247	-8.616761
0.099297	36.668891	-0.373490
0.099902	34.399895	7.785461
0.100508	31.809534	15.829456
0.101113	29.002905	24.040463
0.101719	26.084496	31.958655
0.102324	23.150901	39.441964
0.102930	20.017439	47.153018
0.103535	16.752758	54.597014
0.104141	13.525742	61.516926
0.104746	10.090962	68.036387
0.105352	6.703567	74.311022
0.105957	3.034294	80.114172
0.106563	-0.524414	85.400016
0.107168	-4.112890	90.090471
0.107773	-7.574400	94.372884
0.108379	-11.089976	98.169712
0.108984	-14.366200	101.267581
0.109590	-17.666723	103.839740
0.110195	-20.860327	105.928483
0.110801	-23.985891	107.057175
0.111406	-27.020939	107.794362
0.112012	-29.841540	107.912844
0.112617	-32.564943	107.256451
0.113223	-34.949970	106.147552
0.113828	-37.223218	104.371144
0.114434	-39.193934	102.008022
0.115039	-40.879126	99.003691
0.115645	-42.360808	95.491815
0.116250	-43.706411	91.445823
0.116855	-44.773173	86.865174
0.117461	-45.576889	81.598850
0.118066	-46.073821	75.947530
0.118672	-46.417056	70.245509
0.119277	-46.372708	63.636306
0.119883	-45.972976	56.860090
0.120488	-45.380061	49.913337
0.121094	-44.528960	42.734501
0.121699	-43.491965	35.117256
0.122305	-42.098977	27.275521
0.122910	-40.616688	19.296868
0.123516	-38.787519	11.297066
0.124121	-36.759092	3.125915
0.124727	-34.544771	-5.139589
0.125332	-32.045534	-13.183312
0.125938	-29.451528	-21.277464
0.126543	-26.612702	-29.312783
0.127148	-23.620786	-36.878785
0.127754	-20.554757	-44.556219
0.128359	-17.334423	-51.909388
0.128965	-14.091004	-58.886778
0.129570	-10.733377	-65.729149
0.130176	-7.235417	-72.186251
0.130781	-3.623857	-78.027087
0.131387	-0.215199	-83.393998
0.131992	3.339257	-88.519608
0.132598	6.862123	-93.191626
0.133203	10.275033	-97.142182
0.133809	13.791825	-100.287769
0.134414	17.203520	-103.166027
0.135020	20.643159	-105.633803
0.135625	23.781481	-106.927067
0.136230	26.754564	-107.876545
0.136836	29.617690	-108.310887
0.137441	32.384225	-108.058741
0.138047	34.905939	-107.168097
0.138652	37.183440	-105.505832
0.139258	39.228877	-103.375064
0.139863	41.209312	-100.574619
0.140469	42.846513	-97.189629
0.141074	44.284455	-93.163700
0.141680	45.390096	-88.778803
0.142285	46.249703	-83.698200
0.142891	46.761821	-78.467665
0.143496	47.130571	-72.566639
0.144102	47.085009	-65.986717
0.144707	46.832291	-59.366940
0.145313	46.347509	-52.443503
0.145918	45.599682	-45.004116
0.146523	44.559650	-37.288183
0.147129	43.271152	-29.544594
0.147734	41.791293	-21.567839
0.148340	39.953619	-13.443049
0.148945	37.814627	-5.267831
0.149551	35.666523	2.851808
0.150156	33.238971	10.966837
0.150762	30.672910	19.286565
0.151367	27.856561	27.283655
0.151973	24.991612	34.963258
0.152578	21.955349	42.852711
0.153184	18.735016	50.368013
0.153789	15.339116	57.430536
0.154395	11.983311	64.236034
0.155000	8.540026	70.621830
0.155605	4.979495	76.670348
0.156211	1.403776	82.311366
0.156816	-2.072921	87.385190
0.157422	-5.599432	91.898330
0.158027	-9.073091	95.986617
0.158633	-12.466561	99.488191
0.159238	-15.916528	102.401153
0.159844	-19.113170	104.740687
0.160449	-22.238127	106.180358
0.161055	-25.481545	107.444883
0.161660	-28.320979	108.000688
0.162266	-31.024942	107.671001
0.162871	-33.636565	106.854645
0.163477	-35.978460	105.488177
0.164082	-37.987448	103.541232
0.164687	-39.898629	100.792842
0.165293	-41.568026	97.561580
0.165898	-43.066110	93.813825
0.166504	-44.366151	89.476103
0.167109	-45.258562	84.480904
0.167715	-45.923162	79.233017
0.168320	-46.330791	73.681471
0.168926	-46.409158	67.336343
0.169531	-46.143075	60.888730
0.170137	-45.768858	54.126884
0.170742	-45.015563	47.004441
0.171348	-44.138340	39.537942
0.171953	-43.024193	31.817942
0.172559	-41.589289	23.889989
0.173164	-39.995220	15.851959
0.173770	-38.035440	7.801458
0.174375	-35.838736	-0.346378
0.174980	-33.447634	-8.455984
0.175586	-30.846338	-16.705762
0.176191	-28.178218	-24.537195
0.176797	-25.341821	-32.391402
0.177402	-22.329858	-40.401777
0.178008	-19.272334	-47.761453
0.178613	-15.977278	-54.852987
0.179219	-12.749047	-61.802180
0.179824	-9.229218	-68.521731
0.180430	-5.620087	-74.630439
0.181035	-2.046798	-80.264949
0.181641	1.431114	-85.556216
0.182246	4.942438	-90.531894
0.182852	8.368712	-94.894559
0.183457	11.764005	-98.500245
0.184062	15.119810	-101.761060
0.184668	18.642069	-104.376327
0.185273	21.900067	-106.210214
0.185879	25.124046	-107.588340
0.186484	28.063717	-108.246901
0.187090	31.016753	-108.197557
0.187695	33.618048	-107.771078
0.188301	36.048638	-106.511162
0.188906	38.227117	-104.674022
0.189512	40.149840	-102.310900
0.190117	41.959569	-99.367301
0.190723	43.562142	-95.653437
0.191328	44.876763	-91.392986
0.191934	45.924085	-86.683823
0.192539	46.652472	-81.697029
0.193145	47.183423	-76.041913
0.193750	47.281837	-69.621684
0.194355	47.023652	-63.425132
0.194961	46.730839	-56.658948
0.195566	46.106941	-49.382507
0.196172	45.179903	-41.824639
0.196777	44.054214	-34.114941
0.197383	42.733519	-26.226572
0.197988	41.121833	-18.149229
0.198594	39.185137	-10.020644
0.199199	36.980536	-1.856270
0.199805	34.615556	6.255776
0.200410	32.062252	14.486576
0.201016	29.358290	22.465500
0.201621	26.562595	30.355496
0.202227	23.667272	38.452360
0.202832	20.542922	45.914521
0.203437	17.298289	53.186352
0.204043	13.941876	60.356241
0.204648	10.615231	66.971952
0.205254	7.047410	73.135697
0.205859	3.455289	79.031301
0.206465	-0.189684	84.371912
0.207070	-3.721663	89.214468
0.207676	-7.178313	93.509894
0.208281	-10.554165	97.466144
0.208887	-13.938523	100.853845
0.209492	-17.225681	103.327043
0.210098	-20.466062	105.266668
0.210703	-23.716771	106.938965
0.211309	-26.799203	107.688082
0.211914	-29.634385	107.698927
0.212520	-32.332880	107.251300
0.213125	-34.850948	106.186052
0.213730	-36.982043	104.633050
0.214336	-38.960048	102.333643
0.214941	-40.733328	99.533197
0.215547	-42.320713	96.056567
0.216152	-43.729495	92.059920
0.216758	-44.850932	87.451616
0.217363	-45.687453	82.526367
0.217969	-46.291304	76.920596
0.218574	-46.542200	70.852828
0.219180	-46.541592	64.810818
0.219785	-46.188637	58.151185
0.220391	-45.603619	51.049891
0.220996	-44.826632	43.849907
0.221602	-43.783563	36.369581
0.222207	-42.482307	28.529201
0.222812	-40.964176	20.492527
0.223418	-39.265011	12.499504
0.224023	-37.249341	4.408876
0.224629	-34.997962	-3.789659
0.225234	-32.512698	-11.998769
0.225840	-29.828176	-19.883342
0.226445	-27.022154	-27.769000
0.227051	-24.058183	-35.907888
0.227656	-21.001873	-43.368693
0.228262	-17.846542	-50.626697
0.228867	-14.639573	-57.816107
0.229473	-11.224840	-64.671492
0.230078	-7.743284	-71.184717
0.230684	-4.129900	-77.073813
0.231289	-0.678111	-82.548631
0.231895	2.952890	-87.699727
0.232500	6.478186	-92.370932
0.233105	9.953668	-96.380322
0.233711	13.383588	-99.912804
0.234316	16.846312	-102.712436
0.234922	20.145013	-105.080980
0.235527	23.435816	-107.012200
0.236133	26.450209	-107.921010
0.236738	29.404459	-108.189965
0.237344	32.189826	-108.142789
0.237949	34.795982	-107.319384
0.238555	37.092923	-105.815999
0.239160	39.253784	-103.690382
0.239766	41.208097	-101.039055
0.240371	42.904832	-97.798574
0.240977	44.347027	-93.885434
0.241582	45.422901	-89.394526
0.242187	46.349939	-84.739589
0.242793	47.055242	-79.385964
0.243398	47.318287	-73.304098
0.244004	47.351092	-67.252597
0.244609	47.204686	-60.599743
0.245215	46.702894	-53.519868
0.245820	45.963572	-46.164258
0.246426	44.932652	-38.600968
0.247031	43.701866	-30.797732
0.247637	42.228082	-22.871134
0.248242	40.478495	-14.775626
0.248848	38.352261	-6.597154
0.249453	36.206587	1.601652
0.250059	33.810017	9.788258
0.250664	31.174701	17.832795
0.251270	28.434289	25.856997
0.251875	25.461814	33.942203
0.252480	22.486301	41.519321
0.253086	19.273864	48.895535
0.253691	15.987314	56.273377
0.254297	12.513047	63.146113
0.254902	9.079482	69.513202
0.255508	5.599140	75.641159
0.256113	1.962065	81.373003
0.256719	-1.637954	86.488039
0.257324	-5.148063	91.097970
0.257930	-8.598637	95.195204
0.258535	-12.030987	98.897681
0.259141	-15.392260	101.767264
0.259746	-18.636286	104.049319
0.260352	-21.927696	106.069739
0.260957	-25.029569	107.211987
0.261562	-28.000222	107.687268
0.262168	-30.760681	107.583428
0.262773	-33.304872	106.893687
0.263379	-35.713592	105.604761
0.263984	-37.836181	103.743491
0.264590	-39.805682	101.174585
0.265195	-41.427695	98.048519
0.265801	-42.963444	94.338451
0.266406	-44.296289	90.148763
0.267012	-45.212999	85.392967
0.267617	-45.986341	80.023074
0.268223	-46.400046	74.286892
0.268828	-46.612669	68.533087
0.269434	-46.440748	61.948285
0.270039	-46.026436	55.105372
0.270645	-45.452353	48.042306
0.271250	-44.464565	40.705947
0.271855	-43.337053	33.007365
0.272461	-41.973226	25.082666
0.273066	-40.375513	17.117026
0.273672	-38.493492	9.070320
0.274277	-36.364827	0.877479
0.274883	-34.050269	-7.307229
0.275488	-31.444721	-15.296186
0.276094	-28.850715	-23.352381
0.276699	-25.931092	-31.433248
0.277305	-22.952541	-38.971595
0.277910	-19.895016	-46.461411
0.278516	-16.645523	-53.843861
0.279121	-13.349252	-60.743168
0.279727	-9.813628	-67.416628
0.280332	-6.305949	-73.718918
0.280938	-2.736913	-79.393284
0.281543	0.711839	-84.752061
0.282148	4.294240	-89.779794
0.282754	7.798274	-94.195600
0.283359	11.223334	-98.096811
0.283965	14.609514	-101.169195
0.284570	18.032143	-103.879085
0.285176	21.461456	-106.221330
0.285781	24.678752	-107.333483
0.286387	27.571646	-107.980928
0.286992	30.548374	-108.335017
0.287598	33.201914	-107.927788
0.288203	35.658018	-106.792318
0.288809	37.793973	-105.084776
0.289414	39.892870	-102.736295
0.290020	41.782788	-99.873762
0.290625	43.407231	-96.281361
0.291230	44.700589	-92.117159
0.291836	45.859690	-87.576365
0.292441	46.680417	-82.427981
0.293047	47.148188	-76.832784
0.293652	47.304922	-71.068404
0.294258	47.187068	-64.490380
0.294863	46.845048	-57.596225
0.295469	46.328069	-50.552952
0.296074	45.504306	-43.046868
0.296680	44.487358	-35.330663
0.297285	43.203720	-27.485132
0.297891	41.632737	-19.469335
0.298496	39.677209	-11.338852
0.299102	37.549152	-3.147908
0.299707	35.278941	4.981491
0.300312	32.754190	13.050429
0.300918	30.085462	21.304274
0.301523	27.201681	29.389208
0.302129	24.345844	36.947076
0.302734	21.293179	44.740280
0.303340	18.108080	52.317398
0.303945	14.779005	59.294518
0.304551	11.389788	65.950083
0.305156	7.845659	72.224448
0.305762	4.250500	78.154213
0.306367	0.645622	83.564503
0.306973	-2.909442	88.447185
0.307578	-6.399504	92.891188
0.308184	-9.863443	96.923895
0.308789	-13.156676	100.217245
0.309395	-16.543464	102.999525
0.310000	-19.734638	105.228440
0.310605	-22.933101	106.552883
0.311211	-26.096331	107.447865
0.311816	-28.980112	107.830151
0.312422	-31.694402	107.326944
0.313027	-34.125599	106.350082
0.313633	-36.336275	104.914206
0.314238	-38.445499	102.716742
0.314844	-40.187797	99.941511
0.315449	-41.866914	96.555979
0.316055	-43.315791	92.686760
0.316660	-44.495547	88.308098
0.317266	-45.372163	83.161883
0.317871	-45.979051	77.724209
0.318477	-46.363596	72.115184
0.319082	-46.414626	65.611449
0.319688	-46.065923	59.023122
0.320293	-45.595114	52.231994
0.320898	-44.852755	45.014658
0.321504	-43.903239	37.498272
0.322109	-42.703435	29.700730
0.322715	-41.204137	21.732651
0.323320	-39.590021	13.692452
0.323926	-37.615661	5.573898
0.324531	-35.417134	-2.582071
0.325137	-32.934300	-10.651822
0.325742	-30.306882	-18.758988
0.326348	-27.598667	-26.753096
0.326953	-24.637126	-34.443273
0.327559	-21.593574	-42.291515
0.328164	-18.481374	-49.767504
0.328770	-15.302350	-56.830570
0.329375	-12.011547	-63.721742
0.329980	-8.517233	-70.349382
0.330586	-4.904457	-76.321443
0.331191	-1.314766	-81.790296
0.331797	2.246980	-86.984500
0.332402	5.807511	-91.804553
0.333008	9.259908	-95.979600
0.333613	12.673426	-99.337206
0.334219	16.011613	-102.437787
0.334824	19.420271	-105.111888
0.335430	22.729906	-106.654316
0.336035	25.815983	-107.896337
0.336641	28.761729	-108.422048
0.337246	31.558031	-108.310344
0.337852	34.162972	-107.633346
0.338457	36.538279	-106.238411
0.339062	38.630494	-104.252694
0.339668	40.603639	-101.647458
0.340273	42.330142	-98.568568
0.340879	43.820936	-94.763877
0.341484	45.009197	-90.406634
0.342090	45.981190	-85.512294
0.342695	46.688922	-80.378551
0.343301	47.146973	-74.574045
0.343906	47.125711	-68.118840
0.344512	46.914910	-61.676921
0.345117	46.548590	-54.920497
0.345723	45.891888	-47.598507
0.346328	44.943587	-39.928394
0.346934	43.673922	-32.252315
0.347539	42.304019	-24.335749
0.348145	40.592704	-16.203911
0.348750	38.614091	-8.062311
0.349355	36.410098	0.174995
0.349961	34.069418	8.255862
0.350566	31.530086	16.580742
0.351172	28.789067	24.601962
0.351777	25.937483	32.420923
0.352383	22.972904	40.428044
0.352988	19.741636	47.860924
0.353594	16.497002	55.100221
0.354199	13.078018	62.070291
0.354805	9.702772	68.597614
0.355410	6.249768	74.726656
0.356016	2.601757	80.478021
0.356621	-1.008588	85.733771
0.357227	-4.468883	90.432088
0.357832	-7.919457	94.619878
0.358438	-11.372462	98.318559
0.359043	-14.768362	101.533825
0.359648	-18.049445	103.824286
0.360254	-21.244871	105.599609
0.360859	-24.296929	107.243166
0.361465	-27.385436	107.818493
0.362070	-30.074211	107.712212
0.362676	-32.645740	107.062597
0.363281	-35.103667	105.962645
0.363887	-37.276678	104.128487
0.364492	-39.216411	101.672912
0.365098	-40.870622	98.644451
0.365703	-42.440390	95.046086
0.366309	-43.727673	90.951021
0.366914	-44.776210	86.141813
0.367520	-45.497307	81.110826
0.368125	-46.012464	75.433749
0.368730	-46.210507	69.326668
0.369336	-46.099335	63.145028
0.369941	-45.734838	56.364746
0.370547	-45.127950	49.263451
0.371152	-44.227034	41.966947
0.371758	-43.162095	34.359734
0.372363	-41.829249	26.474619
0.372969	-40.224246	18.477529
0.373574	-38.506249	10.455496
0.374180	-36.386090	2.336942
0.374785	-34.076999	-5.889248
0.375391	-31.467806	-14.127639
0.375996	-28.970999	-21.980219
0.376602	-26.138248	-29.895972
0.377207	-23.068573	-37.943491
0.377812	-20.059648	-45.309132
0.378418	-16.807117	-52.480105
0.379023	-13.617765	-59.610138
0.379629	-10.210930	-66.405875
0.380234	-6.594510	-72.759951
0.380840	-3.054026	-78.556594
0.381445	0.415381	-83.964173
0.382051	3.950397	-89.015223
0.382656	7.392467	-93.585570
0.383262	10.820564	-97.529077
0.383867	14.199454	-100.901324
0.384473	17.699843	-103.555904
0.385078	21.017376	-105.688299
0.385684	24.281450	-107.409398
0.386289	27.282478	-108.220060
0.386895	30.103079	-108.305464
0.387500	32.797322	-108.162039
0.388105	35.269221	-107.207952
0.388711	37.532142	-105.476279
0.389316	39.584262	-103.237604
0.389922	41.513668	-100.466982
0.390527	43.145400	-97.036172
0.391133	44.422356	-93.006448
0.391738	45.651927	-88.362898
0.392344	46.377884	-83.557215
0.392949	47.000567	-78.083481
0.393555	47.022437	-71.998633
0.394160	46.982950	-65.803437
0.394766	46.776401	-59.073041
0.395371	46.178626	-51.893934
0.395977	45.454491	-44.441804
0.396582	44.342167	-36.831338
0.397187	43.147223	-28.962761
0.397793	41.567735	-20.963773
0.398398	39.666274	-12.882635
0.399004	37.552189	-4.755947
0.399609	35.306278	3.426863
0.400215	32.788209	11.677454
0.400820	30.168689	19.646889
0.401426	27.402154	27.713929
0.402031	24.460661	35.820011
0.402637	21.447483	43.291933
0.403242	18.270282	50.743791
0.403848	14.972796	58.037042
0.404453	11.558671	64.774758
0.405059	8.038842	71.055359
0.405664	4.499573	77.068359
0.406270	0.890443	82.633462
0.406875	-2.618452	87.628931
0.407480	-6.167440	92.138546
0.408086	-9.616192	96.173964
0.408691	-12.996297	99.734643
0.409297	-16.325373	102.469747
0.409902	-19.577904	104.591026
0.410508	-22.820715	106.410272
0.411113	-25.843613	107.418584
0.411719	-28.781461	107.635484
0.412324	-31.446544	107.376831
0.412930	-33.996810	106.552341
0.413535	-36.236038	105.140595
0.414141	-38.351338	103.036940
0.414746	-40.105177	100.418419
0.415352	-41.770322	97.109615
0.415957	-43.228312	93.335019
0.416563	-44.323626	88.981572
0.417168	-45.321134	84.084520
0.417773	-45.999706	78.691582
0.418379	-46.331399	72.797063
0.418984	-46.332006	66.926674
0.419590	-46.116345	60.316657
0.420195	-45.555019	53.279077
0.420801	-44.840605	46.210318
0.421406	-43.874687	38.782047
0.422012	-42.631751	31.056895
0.422617	-41.278859	23.093154
0.423223	-39.629508	15.057835
0.423828	-37.621736	6.977510
0.424434	-35.507044	-1.163005
0.425039	-33.016920	-9.371030
0.425645	-30.396791	-17.295729
0.426250	-27.659417	-25.257302
0.426855	-24.605537	-33.301838
0.427461	-21.721148	-40.826358
0.428066	-18.611986	-48.270896
0.428672	-15.343053	-55.590717
0.429277	-12.125149	-62.499242
0.429883	-8.569478	-69.130677
0.430488	-4.996189	-75.217152
0.431094	-1.415003	-80.815874
0.431699	2.101181	-86.051018
0.432305	5.623440	-90.885983
0.432910	9.171214	-95.212317
0.433516	12.562861	-98.877108
0.434121	15.919274	-101.769193
0.434727	19.275079	-104.519752
0.435332	22.668549	-106.588975
0.435937	25.770421	-107.543604
0.436543	28.665745	-108.186441
0.437148	31.531909	-108.331221
0.437754	34.173299	-107.729325
0.438359	36.549214	-106.413828
0.438965	38.725871	-104.511618
0.439570	40.658314	-102.073666
0.440176	42.454071	-99.042765
0.440781	43.975847	-95.332154
0.441387	45.160463	-91.110474
0.441992	46.165261	-86.460417
0.442598	46.846263	-81.131735
0.443203	47.310390	-75.465774
0.443809	47.360204	-69.496966
0.444414	47.326792	-62.707194
0.445020	46.906405	-55.910644
0.445625	46.198673	-48.810976
0.446230	45.183548	-41.262055
0.446836	44.064541	-33.510604
0.447441	42.653937	-25.679172
0.448047	40.955379	-17.619181
0.448652	38.972514	-9.453180
0.449258	36.840812	-1.251662
0.449863	34.480692	6.843846
0.450469	31.912201	14.895432
0.451074	29.203986	23.224920
0.451680	26.302587	31.105155
0.452285	23.375067	38.724026
0.452891	20.174173	46.522382
0.453496	16.878509	53.881245
0.454102	13.507517	60.746661
0.454707	10.142599	67.366980
0.455313	6.648285	73.549433
0.455918	3.054342	79.438530
0.456523	-0.527452	84.721121
0.457129	-4.089198	89.470138
0.457734	-7.589587	93.814367
0.458340	-11.044414	97.614720
0.458945	-14.418444	100.718012
0.459551	-17.728687	103.449863
0.460156	-20.979396	105.344481
0.460762	-24.103745	106.564813
0.461367	-27.107811	107.568245
0.461973	-29.964862	107.604846
0.462578	-32.513306	107.045516
0.463184	-34.943895	105.940955
0.463789	-37.208031	104.315563
0.464395	-39.265618	101.931836
0.465000	-41.001841	98.967089
0.465605	-42.564319	95.491272
0.466211	-43.875294	91.532041
0.466816	-44.961496	86.868427
0.467422	-45.710538	81.698353
0.468027	-46.234199	76.331713
0.468633	-46.506357	70.364533
0.469238	-46.444393	63.807657
0.469844	-46.059848	57.314766
0.470449	-45.549552	50.288573
0.471055	-44.706348	43.014030
0.471660	-43.594024	35.501169
0.472266	-42.276366	27.618494
0.472871	-40.715103	19.737445
0.473477	-38.992853	11.659289
0.474082	-36.998445	3.532330
0.474687	-34.695430	-4.602220
0.475293	-32.226568	-12.714538
0.475898	-29.611300	-20.928798
0.476504	-26.753641	-28.625753
0.477109	-23.758080	-36.535812
0.477715	-20.704808	-44.371312
0.478320	-17.488119	-51.481282
0.478926	-14.243486	-58.532689
0.479531	-10.829361	-65.373433
0.480137	-7.289485	-71.860088
0.480742	-3.715588	-77.703636
0.481348	-0.156880	-83.129109
0.481953	3.347154	-88.282374
0.482559	6.907686	-93.002110
0.483164	10.360083	-96.903050
0.483770	13.778460	-100.210769
0.484375	17.280672	-103.259836
0.484980	20.657739	-105.487396
0.485586	23.870175	-106.959331
0.486191	26.869988	-108.146585
0.486797	29.751947	-108.448076
0.487402	32.606568	-108.197828
0.488008	35.022578	-107.353275
0.488613	37.360221	-105.745777
0.489219	39.501035	-103.626397
0.489824	41.507593	-100.894274
0.490430	43.158765	-97.519858
0.491035	44.501938	-93.602108
0.491641	45.702957	-89.075413
0.492246	46.558918	-84.203033
0.492852	47.111131	-78.949182
0.493457	47.377214	-72.950822
0.494063	47.303100	-66.496702
0.494668	47.133001	-60.029297
0.495273	46.674342	-53.026692
0.495879	45.887635	-45.619027
0.496484	44.914427	-37.980635
0.497090	43.636864	-30.179026
0.497695	42.081676	-22.313160
0.498301	40.267694	-14.152040
0.498906	38.251417	-6.006645
0.499512	36.018871	2.165049
0.500117	33.594356	10.282789
0.500723	31.016753	18.563747
0.501328	28.177926	26.436119
0.501934	25.335455	34.439445
0.502539	22.324707	42.305311
0.503145	19.080681	49.634892
0.503750	15.757073	56.813186
0.504355	12.367855	63.608109
0.504961	8.932468	70.063856
0.505566	5.378012	76.052726
0.506172	1.769489	81.708927
0.506777	-1.734546	86.845653
0.507383	-5.278674	91.401630
0.507988	-8.781494	95.478530
0.508594	-12.192581	99.145760
0.509199	-15.559928	102.112405
0.509805	-18.880499	104.238022
0.510410	-22.103263	105.933092
0.511016	-25.270137	107.282750
0.511621	-28.206770	107.624367
0.512227	-30.910733	107.380626
0.512832	-33.501701	106.619309
0.513437	-35.808361	105.339059
0.514043	-38.016608	103.355782
0.514648	-39.805682	100.780641
0.515254	-41.556484	97.588421
0.515859	-43.055783	93.891095
0.516465	-44.323626	89.544426
0.517070	-45.231224	84.722476
0.517676	-45.942602	79.581412
0.518281	-46.376353	73.709126
0.518887	-46.488133	67.651932
0.519492	-46.227517	61.346659
0.520098	-45.832645	54.428103
0.520703	-45.160755	47.304576
0.521309	-44.295681	39.897454
0.521914	-43.100738	32.209446
0.522520	-41.634851	24.292337
0.523125	-40.077232	16.306906
0.523730	-38.165444	8.237155
0.524336	-36.067155	0.129717
0.524941	-33.584928	-8.102167
0.525547	-31.030409	-16.173816
0.526152	-28.437011	-24.023956
0.526758	-25.522855	-32.187516
0.527363	-22.507247	-39.879320
0.527969	-19.499537	-47.190465
0.528574	-16.169246	-54.587827
0.529180	-12.954380	-61.595312
0.529785	-9.398101	-68.267688
0.530391	-5.816308	-74.462884
0.530996	-2.180447	-80.106070
0.531602	1.312652	-85.404115
0.532207	4.834303	-90.346445
0.532813	8.370535	-94.747339
0.533418	11.754892	-98.555012
0.534023	15.185419	-101.620346
0.534629	18.544262	-104.221244
0.535234	22.049511	-106.443923
0.535840	25.138626	-107.734747
0.536445	28.091662	-108.277538
0.537051	30.957825	-108.440755
0.537656	33.673938	-108.061181
0.538262	36.046815	-106.861726
0.538867	38.272071	-104.998016
0.539473	40.315686	-102.653873
0.540078	42.196492	-99.747960
0.540684	43.707941	-96.081000
0.541289	44.983074	-91.877214
0.541895	46.024322	-87.280297
0.542500	46.768504	-82.181529
0.543105	47.167021	-76.450227
0.543711	47.321932	-70.599088
0.544316	47.187676	-64.026757
0.544922	46.801916	-57.118233
0.545527	46.264282	-50.052998
0.546133	45.332384	-42.601953
0.546738	44.191508	-34.858364
0.547344	42.936422	-26.952372
0.547949	41.220247	-18.998662
0.548555	39.321216	-10.788198
0.549160	37.155495	-2.624908
0.549766	34.792945	5.552208
0.550371	32.355065	13.608403
0.550977	29.688160	21.768439
0.551582	26.814099	29.917088
0.552187	23.899943	37.476853
0.552793	20.793818	45.141545
0.553398	17.572269	52.689923
0.554004	14.198239	59.663789
0.554609	10.856406	66.362735
0.555215	7.306203	72.577994
0.555820	3.784551	78.494474
0.556426	0.082474	83.892293
0.557031	-3.402728	88.794496
0.557637	-6.866668	93.123813
0.558242	-10.330607	97.067862
0.558848	-13.721040	100.332472
0.559453	-16.983290	102.996271
0.560059	-20.211522	105.267482
0.560664	-23.460408	106.522517
0.561270	-26.466903	107.389302
0.561875	-29.303299	107.715465
0.562480	-32.013944	107.198160
0.563086	-34.448786	106.165988
0.563691	-36.706240	104.587501
0.564297	-38.729200	102.354248
0.564902	-40.499442	99.450233
0.565508	-42.041873	96.118384
0.566113	-43.433645	92.162676
0.566719	-44.488257	87.711353
0.567324	-45.392211	82.573543
0.567930	-45.829607	77.068901
0.568535	-46.183170	71.463672
0.569141	-46.214152	64.941500
0.569746	-45.850262	58.239572
0.570352	-45.305946	51.439226
0.570957	-44.512557	44.224601
0.571562	-43.459160	36.740750
0.572168	-42.128745	28.941852
0.572773	-40.639166	21.010917
0.573379	-38.887149	13.017081
0.573984	-36.972930	4.796584
0.574590	-34.692392	-3.316547
0.575195	-32.293392	-11.414495
0.575801	-29.633170	-19.525729
0.576406	-26.887897	-27.535832
0.577012	-23.918459	-35.222756
0.577617	-20.907104	-42.928116
0.578223	-17.714108	-50.406544
0.578828	-14.515036	-57.460392
0.579434	-11.156193	-64.323639
0.580039	-7.634542	-70.839575
0.580645	-4.145695	-76.884568
0.581250	-0.610679	-82.391650
0.581855	2.898823	-87.547897
0.582461	6.422904	-92.279021
0.583066	9.885629	-96.421804
0.583672	13.327091	-99.771548
0.584277	16.708411	-102.769914
0.584883	20.173565	-105.385724
0.585488	23.416376	-106.827293
0.586094	26.331140	-107.999907
0.586699	29.274455	-108.528329
0.587305	32.011223	-108.453227
0.587910	34.613733	-107.674828
0.588516	36.965956	-106.199369
0.589121	39.063638	-104.186540
0.589727	41.040429	-101.498340
0.590332	42.703751	-98.324827
0.590938	44.099776	-94.500886
0.591543	45.346964	-90.107855
0.592148	46.200495	-85.189927
0.592754	46.835936	-79.982438
0.593359	47.148188	-74.286111
0.593965	47.199826	-67.772343
0.594570	46.974445	-61.180492
0.595176	46.535833	-54.408343
0.595781	45.792258	-47.026434
0.596387	44.754049	-39.435489
0.596992	43.565180	-31.677260
0.597598	42.030039	-23.768557
0.598203	40.283489	-15.667897
0.598809	38.282399	-7.497559
0.599414	36.044385	0.687420
0.600020	33.704313	8.827664
0.600625	31.110914	17.111875
0.601230	28.378400	25.129028
0.601836	25.455739	32.859331
0.602441	22.471721	40.885703
0.603047	19.264144	48.351659
0.603652	16.052316	55.547576
0.604258	12.649126	62.387235
0.604863	9.180326	68.893411
0.605469	5.713957	74.956027
0.606074	2.134593	80.723931
0.606680	-1.385843	85.934945
0.607285	-4.849783	90.660104
0.607891	-8.334377	94.838947
0.608496	-11.757614	98.387154
0.609102	-15.116457	101.596455
0.609707	-18.468009	104.035763
0.610313	-21.653716	105.647598
0.610918	-24.768345	107.072900
0.611523	-27.700726	107.762370
0.612129	-30.503711	107.541403
0.612734	-33.049117	106.820212
0.613340	-35.448724	105.586053
0.613945	-37.551874	103.771687
0.614551	-39.424782	101.254567
0.615156	-41.101470	98.153716
0.615762	-42.653621	94.541794
0.616367	-43.927539	90.356716
0.616973	-44.909859	85.557811
0.617578	-45.581142	80.430575
0.618184	-46.011856	74.872792
0.618789	-46.198965	68.577551
0.619395	-45.967509	62.280955
0.620000	-45.591469	55.602614
0.620605	-44.974254	48.417814
0.621211	-44.071515	41.090944
0.621816	-42.905124	33.484002
0.622422	-41.530362	25.623559
0.623027	-39.939331	17.622131
0.623633	-38.094367	9.564581
0.624238	-35.921356	1.482629
0.624844	-33.582498	-6.659784
0.625449	-31.044382	-14.888956
0.626055	-28.393879	-22.797660
0.626660	-25.622484	-30.628821
0.627266	-22.598979	-38.715111
0.627871	-19.481919	-46.095393
0.628477	-16.309578	-53.257148
0.629082	-12.993260	-60.336210
0.629687	-9.607687	-67.097243
0.630293	-6.024679	-73.419597
0.630898	-2.459895	-79.150356
0.631504	0.977314	-84.556038
0.632109	4.519013	-89.572113
0.632715	7.993888	-94.035908
0.633320	11.454182	-97.868524
0.633926	14.858587	-101.202814
0.634531	18.301871	-103.864444
0.635137	21.703239	-105.887847
0.635742	24.822728	-107.609216
0.636348	27.834691	-108.352369
0.636953	30.636460	-108.403882
0.637559	33.286356	-108.202979
0.638164	35.769797	-107.149389
0.638770	38.029681	-105.419072
0.639375	40.018621	-103.140541
0.639980	41.941952	-100.259030
0.640586	43.579760	-96.778604
0.641191	44.843958	-92.649648
0.641797	45.849363	-87.984950
0.642402	46.644575	-83.197975
0.643008	47.194358	-77.606844
0.643613	47.271510	-71.468313
0.644219	47.193143	-65.253054
0.644824	46.838973	-58.529978
0.645430	46.335967	-51.327283
0.646035	45.483043	-43.860784
0.646641	44.409599	-36.197720
0.647246	43.013574	-28.373607
0.647852	41.489975	-20.352387
0.648457	39.521690	-12.272605
0.649062	37.345033	-4.133988
0.649668	35.055990	4.111181
0.650273	32.590166	12.305108
0.650879	29.961533	20.295962
0.651484	27.170698	28.354597
0.652090	24.253505	36.462848
0.652695	21.138876	43.856957
0.653301	17.981721	51.296614
0.653906	14.572457	58.454845
0.654512	11.099405	65.121798
0.655117	7.718085	71.415683
0.655723	4.105309	77.321047
0.656328	0.568470	82.907568
0.656934	-2.981734	87.858032
0.657539	-6.435953	92.348668
0.658145	-9.894425	96.283227
0.658750	-13.245371	99.888642
0.659355	-16.643093	102.520990
0.659961	-19.771087	104.741500
0.660566	-22.972589	106.510588
0.661172	-26.137640	107.304712
0.661777	-28.947915	107.494228
0.662383	-31.680429	107.227441
0.662988	-34.089757	106.360385
0.663594	-36.404922	104.829344
0.664199	-38.509286	102.734907
0.664805	-40.266771	99.975130
0.665410	-41.967151	96.628640
0.666016	-43.315183	92.781654
0.666621	-44.431760	88.382387
0.667227	-45.326601	83.541458
0.667832	-45.879422	78.035731
0.668438	-46.237237	72.131994
0.669043	-46.197142	66.232324
0.669648	-45.938349	59.529583
0.670254	-45.359406	52.508270
0.670859	-44.637701	45.392877
0.671465	-43.685756	37.949424
0.672070	-42.444035	30.164895
0.672676	-40.879734	22.240467
0.673281	-39.187859	14.240937
0.673887	-37.163076	6.130246
0.674492	-34.987635	-2.004033
0.675098	-32.592888	-10.210702
0.675703	-29.968507	-18.132148
0.676309	-27.232955	-26.155537
0.676914	-24.302396	-34.227729
0.677520	-21.281321	-41.625362
0.678125	-18.116270	-49.084541
0.678730	-14.897151	-56.356915
0.679336	-11.541346	-63.221789
0.679941	-8.096239	-69.830450
0.680547	-4.521127	-75.925059
0.681152	-0.952699	-81.532457
0.681758	2.482688	-86.701175
0.682363	6.003732	-91.546442
0.682969	9.525384	-95.793066
0.683574	12.946191	-99.428033
0.684180	16.366391	-102.246102
0.684785	19.758038	-104.851337
0.685391	23.071319	-106.893719
0.685996	26.137956	-107.858651
0.686602	29.008980	-108.344777
0.687207	31.813787	-108.436417
0.687813	34.418727	-107.820422
0.688418	36.781885	-106.498148
0.689023	38.841902	-104.579671
0.689629	40.807150	-102.076920
0.690234	42.590757	-98.962512
0.690840	44.064541	-95.166226
0.691445	45.252802	-90.835553
0.692051	46.238768	-86.193359
0.692656	46.915518	-80.826177
0.693262	47.120244	-75.153167
0.693867	47.346839	-69.103294
0.694473	47.154263	-62.349581
0.695078	46.720512	-55.426958
0.695684	45.999414	-48.271167
0.696289	45.009197	-40.735260
0.696895	43.796028	-32.973778
0.697500	42.369629	-25.058025
0.698105	40.667426	-17.055513
0.698711	38.653579	-8.868365
0.699316	36.430145	-0.654375
0.699922	34.009883	7.478548
0.700527	31.460832	15.572972
0.701133	28.818834	23.778828
0.701738	25.868836	31.838005
0.702344	22.952250	39.362796
0.702949	19.789628	46.972720
0.703555	16.489105	54.396110
0.704160	13.096850	61.246072
0.704766	9.713707	67.814064
0.705371	6.184158	73.955307
0.705977	2.591430	79.711552
0.706582	-0.911389	85.027762
0.707187	-4.464023	89.756988
0.707793	-7.913382	94.069495
0.708398	-11.401622	97.829451
0.709004	-14.650508	100.917288
0.709609	-17.954676	103.505714
0.710215	-21.108185	105.620486
0.710820	-24.289031	106.688717
0.711426	-27.294919	107.405028
0.712031	-30.080894	107.494770
0.712637	-32.677330	106.898838
0.713242	-35.062357	105.720260
0.713848	-37.211069	104.020309
0.714453	-39.226131	101.620314
0.715059	-40.894921	98.649331
0.715664	-42.374780	95.101124
0.716270	-43.709448	91.052963
0.716875	-44.683871	86.491564
0.717480	-45.496092	81.156104
0.718086	-45.936527	75.690504
0.718691	-46.130318	69.876509
0.719297	-46.096298	63.248598
0.719902	-45.662546	56.556973
0.720508	-45.027106	49.656311
0.721113	-44.217922	42.347606
0.721719	-43.055175	34.776724
0.722324	-41.717470	26.893506
0.722930	-40.190227	18.941694
0.723535	-38.359235	10.886313
0.724141	-36.288890	2.739562
0.724746	-33.982230	-5.377636
0.725352	-31.410701	-13.435729
0.725957	-28.808191	-21.620708
0.726562	-25.940204	-29.489827
0.727168	-23.126285	-37.210370
0.727773	-19.952121	-44.941758
0.728379	-16.748797	-52.279202
0.728984	-13.502949	-59.231377
0.729590	-10.049944	-66.016812
0.730195	-6.618809	-72.504009
0.730801	-2.996314	-78.301736
0.731406	0.516833	-83.706876
0.732012	4.029979	-88.808897
0.732617	7.501816	-93.428046
0.733223	10.962718	-97.411408
0.733828	14.353758	-100.551573
0.734434	17.797043	-103.503848
0.735039	21.179578	-105.837417
0.735645	24.307572	-107.162403
0.736250	27.321357	-108.230905
0.736855	30.169904	-108.609395
0.737461	32.870829	-108.292721
0.738066	35.429600	-107.376591
0.738672	37.628126	-105.773703
0.739277	39.667489	-103.574070
0.739883	41.609044	-100.803177
0.740488	43.224375	-97.433641
0.741094	44.573015	-93.444585
0.741699	45.672582	-88.960727
0.742305	46.481158	-83.895578
0.742910	46.994492	-78.584790
0.743516	47.168236	-72.807397
0.744121	47.184638	-66.113603
0.744727	46.884535	-59.488404
0.745332	46.445924	-52.596146
0.745938	45.586925	-45.132629
0.746543	44.584557	-37.429981
0.747148	43.203720	-29.711065
0.747754	41.615119	-21.748679
0.748359	39.764080	-13.643139
0.748965	37.665183	-5.445417
0.749570	35.466050	2.715703
0.750176	33.042143	10.838595
0.750781	30.348507	19.103285
0.751387	27.571038	27.105797
0.751992	24.710949	34.875685
0.752598	21.636414	42.763511
0.753203	18.416081	50.167381
0.753809	15.054808	57.284400
0.754414	11.720265	64.052482
0.755020	8.219876	70.427434
0.755625	4.652662	76.420642
0.756230	1.126758	82.055695
0.756836	-2.430735	87.078006
0.757441	-5.892245	91.721557
0.758047	-9.358007	95.733116
0.758652	-12.741757	99.197274
0.759258	-16.049570	102.219228
0.759863	-19.436357	104.348098
0.760469	-22.650616	105.850671
0.761074	-25.517387	107.249402
0.761680	-28.472246	107.548453
0.762285	-31.168311	107.282208
0.762891	-33.708857	106.442807
0.763496	-35.969955	105.095318
0.764102	-38.017215	103.090351
0.764707	-39.893161	100.414894
0.765312	-41.481762	97.210202
0.765918	-42.984706	93.463261
0.766523	-44.175397	89.130690
0.767129	-45.051406	84.188632
0.767734	-45.660116	79.033470
0.768340	-46.060456	73.304337
0.768945	-46.082326	66.955684
0.769551	-45.885497	60.625197
0.770156	-45.406183	53.798009
0.770762	-44.652281	46.604533
0.771367	-43.795105	39.152403
0.771973	-42.527262	31.493677
0.772578	-41.150069	23.573586
0.773184	-39.476419	15.546673
0.773789	-37.519676	7.520301
0.774395	-35.342412	-0.620213
0.775000	-32.953132	-8.771302
0.775605	-30.299592	-16.952214
0.776211	-27.655772	-24.833534
0.776816	-24.781103	-32.677981
0.777422	-21.671333	-40.685645
0.778027	-18.618668	-48.052370
0.778633	-15.358240	-55.175354
0.779238	-12.080802	-62.140815
0.779844	-8.613217	-68.821595
0.780449	-5.036284	-74.944672
0.781055	-1.501267	-80.643168
0.781660	1.970570	-85.892682
0.782266	5.549933	-90.790276
0.782871	8.979245	-95.164870
0.783477	12.387903	-98.757000
0.784082	15.781373	-102.021068
0.784687	19.200965	-104.510805
0.785293	22.453496	-106.402441
0.785898	25.588173	-107.935108
0.786504	28.566116	-108.430453
0.787109	31.324753	-108.428284
0.787715	33.960068	-108.035966
0.788320	36.366966	-106.785540
0.788926	38.517500	-104.937826
0.789531	40.480318	-102.452427
0.790137	42.272429	-99.498525
0.790742	43.826403	-95.797675
0.791348	45.023777	-91.585755
0.791953	46.057734	-86.825892
0.792559	46.708969	-81.924232
0.793164	47.233238	-76.057367
0.793770	47.244780	-69.858647
0.794375	47.094729	-63.636609
0.794980	46.808598	-56.722662
0.795586	46.126988	-49.474960
0.796191	45.172613	-41.968064
0.796797	44.012297	-34.306084
0.797402	42.683096	-26.371895
0.798008	40.954164	-18.384836
0.798613	39.002889	-10.237544
0.799219	36.815905	-2.095131
0.799824	34.590041	6.155189
0.800430	31.997250	14.341795
0.801035	29.318195	22.272731
0.801641	26.470256	30.440087
0.802246	23.431564	38.285076
0.802852	20.327869	45.639058
0.803457	17.107535	53.107184
0.804063	13.768740	60.170250
0.804668	10.288398	66.753154
0.805273	6.820814	72.964075
0.805879	3.317995	78.872151
0.806484	-0.291744	84.281628
0.807090	-3.824938	89.111983
0.807695	-7.318037	93.375959
0.808301	-10.756461	97.282050
0.808906	-14.109229	100.613086
0.809512	-17.362368	103.059986
0.810117	-20.647703	105.171232
0.810723	-23.810325	106.713118
0.811328	-26.719014	107.387405
0.811934	-29.609477	107.538692
0.812539	-32.225353	107.053921
0.813145	-34.584258	105.979997
0.813750	-36.876339	104.296313
0.814355	-38.870139	102.047064
0.814961	-40.592996	99.124070
0.815566	-42.206504	95.673197
0.816172	-43.515657	91.669772
0.816777	-44.577559	87.112710
0.817383	-45.360013	82.183395
0.817988	-45.834467	76.484357
0.818594	-46.109663	70.644605
0.819199	-46.107233	64.534813
0.819805	-45.756100	57.717928
0.820410	-45.141922	50.757890
0.821016	-44.377693	43.521575
0.821621	-43.303641	35.994344
0.822227	-41.981731	28.148000
0.822832	-40.417430	20.215166
0.823438	-38.686068	12.184186
0.824043	-36.645490	4.056685
0.824648	-34.376494	-4.136970
0.825254	-31.857818	-12.279112
0.825859	-29.251662	-20.151213
0.826465	-26.598729	-28.304199
0.827070	-23.603777	-36.184164
0.827676	-20.503727	-43.549262
0.828281	-17.342320	-50.971568
0.828887	-14.022357	-58.169654
0.829492	-10.730339	-64.965120
0.830098	-7.167378	-71.472109
0.830703	-3.634184	-77.431969
0.831309	-0.117393	-82.920885
0.831914	3.423699	-87.971123
0.832520	6.919228	-92.654528
0.833125	10.397140	-96.773995
0.833730	13.822200	-100.228664
0.834336	17.196837	-102.911983
0.834941	20.538062	-105.520202
0.835547	23.791808	-107.238318
0.836152	26.785546	-107.962763
0.836758	29.697880	-108.546223
0.837363	32.430395	-108.383006
0.837969	34.980661	-107.540080
0.838574	37.256339	-106.047268
0.839180	39.321824	-103.939545
0.839785	41.248799	-101.298792
0.840391	42.984414	-97.988090
0.840996	44.390159	-94.018827
0.841602	45.485473	-89.646672
0.842207	46.371202	-84.800863
0.842812	46.966547	-79.322520
0.843418	47.134216	-73.684485
0.844023	47.211975	-67.377315
0.844629	47.058887	-60.498343
0.845234	46.528543	-53.611508
0.845840	45.777679	-46.335338
0.846445	44.767414	-38.729752
0.847051	43.542095	-30.900217
0.847656	42.014244	-23.044383
0.848262	40.208767	-14.972463
0.848867	38.088000	-6.784230
0.849473	35.903446	1.409967
0.850078	33.502017	9.466976
0.850684	30.963900	17.647617
0.851289	28.199796	25.915560
0.851895	25.365222	33.676772
0.852500	22.320454	41.349868
0.853105	19.128673	49.047365
0.853711	15.830580	56.241113
0.854316	12.374538	62.996452
0.854922	9.009620	69.488259
0.855527	5.451519	75.509664
0.856133	1.894633	81.188368
0.856738	-1.597859	86.350850
0.857344	-5.166288	91.009041
0.857949	-8.652704	95.207947
0.858555	-12.026127	98.807668
0.859160	-15.381932	101.695958
0.859766	-18.633856	104.268388
0.860371	-21.800730	105.807291
0.860977	-24.937229	106.929746
0.861582	-27.839843	107.692420
0.862187	-30.652547	107.465488
0.862793	-33.091641	106.674889
0.863398	-35.426854	105.413889
0.864004	-37.610193	103.483753
0.864609	-39.494644	100.909426
0.865215	-41.232081	97.771701
0.865820	-42.655443	94.139717
0.866426	-43.865574	89.919663
0.867031	-44.860652	85.040505
0.867637	-45.474223	79.809428
0.868242	-45.925592	74.354673
0.868848	-46.062886	68.056450
0.869453	-45.898254	61.570608
0.870059	-45.418940	54.937275
0.870664	-44.797473	47.787449
0.871270	-43.861322	40.380597
0.871875	-42.622031	32.771216
0.872480	-41.302551	24.858717
0.873086	-39.724885	16.870303
0.873691	-37.833751	8.801365
0.874297	-35.721490	0.629129
0.874902	-33.402072	-7.477225
0.875508	-30.816571	-15.655697
0.876113	-28.173965	-23.695895
0.876719	-25.420796	-31.428639
0.877324	-22.386963	-39.379366
0.877930	-19.270511	-46.979801
0.878535	-16.019803	-54.066455
0.879141	-12.789141	-61.084514
0.879746	-9.354969	-67.778579
0.880352	-5.840000	-74.109880
0.880957	-2.229654	-79.760387
0.881563	1.272557	-85.116181
0.882168	4.717057	-90.091317
0.882773	8.258756	-94.545622
0.883379	11.674095	-98.305848
0.883984	15.077285	-101.514065
0.884590	18.493233	-104.260557
0.885195	21.752446	-106.167376
0.885801	24.950302	-107.670219
0.886406	27.902123	-108.484406
0.887012	30.745810	-108.516128
0.887617	33.392060	-108.168546
0.888223	35.895549	-107.036601
0.888828	38.025428	-105.307911
0.889434	40.009509	-102.886769
0.890039	41.899427	-99.954015
0.890645	43.463121	-96.451899
0.891250	44.754049	-92.315080
0.891855	45.729079	-87.572027
0.892461	46.447746	-82.684465
0.893066	47.017577	-77.183890
0.893672	47.048559	-70.887564
0.894277	46.973230	-64.526982
0.894883	46.674949	-57.834002
0.895488	46.071706	-50.677127
0.896094	45.219390	-43.203036
0.896699	44.124076	-35.509063
0.897305	42.803381	-27.667328
0.897910	41.165573	-19.679185
0.898516	39.270794	-11.545991
0.899121	37.169467	-3.326308
0.899727	34.855517	4.818003
0.900332	32.441937	13.065883
0.900937	29.740404	21.142684
0.901543	26.956253	28.982521
0.902148	24.065789	37.079114
0.902754	20.907420	44.695274
0.903359	17.729003	51.988524
0.903965	14.392030	59.088192
0.904570	11.041693	65.826721
0.905176	7.548593	72.100815
0.905781	4.051242	77.999401
0.906387	0.458513	83.504314
0.906992	-3.097158	88.469960
0.907598	-6.517965	92.856755
0.908203	-9.899285	96.714586
0.908809	-13.329205	100.183083
0.909414	-16.689263	102.910596
0.910020	-19.783237	104.842358
0.910625	-22.958616	106.507876
0.911230	-26.005814	107.493685
0.911836	-28.881698	107.563907
0.912441	-31.565613	107.201413
0.913047	-34.044802	106.266847
0.913652	-36.266413	104.726046
0.914258	-38.233484	102.610461
0.914863	-40.076017	99.798357
0.915469	-41.552839	96.475726
0.916074	-42.976201	92.592951
0.916680	-44.093385	87.996305
0.917285	-44.963319	83.055874
0.917891	-45.577497	77.664020
0.918496	-45.893394	71.558295
0.919102	-45.886104	65.441725
0.919707	-45.652219	58.903285
0.920312	-45.046546	51.937011
0.920918	-44.312084	44.685784
0.921523	-43.257471	37.298725
0.922129	-41.963506	29.565981
0.922734	-40.483039	21.584345
0.923340	-38.861026	13.573157
0.923945	-36.899423	5.422611
0.924551	-34.759217	-2.705161
0.925156	-32.208343	-10.930267
0.925762	-29.633170	-18.977515
0.926367	-26.883645	-26.766652
0.926973	-23.825512	-34.896593
0.927578	-20.978181	-42.562369
0.928184	-17.842897	-49.876496
0.928789	-14.598871	-57.058585
0.929395	-11.379144	-63.998018
0.930000	-7.933430	-70.575500
0.930605	-4.328551	-76.555965
0.931211	-0.818442	-82.099649
0.931816	2.759099	-87.189470
0.932422	6.271030	-91.907038
0.933027	9.793289	-96.050092
0.933633	13.156384	-99.705936
0.934238	16.530415	-102.602901
0.934844	19.778086	-105.005607
0.935449	23.073749	-107.069407
0.936055	26.097861	-108.286485
0.936660	28.957343	-108.549747
0.937266	31.730560	-108.528600
0.937871	34.390783	-107.882510
0.938477	36.770950	-106.435518
0.939082	38.893539	-104.360331
0.939688	40.753691	-101.812573
0.940293	42.438276	-98.641501
0.940898	43.947902	-94.818915
0.941504	44.995832	-90.413955
0.942109	45.987265	-85.704250
0.942715	46.628780	-80.498116
0.943320	46.964725	-74.495148
0.943926	47.010287	-68.507362
0.944531	46.869955	-61.894363
0.945137	46.402791	-54.822892
0.945742	45.689592	-47.646767
0.946348	44.707271	-40.092966
0.946953	43.452186	-32.327417
0.947559	42.008169	-24.450435
0.948164	40.251899	-16.393427
0.948770	38.252024	-8.234204
0.949375	36.129435	0.094471
0.949980	33.756557	8.316865
0.950586	31.282836	16.394479
0.951191	28.581911	24.520082
0.951797	25.706634	32.658699
0.952402	22.616912	40.171832
0.953008	19.513825	47.604440
0.953613	16.190217	55.021866
0.954219	12.837449	61.920630
0.954824	9.431222	68.436024
0.955430	5.978217	74.609801
0.956035	2.471146	80.395328
0.956641	-1.073590	85.656229
0.957246	-4.610429	90.336652
0.957852	-8.022124	94.593037
0.958457	-11.498213	98.299852
0.959063	-14.818784	101.231250
0.959668	-18.138139	103.744575
0.960273	-21.311088	105.811357
0.960879	-24.368613	106.911852
0.961484	-27.240852	107.577463
0.962090	-30.004957	107.581259
0.962695	-32.612935	106.987225
0.963301	-35.011935	105.728393
0.963906	-37.149712	103.908063
0.964512	-39.082762	101.493157
0.965117	-40.831134	98.376851
0.965723	-42.339546	94.817257
0.966328	-43.472525	90.667424
0.966934	-44.496155	86.100873
0.967539	-45.182625	80.810691
0.968145	-45.652219	75.199226
0.968750	-45.830822	69.375742
0.969355	-45.762175	62.757592
0.969961	-45.339359	55.996830
0.970566	-44.708171	49.052516
0.971172	-43.856462	41.676031
0.971777	-42.720445	34.081561
0.972383	-41.353580	26.249857
0.972988	-39.758905	18.312143
0.973594	-37.848939	10.264895
0.974199	-35.801071	2.079645
0.974805	-33.496841	-6.002849
0.975410	-30.973912	-14.138755
0.976016	-28.351354	-22.386906
0.976621	-25.562342	-30.219423
0.977227	-22.697393	-37.940508
0.977832	-19.566969	-45.657527
0.978437	-16.363038	-53.038893
0.979043	-13.075272	-59.899699
0.979648	-9.660540	-66.602712
0.980254	-6.117018	-72.978748
0.980859	-2.540692	-78.775391
0.981465	0.916565	-84.161009
0.982070	4.384149	-89.206908
0.982676	7.804956	-93.837987
0.983281	11.250671	-97.773902
0.983887	14.629561	-100.929792
0.984492	18.040041	-103.785547
0.985098	21.409819	-106.052961
0.985703	24.621040	-107.294170
0.986309	27.589263	-108.309802
0.986914	30.405005	-108.577673
0.987520	33.138127	-108.205148
0.988125	35.467265	-107.274649
0.988730	37.691306	-105.634887
0.989336	39.725201	-103.361237
0.989941	41.644279	-100.485961
0.990547	43.209795	-97.071689
0.991152	44.539603	-93.020275
0.991758	45.632487	-88.407904
0.992363	46.405829	-83.382882
0.992969	46.913088	-78.095140
0.993574	47.027297	-72.212279
0.994180	46.937995	-65.532041
0.994785	46.586863	-59.077650
0.995391	46.104511	-52.031936
0.995996	45.215745	-44.525853
0.996602	44.158703	-36.822933
0.997207	42.856840	-28.922906
0.997812	41.389738	-20.949404
0.998418	39.516830	-12.839526
0.999023	37.352323	-4.645871
0.999629	35.075430	3.495186
1.000234	32.598063	11.572258
1.000840	30.021067	19.833694
1.001445	27.199251	27.728299
1.002051	24.284487	35.552954
1.002656	21.328414	43.483889
1.003262	18.151820	50.869051
1.003867	14.859802	57.952180
1.004473	11.412872	64.736530
1.005078	7.902156	71.096841
1.005684	4.438824	77.025250
1.006289	0.897733	82.614212
1.006895	-2.712613	87.619442
1.007500	-6.165010	92.123905
1.008105	-9.512918	96.091000
1.008711	-12.900313	99.499578
1.009316	-16.209341	102.564370
1.009922	-19.411450	104.593737
1.010527	-22.509070	106.085464
1.011133	-25.629167	107.335620
1.011738	-28.553650	107.706518
1.012344	-31.265510	107.330468
1.012949	-33.678482	106.495947
1.013555	-35.900701	105.117821
1.014160	-37.975905	103.018232
1.014766	-39.731567	100.386697
1.015371	-41.328673	97.041563
1.015977	-42.704043	93.275914
1.016582	-43.997401	88.787447
1.017187	-44.886774	83.758628
1.017793	-45.574459	78.505590
1.018398	-45.800448	72.700000
1.019004	-45.898254	66.329929
1.019609	-45.542870	60.014624
1.020215	-45.037433	53.131585
1.020820	-44.239184	45.983386
1.021426	-43.286631	38.583313
1.022031	-42.154260	30.869277
1.022637	-40.735758	22.888726
1.023242	-39.031733	14.849069
1.023848	-37.107187	6.778776
1.024453	-35.002215	-1.362824
1.025059	-32.450126	-9.519877
1.025664	-29.845793	-17.708110
1.026270	-27.261507	-25.480708
1.026875	-24.314546	-33.400528
1.027480	-21.345108	-41.395177
1.028086	-18.232909	-48.656978
1.028691	-15.115849	-55.874584
1.029297	-11.882758	-62.798834
1.029902	-8.353209	-69.402344
1.030508	-4.764733	-75.515389
1.031113	-1.199342	-81.086457
1.031719	2.328992	-86.243246
1.032324	5.816624	-91.084175
1.032930	9.287853	-95.359538
1.033535	12.593844	-99.113800
1.034141	15.989136	-102.202179
1.034746	19.243490	-104.681613
1.035352	22.613267	-106.750836
1.035957	25.676260	-108.164751
1.036563	28.539386	-108.539174
1.037168	31.437139	-108.539445
1.037773	34.111335	-107.915858
1.038379	36.450192	-106.661365
1.038984	38.637784	-104.690832
1.039590	40.519197	-102.220074
1.040195	42.249345	-99.201915
1.040801	43.698829	-95.524382
1.041406	44.872510	-91.232209
1.042012	45.897963	-86.529824
1.042617	46.671304	-81.413704
1.043223	47.109309	-75.495055
1.043828	47.228985	-69.432439
1.044434	47.062532	-63.000822
1.045039	46.607517	-56.006622
1.045645	45.913150	-48.831311
1.046250	44.964242	-41.322516
1.046855	43.742569	-33.580554
1.047461	42.292477	-25.698421
1.048066	40.674716	-17.672050
1.048672	38.749563	-9.440709
1.049277	36.637301	-1.206656
1.049883	34.327603	7.069964
1.050488	31.734812	15.062987
1.051094	29.039962	23.092611
1.051699	26.054122	31.265661
1.052305	23.101086	38.917067
1.052910	19.991316	46.352658
1.053516	16.736356	53.904561
1.054121	13.462562	60.865955
1.054727	10.107972	67.492240
1.055332	6.750952	73.766604
1.055937	3.189813	79.535050
1.056543	-0.351278	84.855598
1.057148	-3.961624	89.588620
1.057754	-7.444396	93.836328
1.058359	-10.937495	97.603333
1.058965	-14.295730	100.796095
1.059570	-17.489334	103.314571
1.060176	-20.638591	105.555958
1.060781	-23.655414	106.718269
1.061387	-26.649152	107.506970
1.061992	-29.505595	107.803852
1.062598	-32.068012	107.151526
1.063203	-34.528368	105.982979
1.063809	-36.777317	104.235853
1.064414	-38.845839	101.886558
1.065020	-40.586314	98.929132
1.065625	-41.997526	95.380925
1.066230	-43.251396	91.397292
1.066836	-44.270166	86.928346
1.067441	-45.055051	81.654160
1.068047	-45.527075	76.159821
1.068652	-45.864842	70.330914
1.069258	-45.840542	63.762921
1.069863	-45.522822	57.082955
1.070469	-44.903784	50.118036
1.071074	-44.110395	42.823972
1.071680	-42.907554	35.321684
1.072285	-41.536437	27.563455
1.072891	-40.041998	19.593749
1.073496	-38.246848	11.466248
1.074102	-36.225103	3.340374
1.074707	-34.060597	-4.826440
1.075312	-31.542528	-12.952314
1.075918	-28.967354	-21.184469
1.076523	-26.154043	-29.013461
1.077129	-23.270869	-36.681948
1.077734	-20.127687	-44.449938
1.078340	-16.866044	-51.782773
1.078945	-13.607438	-58.730610
1.079551	-10.317850	-65.504657
1.080156	-6.825358	-71.927056
1.080762	-3.326791	-77.939514
1.081367	0.169953	-83.405656
1.081973	3.568890	-88.490326
1.082578	7.080822	-93.146890
1.083184	10.594576	-97.146520
1.083789	14.000803	-100.439056
1.084395	17.428293	-103.336022
1.085000	20.734284	-105.613740
1.085605	23.913308	-107.070221
1.086211	26.876063	-108.201352
1.086816	29.736152	-108.554085
1.087422	32.408525	-108.335559
1.088027	34.920519	-107.503749
1.088633	37.212599	-105.977589
1.089238	39.275654	-103.744878
1.089844	41.229967	-100.982932
1.090449	42.980162	-97.612312
1.091055	44.286277	-93.798674
1.091660	45.383414	-89.248119
1.092266	46.207785	-84.254818
1.092871	46.755139	-79.102096
1.093477	47.056457	-73.205950
1.094082	46.959257	-66.661004
1.094688	46.749671	-60.075388
1.095293	46.334144	-53.082001
1.095898	45.639777	-45.657255
1.096504	44.582735	-37.990395
1.097109	43.274190	-30.194751
1.097715	41.805265	-22.264087
1.098320	39.942077	-14.208434
1.098926	37.860190	-6.029419
1.099531	35.582689	2.147697
1.100137	33.208596	10.301768
1.100742	30.660760	18.576218
1.101348	27.879646	26.512034
1.101953	25.040212	34.400403
1.102559	22.034324	42.396137
1.103164	18.904507	49.769641
1.103770	15.534729	56.892354
1.104375	12.178317	63.725235
1.104980	8.645123	70.071176
1.105586	5.240110	76.104240
1.106191	1.649204	81.727906
1.106797	-1.859690	86.850804
1.107402	-5.372229	91.454499
1.108008	-8.707987	95.504286
1.108613	-12.094774	99.018874
1.109219	-15.462729	102.152532
1.109824	-18.691568	104.390123
1.110430	-21.845685	105.915198
1.111035	-24.968211	107.245606
1.111641	-27.865358	107.692149
1.112246	-30.545628	107.453830
1.112852	-32.975610	106.702544
1.113457	-35.242176	105.308693
1.114062	-37.396962	103.329483
1.114668	-39.271086	100.737533
1.115273	-40.991513	97.529316
1.115879	-42.449502	93.873201
1.116484	-43.688186	89.579402
1.117090	-44.606111	84.718952
1.117695	-45.249449	79.605000
1.118301	-45.624274	73.828420
1.118906	-45.713576	67.565172
1.119512	-45.512495	61.243361
1.120117	-45.115193	54.408311
1.120723	-44.572092	47.107740
1.121328	-43.647484	39.660220
1.121934	-42.481092	31.976279
1.122539	-41.059553	24.010910
1.123145	-39.388940	16.011380
1.123750	-37.519069	7.996938
1.124355	-35.320543	-0.032958
1.124961	-32.956777	-8.163441
1.125566	-30.376137	-16.392884
1.126172	-27.699511	-24.176870
1.126777	-25.021671	-32.186974
1.127383	-22.058915	-40.186233
1.127988	-18.932136	-47.466741
1.128594	-15.703905	-54.795509
1.129199	-12.347492	-61.728706
1.129805	-8.862898	-68.317846
1.130410	-5.333956	-74.624474
1.131016	-1.842072	-80.371230
1.131621	1.620045	-85.663039
1.132227	5.056647	-90.543010
1.132832	8.494464	-94.939024
1.133438	11.881251	-98.760795
1.134043	15.303274	-101.958438
1.134648	18.680949	-104.348672
1.135254	22.023996	-106.416539
1.135859	25.193301	-107.964118
1.136465	28.197366	-108.338813
1.137070	30.898898	-108.306278
1.137676	33.481362	-107.999365
1.138281	35.918026	-106.907817
1.138887	38.016316	-105.105110
1.139492	39.973666	-102.709453
1.140098	41.828350	-99.766939
1.140703	43.416951	-96.189992
1.141309	44.712131	-91.991900
1.141914	45.700527	-87.305512
1.142520	46.443494	-82.353151
1.143125	46.937387	-76.640014
1.143730	46.875423	-70.567908
1.144336	46.756354	-64.234439
1.144941	46.509711	-57.322118
1.145547	45.908290	-50.107765
1.146152	45.100929	-42.535256
1.146758	43.950940	-34.792210
1.147363	42.621132	-26.877271
1.147969	41.072018	-18.816467
1.148574	39.115883	-10.759729
1.149180	36.985396	-2.570955
1.149785	34.550554	5.563053
1.150391	32.107207	13.708990
1.150996	29.423899	21.603324
1.151602	26.663440	29.746821
1.152207	23.743816	37.787291
1.152813	20.748256	45.231016
1.153418	17.495725	52.625667
1.154023	14.137490	59.789320
1.154629	10.705748	66.490434
1.155234	7.312278	72.739855
1.155840	3.698287	78.557104
1.156445	0.159018	83.991524
1.157051	-3.331044	88.897523
1.157656	-6.824143	93.206777
1.158262	-10.153826	97.086840
1.158867	-13.468929	100.518464
1.159473	-16.740292	103.005218
1.160078	-19.837304	105.217866
1.160684	-23.186427	106.772223
1.161289	-26.144930	107.349718
1.161895	-29.003804	107.522425
1.162500	-31.650055	107.118720
1.163105	-34.098869	106.087091
1.163711	-36.295573	104.458446
1.164316	-38.247456	102.323882
1.164922	-40.023773	99.579288
1.165527	-41.580784	96.150376
1.166133	-42.898442	92.231542
1.166738	-44.031421	87.699695
1.167344	-44.908644	82.801288
1.167949	-45.456605	77.142105
1.168555	-45.697781	71.182245
1.169160	-45.776148	65.117731
1.169766	-45.479690	58.282410
1.170371	-44.869764	51.260555
1.170977	-44.154742	44.025596
1.171582	-43.070363	36.453901
1.172187	-41.893644	28.700552
1.172793	-40.371260	20.763923
1.173398	-38.587046	12.779033
1.174004	-36.570768	4.689761
1.174609	-34.398972	-3.458616
1.175215	-31.923428	-11.596962
1.175820	-29.330637	-19.581580
1.176426	-26.575037	-27.610392
1.177031	-23.712518	-35.581996
1.177637	-20.648311	-43.049580
1.178242	-17.497839	-50.534244
1.178848	-14.245916	-57.782217
1.179453	-10.950860	-64.515595
1.180059	-7.528230	-71.112598
1.180664	-3.899660	-77.168165
1.181270	-0.354923	-82.666842
1.181875	3.082894	-87.771304
1.182480	6.610013	-92.387470
1.183086	10.014418	-96.611591
1.183691	13.407280	-100.099337
1.184297	16.816545	-102.723823
1.184902	20.174780	-105.224947
1.185508	23.499603	-107.073474
1.186113	26.458106	-107.944055
1.186719	29.306045	-108.327968
1.187324	32.008793	-108.363214
1.187930	34.577284	-107.672931
1.188535	36.900954	-106.192862
1.189141	38.943962	-104.187624
1.189746	40.875190	-101.566392
1.190352	42.605944	-98.362513
1.190957	44.019587	-94.586562
1.191563	45.188408	-90.168316
1.192168	46.068669	-85.384865
1.192773	46.631817	-79.926315
1.193379	47.069822	-74.037218
1.193984	47.023652	-67.977042
1.194590	46.745419	-61.143890
1.195195	46.402791	-54.138574
1.195801	45.616692	-46.912833
1.196406	44.681757	-39.300469
1.197012	43.467981	-31.455751
1.197617	42.025786	-23.568738
1.198223	40.292602	-15.606081
1.198828	38.309736	-7.439809
1.199434	35.992748	0.788008
1.200039	33.537859	8.949670
1.200645	31.065352	16.940253
1.201250	28.374755	25.127672
1.201855	25.501908	33.264120
1.202461	22.503918	40.797587
1.203066	19.375924	48.366571
1.203672	16.137365	55.781557
1.204277	12.708053	62.658360
1.204883	9.249581	69.154504
1.205488	5.748584	75.227694
1.206094	2.213568	80.920497
1.206699	-1.336029	86.137475
1.207305	-4.812118	90.773163
1.207910	-8.266945	94.902390
1.208516	-11.671350	98.568807
1.209121	-15.007715	101.454657
1.209727	-18.173374	103.906165
1.210332	-21.343286	105.932008
1.210937	-24.547217	106.870370
1.211543	-27.467448	107.450577
1.212148	-30.242488	107.565533
1.212754	-32.761164	106.850849
1.213359	-35.124321	105.594729
1.213965	-37.174619	103.819948
1.214570	-39.132577	101.391756
1.215176	-40.735150	98.272468
1.215781	-42.235664	94.551826
1.216387	-43.539349	90.270227
1.216992	-44.553867	85.654060
1.217598	-45.341181	80.245396
1.218203	-45.695351	74.415947
1.218809	-45.875170	68.615509
1.219414	-45.801663	62.127227
1.220020	-45.277394	55.303835
1.220625	-44.657141	48.293639
1.221230	-43.731318	41.019638
1.221836	-42.600769	33.423541
1.222441	-41.280074	25.511856
1.223047	-39.720633	17.519917
1.223652	-37.906043	9.409768
1.224258	-35.806539	1.238888
1.224863	-33.431231	-6.956123
1.225469	-30.872460	-15.012318
1.226074	-28.146628	-23.030285
1.226680	-25.366729	-31.122810
1.227285	-22.420375	-38.727312
1.227891	-19.367710	-46.250747
1.228496	-16.185649	-53.747883
1.229102	-12.898491	-60.655324
1.229707	-9.591285	-67.309805
1.230312	-6.042296	-73.626736
1.230918	-2.437418	-79.368883
1.231523	1.098814	-84.644424
1.232129	4.648410	-89.541205
1.232734	8.050992	-94.067629
1.233340	11.521614	-98.016558
1.233945	14.818492	-101.159705
1.234551	18.141493	-103.918669
1.235156	21.412856	-106.352825
1.235762	24.664779	-107.556618
1.236367	27.600198	-108.339897
1.236973	30.488839	-108.630543
1.237578	33.150884	-108.261813
1.238184	35.625214	-107.189516
1.238789	37.888134	-105.466790
1.239395	39.818755	-103.160605
