LabVIEW Measurement	
Writer_Version	2
Reader_Version	2
Separator	Tab
Decimal_Separator	.
Multi_Headings	No
X_Columns	One
Time_Pref	Absolute
Operator	AlunosGDS-JT
Date	2019/10/09
Time	15:19:08.4651639249999940857
***End_of_Header***	
	
Channels	2		
Samples	2048	2048	
Date	2019/10/09	2019/10/09	
Time	15:41:34.6946561124999844601	15:41:34.6946561124999844601	
Y_Unit_Label	g	Newtons	
X_Dimension	Time	Time	
X0	0.0000000000000000E+0	0.0000000000000000E+0	
Delta_X	0.000605	0.000605	
***End_of_Header***			
X_Value	Acceleration (Trigger)	Force (Trigger)	Comment
0.000000	0.787168	1.141554
0.000605	2.677694	11.778313
0.001211	4.488031	22.278695
0.001816	6.276498	32.563534
0.002422	8.056460	42.650181
0.003027	9.707632	52.512066
0.003633	11.325393	61.631611
0.004238	12.883619	70.550525
0.004844	14.328243	79.063836
0.005449	15.632536	86.665355
0.006055	16.882762	93.703477
0.006660	17.894242	100.030982
0.007266	18.902685	105.580630
0.007871	19.685746	110.300367
0.008477	20.317542	114.200222
0.009082	20.867933	117.275317
0.009687	21.150418	119.417743
0.010293	21.437763	120.534776
0.010898	21.435333	120.756556
0.011504	21.228785	120.282088
0.012109	20.967562	118.726105
0.012715	20.576942	116.065288
0.013320	19.896547	112.911838
0.013926	19.066101	108.851748
0.014531	18.162147	103.686554
0.015137	17.134265	97.847887
0.015742	15.942359	91.330866
0.016348	14.601009	84.134949
0.016953	13.156384	76.166328
0.017559	11.690498	67.666030
0.018164	10.002875	58.647072
0.018770	8.348057	49.312796
0.019375	6.588143	39.329176
0.019980	4.824584	29.208910
0.020586	2.999667	19.028183
0.021191	1.163816	8.289753
0.021797	-0.683578	-2.271904
0.022402	-2.489662	-12.692034
0.023008	-4.373506	-23.246100
0.023613	-6.230012	-33.547206
0.024219	-7.974739	-43.593184
0.024824	-9.610117	-53.344179
0.025430	-11.189606	-62.712075
0.026035	-12.696802	-71.590590
0.026641	-14.126239	-79.873445
0.027246	-15.456047	-87.556302
0.027852	-16.653420	-94.723751
0.028457	-17.734762	-101.167568
0.029062	-18.583434	-106.386173
0.029668	-19.487387	-111.253130
0.030273	-20.179324	-115.376121
0.030879	-20.583309	-118.284203
0.031484	-20.895562	-120.319264
0.032090	-21.069305	-121.462868
0.032695	-21.107577	-121.780897
0.033301	-20.860934	-121.065670
0.033906	-20.614899	-119.430518
0.034512	-20.140445	-116.894961
0.035117	-19.458835	-113.449510
0.035723	-18.690960	-109.147306
0.036328	-17.781540	-103.950933
0.036934	-16.695338	-98.071868
0.037539	-15.437822	-91.541020
0.038145	-14.088574	-83.892054
0.038750	-12.739934	-75.831249
0.039355	-11.236990	-67.282963
0.039961	-9.614370	-58.165316
0.040566	-7.926747	-48.607362
0.041172	-6.163795	-38.642992
0.041777	-4.394161	-28.395568
0.042383	-2.572889	-18.013938
0.042988	-0.749188	-7.423542
0.043594	1.194190	3.230840
0.044199	3.002097	13.725800
0.044805	4.851313	24.246246
0.045410	6.670762	34.646855
0.046016	8.374180	44.399748
0.046621	10.042362	54.191411
0.047227	11.699610	63.588588
0.047832	13.129655	72.243426
0.048438	14.615589	80.401022
0.049043	15.995818	88.109906
0.049648	17.083843	95.018702
0.050254	18.190700	101.152082
0.050859	19.075821	106.516010
0.051465	19.831545	111.112656
0.052070	20.403806	114.859868
0.052676	20.932327	117.743278
0.053281	21.268880	119.511010
0.053887	21.440193	120.766859
0.054492	21.379444	120.860939
0.055098	21.251262	119.898176
0.055703	20.948729	118.240249
0.056309	20.419601	115.671344
0.056914	19.735561	112.154859
0.057520	18.933667	107.771859
0.058125	18.001769	102.599074
0.058730	16.845097	96.615897
0.059336	15.646509	89.987986
0.059941	14.419368	82.616381
0.060547	12.923714	74.544732
0.061152	11.367918	66.041723
0.061758	9.690015	56.745404
0.062363	8.011505	47.317319
0.062969	6.214533	37.619465
0.063574	4.454619	27.316190
0.064180	2.585963	16.843461
0.064785	0.804786	6.376969
0.065391	-1.042608	-4.138054
0.065996	-2.954397	-14.785387
0.066602	-4.760481	-25.231816
0.067207	-6.558667	-35.513130
0.067812	-8.324657	-45.537961
0.068418	-9.929053	-55.266181
0.069023	-11.544991	-64.581749
0.069629	-13.058262	-73.217609
0.070234	-14.441529	-81.410179
0.070840	-15.722737	-89.263302
0.071445	-16.856931	-96.025691
0.072051	-17.919441	-102.113793
0.072656	-18.876854	-107.547671
0.073262	-19.659308	-112.181461
0.073867	-20.294141	-115.902916
0.074473	-20.708453	-118.732101
0.075078	-21.069305	-120.673624
0.075684	-21.177439	-121.699017
0.076289	-21.147672	-121.757038
0.076895	-20.969676	-120.834943
0.077500	-20.667143	-119.104084
0.078105	-20.143482	-116.466042
0.078711	-19.501359	-112.632612
0.079316	-18.759607	-108.303024
0.079922	-17.792474	-103.164672
0.080527	-16.680758	-96.868075
0.081133	-15.421419	-90.076676
0.081738	-14.138996	-82.572762
0.082344	-12.642735	-74.381275
0.082949	-11.099089	-65.641575
0.083555	-9.468571	-56.418460
0.084160	-7.804033	-46.840443
0.084766	-6.050194	-36.837845
0.085371	-4.260512	-26.585812
0.085977	-2.431343	-16.001109
0.086582	-0.511657	-5.546275
0.087188	1.394664	5.103497
0.087793	3.232338	15.912420
0.088398	5.038422	26.205935
0.089004	6.818991	36.448478
0.089609	8.518764	46.463819
0.090215	10.232509	56.086301
0.090820	11.811997	65.210998
0.091426	13.265126	73.819473
0.092031	14.693956	81.914710
0.092637	15.979416	89.448991
0.093242	17.196837	96.198094
0.093848	18.224720	102.163377
0.094453	19.089793	107.518358
0.095059	19.841265	111.917354
0.095664	20.472453	115.323763
0.096270	20.892840	118.228320
0.096875	21.215420	120.105586
0.097480	21.387341	120.808070
0.098086	21.367294	120.758454
0.098691	21.140698	119.822803
0.099297	20.849708	117.889143
0.099902	20.348524	115.110659
0.100508	19.658409	111.427160
0.101113	18.865020	106.949267
0.101719	17.863260	101.572054
0.102324	16.823227	95.463889
0.102930	15.580899	88.607149
0.103535	14.234082	81.256149
0.104141	12.776092	72.934252
0.104746	11.282868	64.183978
0.105352	9.589171	55.239850
0.105957	7.907016	45.675389
0.106563	6.122801	35.658963
0.107168	4.385972	25.421571
0.107773	2.505166	14.979751
0.108379	0.637117	4.423517
0.108984	-1.167145	-6.136514
0.109590	-3.027904	-16.723656
0.110195	-4.796930	-27.098237
0.110801	-6.596332	-37.380094
0.111406	-8.381154	-47.476501
0.112012	-9.975830	-56.866087
0.112617	-11.620320	-66.091642
0.113223	-13.108077	-74.943859
0.113828	-14.454287	-82.871541
0.114434	-15.762832	-90.379793
0.115039	-16.902494	-97.163872
0.115645	-17.949208	-103.198562
0.116250	-18.833114	-108.433164
0.116855	-19.610101	-112.890180
0.117461	-20.141660	-116.493426
0.118066	-20.589991	-119.237477
0.118672	-20.933834	-120.944749
0.119277	-21.046828	-121.661331
0.119883	-20.983041	-121.748904
0.120488	-20.746725	-120.733543
0.121094	-20.435687	-118.495952
0.121699	-19.881652	-115.731566
0.122305	-19.210369	-112.052406
0.122910	-18.406652	-107.390148
0.123516	-17.474147	-101.919939
0.124121	-16.334485	-95.624969
0.124727	-15.188749	-88.763620
0.125332	-13.803051	-81.088626
0.125938	-12.360250	-72.802788
0.126543	-10.811136	-63.928068
0.127148	-9.192768	-54.730981
0.127754	-7.501500	-44.928202
0.128359	-5.785326	-34.871378
0.128965	-3.968914	-24.760059
0.129570	-2.168905	-14.027052
0.130176	-0.394410	-3.403307
0.130781	1.491256	7.146692
0.131387	3.265143	17.662529
0.131992	5.216418	28.136613
0.132598	6.931985	38.339030
0.133203	8.719237	48.188171
0.133809	10.278071	57.748023
0.134414	11.798025	66.770506
0.135020	13.253584	75.307676
0.135625	14.649608	83.194418
0.136230	15.992174	90.597474
0.136836	17.055898	97.430897
0.137441	18.125698	103.094418
0.138047	19.030866	108.120796
0.138652	19.724626	112.593538
0.139258	20.281092	116.071524
0.139863	20.691759	118.540113
0.140469	21.014339	120.086879
0.141074	21.186868	120.838436
0.141680	21.032564	120.550231
0.142285	20.881297	119.423437
0.142891	20.494323	117.322764
0.143496	19.898370	114.386756
0.144102	19.243490	110.566611
0.144707	18.442810	105.773400
0.145313	17.465350	100.425468
0.145918	16.353026	94.272839
0.146523	15.050555	87.128978
0.147129	13.678223	79.591444
0.147734	12.314396	71.409176
0.148340	10.699673	62.592748
0.148945	9.139017	53.377766
0.149551	7.422234	43.742542
0.150156	5.668395	33.720152
0.150762	3.915770	23.446429
0.151367	2.072021	12.928965
0.151973	0.212478	2.431022
0.152578	-1.572952	-8.108402
0.153184	-3.369316	-18.739196
0.153789	-5.163858	-29.223854
0.154395	-6.953540	-39.124238
0.155000	-8.642985	-49.178892
0.155605	-10.223080	-58.769381
0.156211	-11.778876	-67.767463
0.156816	-13.253268	-76.334186
0.157422	-14.563636	-84.300096
0.158027	-15.829049	-91.711828
0.158633	-16.893989	-98.313982
0.159238	-17.966826	-104.240765
0.159844	-18.761430	-109.318386
0.160449	-19.443040	-113.618421
0.161055	-19.922354	-116.947288
0.161660	-20.456342	-119.448955
0.162266	-20.622189	-121.210451
0.162871	-20.715135	-121.742397
0.163477	-20.679293	-121.343302
0.164082	-20.416248	-120.203223
0.164687	-20.073620	-118.093603
0.165293	-19.493462	-115.030709
0.165898	-18.763252	-111.050329
0.166504	-17.974116	-106.336829
0.167109	-16.993010	-100.745698
0.167715	-15.896481	-94.325469
0.168320	-14.642003	-87.272435
0.168926	-13.284858	-79.545927
0.169531	-11.814719	-71.195833
0.170137	-10.230370	-62.115329
0.170742	-8.653919	-52.917971
0.171348	-6.824750	-43.254279
0.171953	-5.165680	-32.891627
0.172559	-3.387541	-22.486409
0.173164	-1.589354	-12.081733
0.173770	0.293274	-1.427351
0.174375	2.096321	9.211305
0.174980	3.856236	19.711688
0.175586	5.626478	30.032587
0.176191	7.382747	40.206536
0.176797	9.080090	50.048086
0.177402	10.655325	59.468308
0.178008	12.207476	68.286906
0.178613	13.601679	76.860677
0.179219	14.930271	84.776972
0.179824	16.201759	91.789880
0.180430	17.231464	98.411826
0.181035	18.232009	104.161293
0.181641	19.033904	109.141038
0.182246	19.731916	113.209533
0.182852	20.271372	116.512101
0.183457	20.676571	118.860040
0.184062	20.922000	120.262296
0.184668	20.961487	120.758183
0.185273	20.849100	120.340380
0.185879	20.682646	119.104052
0.186484	20.204547	116.718969
0.187090	19.694859	113.558471
0.187695	18.899647	109.802311
0.188301	18.046116	104.853474
0.188906	17.047393	99.122172
0.189512	15.935676	92.838861
0.190117	14.676946	85.832189
0.190723	13.304613	78.056608
0.191328	11.829614	69.700820
0.191934	10.191806	60.790583
0.192539	8.582551	51.485317
0.193145	6.918621	41.779600
0.193750	5.157491	31.603211
0.194355	3.381174	21.389949
0.194961	1.527098	10.938911
0.195566	-0.245574	0.213766
0.196172	-2.122735	-10.210431
0.196777	-3.855920	-20.568203
0.197383	-5.669901	-31.141247
0.197988	-7.362991	-41.188309
0.198594	-9.115009	-51.053448
0.199199	-10.757676	-60.496174
0.199805	-12.201086	-69.441115
0.200410	-13.572203	-77.893152
0.201016	-14.943928	-85.783147
0.201621	-16.138264	-92.976082
0.202227	-17.202596	-99.555461
0.202832	-18.152719	-105.298422
0.203437	-18.995923	-110.126608
0.204043	-19.579726	-114.413358
0.204648	-20.074228	-117.695592
0.205254	-20.483680	-119.855912
0.205859	-20.670181	-121.257084
0.206465	-20.709668	-121.729654
0.207070	-20.634946	-121.348453
0.207676	-20.336058	-119.901461
0.208281	-19.859174	-117.541322
0.208887	-19.298456	-114.334190
0.209492	-18.540909	-110.203878
0.210098	-17.647283	-105.270496
0.210703	-16.663140	-99.566306
0.211309	-15.475487	-93.158006
0.211914	-14.245916	-85.769320
0.212520	-12.856573	-77.912673
0.213125	-11.394332	-69.604874
0.213730	-9.817881	-60.403449
0.214336	-8.205588	-50.935508
0.214941	-6.435953	-41.089349
0.215547	-4.708236	-30.974776
0.216152	-2.921592	-20.559798
0.216758	-1.148920	-10.026609
0.217363	0.702119	0.565143
0.217969	2.564093	11.151473
0.218574	4.266903	21.690626
0.219180	6.075417	32.061954
0.219785	7.747244	41.978334
0.220391	9.460382	51.828832
0.220996	11.096367	61.374585
0.221602	12.572581	69.968962
0.222207	13.944914	78.307127
0.222812	15.322713	86.161605
0.223418	16.449010	93.261815
0.224023	17.571054	99.669031
0.224629	18.439165	105.187229
0.225234	19.227087	109.952514
0.225840	19.930567	113.901714
0.226445	20.323617	116.964337
0.227051	20.731246	119.128182
0.227656	20.914102	120.467538
0.228262	20.923822	120.620452
0.228867	20.791388	120.087150
0.229473	20.476098	118.801206
0.230078	20.056926	116.245857
0.230684	19.419056	112.916176
0.231289	18.628097	108.809182
0.231895	17.788538	103.896405
0.232500	16.729673	98.087019
0.233105	15.573002	91.579216
0.233711	14.245016	84.409870
0.234316	12.808290	76.525839
0.234922	11.292588	68.010088
0.235527	9.766560	58.946665
0.236133	8.046740	49.714603
0.236738	6.298368	39.941647
0.237344	4.659345	29.561101
0.237949	2.883028	19.365733
0.238555	0.987034	9.000099
0.239160	-0.791105	-1.678955
0.239766	-2.560739	-12.238985
0.240371	-4.375936	-22.738283
0.240977	-6.214217	-33.070840
0.241582	-7.821651	-43.107871
0.242187	-9.539648	-52.890587
0.242793	-11.051097	-62.238691
0.243398	-12.514553	-71.116393
0.244004	-13.943990	-79.504716
0.244609	-15.174169	-87.302529
0.245215	-16.336308	-94.230575
0.245820	-17.423725	-100.727262
0.246426	-18.291228	-106.376142
0.247031	-19.067000	-110.947031
0.247637	-19.665383	-114.940424
0.248242	-20.159277	-118.046156
0.248848	-20.446622	-120.179635
0.249453	-20.624011	-121.382886
0.250059	-20.628871	-121.679225
0.250664	-20.457557	-121.075160
0.251270	-20.117967	-119.461697
0.251875	-19.664168	-116.972232
0.252480	-19.019008	-113.581006
0.253086	-18.262068	-109.450152
0.253691	-17.331385	-104.278180
0.254297	-16.412245	-98.279007
0.254902	-15.136504	-91.857964
0.255508	-13.754452	-84.502355
0.256113	-12.426467	-76.361298
0.256719	-10.922308	-67.764752
0.257324	-9.293005	-58.655509
0.257930	-7.611457	-49.160185
0.258535	-5.983977	-39.231604
0.259141	-4.179715	-28.982824
0.259746	-2.410688	-18.603905
0.260352	-0.565724	-8.048213
0.260957	1.324194	2.714076
0.261562	3.084716	13.214459
0.262168	4.815471	23.576026
0.262773	6.578423	34.127923
0.263379	8.286700	44.068163
0.263984	9.897171	53.649162
0.264590	11.482127	62.992385
0.265195	12.892731	71.705515
0.265801	14.344038	79.927638
0.266406	15.634359	87.590161
0.267012	16.785563	94.546132
0.267617	17.776388	100.750818
0.268223	18.608049	106.151077
0.268828	19.404476	110.687533
0.269434	19.945147	114.598775
0.270039	20.429321	117.557015
0.270645	20.730031	119.280825
0.271250	20.856998	120.486787
0.271855	20.864288	120.770384
0.272461	20.682039	119.900345
0.273066	20.365534	118.250281
0.273672	19.881967	115.649925
0.274277	19.208255	112.185767
0.274883	18.414258	107.897390
0.275488	17.436190	102.723791
0.276094	16.412560	96.821138
0.276699	15.136820	90.161235
0.277305	13.822807	82.845210
0.277910	12.426782	74.768138
0.278516	10.942671	66.324777
0.279121	9.277526	57.172968
0.279727	7.654298	47.610405
0.280332	5.857933	37.946983
0.280938	4.123534	27.745109
0.281543	2.328384	17.298137
0.282148	0.590947	6.876381
0.282754	-1.239437	-3.648675
0.283359	-3.072858	-14.298176
0.283965	-4.874082	-24.767109
0.284570	-6.650399	-35.015888
0.285176	-8.362929	-45.014961
0.285781	-9.944847	-54.746435
0.286387	-11.506718	-64.124362
0.286992	-12.981717	-72.826105
0.287598	-14.381995	-80.887722
0.288203	-15.623108	-88.798595
0.288809	-16.711740	-95.713626
0.289414	-17.720790	-101.802271
0.290020	-18.603481	-107.220966
0.290625	-19.368925	-111.917928
0.291230	-19.924784	-115.696862
0.291836	-20.384050	-118.575662
0.292441	-20.600926	-120.520439
0.293047	-20.692658	-121.578909
0.293652	-20.639806	-121.656180
0.294258	-20.459380	-120.751166
0.294863	-20.068760	-119.146922
0.295469	-19.529304	-116.547922
0.296074	-18.918164	-112.721812
0.296680	-18.129634	-108.362943
0.297285	-17.130304	-103.214287
0.297891	-16.056252	-97.065996
0.298496	-14.840046	-90.324213
0.299102	-13.420329	-82.784510
0.299707	-12.003042	-74.687646
0.300312	-10.598513	-65.966654
0.300918	-8.957667	-56.839517
0.301523	-7.292522	-47.199141
0.302129	-5.525318	-37.284658
0.302734	-3.778160	-26.979756
0.303340	-1.922869	-16.479373
0.303945	-0.192114	-6.088525
0.304551	1.723319	4.531967
0.305156	3.558563	15.331671
0.305762	5.291748	25.739871
0.306367	7.012782	35.889961
0.306973	8.749005	45.923468
0.307578	10.401392	55.518295
0.308184	11.898869	64.664139
0.308789	13.363540	73.319249
0.309395	14.735265	81.406623
0.310000	16.020726	88.972896
0.310605	17.130620	95.757517
0.311211	18.179157	101.750996
0.311816	19.019324	107.135530
0.312422	19.675419	111.590377
0.313027	20.262867	115.014409
0.313633	20.736713	117.982139
0.314238	20.960272	119.829581
0.314844	21.080556	120.631568
0.315449	20.965739	120.583579
0.316055	20.818725	119.745533
0.316660	20.412918	117.822718
0.317266	19.891687	115.043691
0.317871	19.167553	111.421467
0.318477	18.304909	107.005661
0.319082	17.346281	101.727679
0.319688	16.192647	95.521638
0.320293	15.015321	88.773890
0.320898	13.622941	81.504499
0.321504	12.138829	73.205647
0.322109	10.666260	64.490620
0.322715	8.986535	55.495520
0.323320	7.291623	45.968475
0.323926	5.515306	35.965334
0.324531	3.744456	25.705710
0.325137	1.939587	15.323808
0.325742	0.057566	4.811767
0.326348	-1.720573	-5.803573
0.326953	-3.521797	-16.413490
0.327559	-5.330919	-26.728695
0.328164	-7.127891	-37.006755
0.328770	-8.786961	-47.151152
0.329375	-10.410189	-56.572459
0.329980	-11.996967	-65.647269
0.330586	-13.459209	-74.482134
0.331191	-14.778689	-82.618853
0.331797	-15.965128	-90.066644
0.332402	-17.062265	-96.870244
0.333008	-18.063417	-102.938554
0.333613	-18.963726	-108.233074
0.334219	-19.642906	-112.680059
0.334824	-20.266804	-116.323702
0.335430	-20.690228	-119.090528
0.336035	-20.904066	-120.863954
0.336641	-20.980003	-121.629338
0.337246	-20.883412	-121.704169
0.337852	-20.562654	-120.780176
0.338457	-20.233391	-118.602233
0.339062	-19.691505	-115.716654
0.339668	-19.011718	-112.117747
0.340273	-18.144214	-107.519745
0.340879	-17.175867	-102.079902
0.341484	-16.033775	-95.887417
0.342090	-14.761072	-89.051554
0.342695	-13.410609	-81.350261
0.343301	-11.902805	-73.101839
0.343906	-10.366449	-64.311709
0.344512	-8.714669	-55.176981
0.345117	-6.948680	-45.395349
0.345723	-5.203952	-35.108884
0.346328	-3.432496	-25.100863
0.346934	-1.569307	-14.559540
0.347539	0.262900	-3.791015
0.348145	2.144921	6.765491
0.348750	3.958295	17.292444
0.349355	5.747369	27.732637
0.349961	7.490881	37.954304
0.350566	9.161494	47.777689
0.351172	10.912904	57.361942
0.351777	12.359350	66.439192
0.352383	13.798507	75.055801
0.352988	15.196354	83.017645
0.353594	16.445973	90.218713
0.354199	17.530352	97.101210
0.354805	18.458605	103.080591
0.355410	19.357091	107.994452
0.356016	20.053889	112.352237
0.356621	20.536240	115.896920
0.357227	20.975459	118.404822
0.357832	21.206308	120.006626
0.358438	21.312012	120.764961
0.359043	21.189298	120.622892
0.359648	20.937187	119.465732
0.360254	20.520445	117.347707
0.360859	19.982204	114.392179
0.361465	19.234377	110.794356
0.362070	18.344396	105.964001
0.362676	17.455023	100.438482
0.363281	16.201152	94.483774
0.363887	14.922374	87.566573
0.364492	13.515414	79.865280
0.365098	12.123035	71.687892
0.365703	10.444524	62.951174
0.366309	8.795174	53.693898
0.366914	7.060774	44.042948
0.367520	5.302075	34.079663
0.368125	3.459541	23.780997
0.368730	1.646774	13.342701
0.369336	-0.239499	2.689946
0.369941	-2.052266	-7.848123
0.370547	-3.888117	-18.240598
0.371152	-5.688126	-28.856480
0.371758	-7.448041	-39.148911
0.372363	-9.235900	-48.762987
0.372969	-10.790481	-58.343987
0.373574	-12.334127	-67.509624
0.374180	-13.773892	-76.050047
0.374785	-15.161411	-84.086992
0.375391	-16.332663	-91.436366
0.375996	-17.426762	-98.179233
0.376602	-18.442495	-104.143973
0.377207	-19.306353	-109.157609
0.377812	-19.977636	-113.534372
0.378418	-20.533494	-117.238747
0.379023	-20.808690	-119.437296
0.379629	-21.075380	-120.999245
0.380234	-21.192019	-121.919713
0.380840	-21.022528	-121.632049
0.381445	-20.767380	-120.399517
0.382051	-20.308113	-118.252211
0.382656	-19.764405	-115.296682
0.383262	-18.957651	-111.342601
0.383867	-18.185524	-106.607140
0.384473	-17.191054	-101.063998
0.385078	-15.955408	-94.702874
0.385684	-14.651115	-87.731991
0.386289	-13.295793	-79.860160
0.386895	-11.851168	-71.612009
0.387500	-10.243735	-62.824862
0.388105	-8.585272	-53.176895
0.388711	-6.899472	-43.463044
0.389316	-5.084276	-33.423031
0.389922	-3.280014	-23.091830
0.390527	-1.470893	-12.597683
0.391133	0.361921	-1.940590
0.391738	2.254270	8.658753
0.392344	4.095589	19.232882
0.392949	5.961815	29.607734
0.393555	7.696822	39.726645
0.394160	9.394165	49.575516
0.394766	10.961503	59.043998
0.395371	12.559824	68.125315
0.395977	14.107722	76.408984
0.396582	15.354911	84.377335
0.397187	16.617894	91.839767
0.397793	17.688301	98.166458
0.398398	18.685201	103.963915
0.399004	19.461580	108.942575
0.399609	20.135293	113.161273
0.400215	20.728209	116.426155
0.400820	21.063546	118.773822
0.401426	21.315657	120.252536
0.402031	21.345424	120.846841
0.402637	21.213597	120.352852
0.403242	20.937795	119.039253
0.403848	20.462733	117.035101
0.404453	19.890472	113.854539
0.405059	19.162693	109.739410
0.405664	18.253272	105.211630
0.406270	17.154312	99.579288
0.406875	16.018296	93.233889
0.407480	14.782650	86.155369
0.408086	13.354428	78.461939
0.408691	11.768257	70.111574
0.409297	10.220966	61.220586
0.409902	8.591056	51.885497
0.410508	6.748522	42.165410
0.411113	4.994682	32.197245
0.411719	3.259068	21.668665
0.412324	1.394056	11.259380
0.412930	-0.542032	0.943362
0.413535	-2.325639	-9.734608
0.414141	-4.140228	-20.336662
0.414746	-5.876450	-30.687655
0.415352	-7.665524	-40.785689
0.415957	-9.347679	-50.667366
0.416563	-10.981235	-60.102230
0.417168	-12.511516	-69.126610
0.417773	-13.917868	-77.616605
0.418379	-15.242816	-85.506058
0.418984	-16.471172	-92.803104
0.419590	-17.528214	-99.205440
0.420195	-18.519647	-105.086945
0.420801	-19.257754	-110.216892
0.421406	-19.979458	-114.138167
0.422012	-20.477605	-117.465678
0.422617	-20.862149	-119.887092
0.423223	-21.051688	-121.354418
0.423828	-21.000658	-121.801773
0.424434	-20.910141	-121.372854
0.425039	-20.637983	-120.051122
0.425645	-20.138015	-117.756595
0.426250	-19.513509	-114.538618
0.426855	-18.811244	-110.511062
0.427461	-17.944956	-105.673116
0.428066	-16.884876	-99.972993
0.428672	-15.739747	-93.339660
0.429277	-14.420267	-86.305062
0.429883	-12.991437	-78.485288
0.430488	-11.483634	-69.823672
0.431094	-9.910220	-60.854600
0.431699	-8.184933	-51.406994
0.432305	-6.522825	-41.686636
0.432910	-4.685759	-31.417794
0.433516	-2.874207	-21.058125
0.434121	-1.038356	-10.568587
0.434727	0.801748	0.077932
0.435332	2.671012	10.761867
0.435937	4.509901	21.264418
0.436543	6.330565	31.402850
0.437148	8.043702	41.709650
0.437754	9.676043	51.559605
0.438359	11.339365	60.752354
0.438965	12.768802	69.658796
0.439570	14.251091	78.078298
0.440176	15.545057	85.884787
0.440781	16.772198	92.989064
0.441387	17.853540	99.381910
0.441992	18.761746	104.981987
0.442598	19.501068	109.764354
0.443203	20.214267	113.769948
0.443809	20.698441	116.856430
0.444414	21.092706	119.146348
0.445020	21.296217	120.348514
0.445625	21.330237	120.659765
0.446230	21.138268	120.341465
0.446836	20.850315	118.867632
0.447441	20.366141	116.342106
0.448047	19.796918	113.138499
0.448652	18.994416	109.088982
0.449258	18.079528	104.071551
0.449863	17.052253	98.343503
0.450469	15.884039	91.898059
0.451074	14.535399	84.707835
0.451680	13.085307	76.874776
0.452285	11.576289	68.342486
0.452891	9.977968	59.449872
0.453496	8.249643	50.160331
0.454102	6.487906	40.144719
0.454707	4.748647	30.080576
0.455313	2.893355	19.897408
0.455918	1.067224	9.375607
0.456523	-0.768628	-1.231328
0.457129	-2.665229	-11.826333
0.457734	-4.471313	-22.340815
0.458340	-6.294407	-32.655206
0.458945	-8.025162	-42.754325
0.459551	-9.697597	-52.559002
0.460156	-11.282553	-61.880807
0.460762	-12.828021	-70.854487
0.461367	-14.219793	-79.332552
0.461973	-15.623715	-86.938680
0.462578	-16.795574	-94.097995
0.463184	-17.827102	-100.651347
0.463789	-18.794842	-106.153277
0.464395	-19.600989	-110.916123
0.465000	-20.235214	-114.938526
0.465605	-20.648918	-118.056459
0.466211	-21.024351	-120.261244
0.466816	-21.237582	-121.507603
0.467422	-21.164682	-121.840273
0.468027	-21.001266	-121.275250
0.468633	-20.701770	-119.713843
0.469238	-20.228531	-117.150903
0.469844	-19.605241	-113.967358
0.470449	-18.780262	-109.822135
0.471055	-17.931591	-104.498333
0.471660	-16.898849	-98.793059
0.472266	-15.666240	-92.181687
0.472871	-14.333395	-84.844514
0.473477	-12.928865	-76.848238
0.474082	-11.354237	-68.208583
0.474687	-9.749234	-59.146787
0.475293	-8.156988	-49.654174
0.475898	-6.334502	-39.739691
0.476504	-4.577625	-29.541341
0.477109	-2.779438	-19.198481
0.477715	-0.912604	-8.565518
0.478320	0.967594	2.142817
0.478926	2.819848	12.458835
0.479531	4.673925	23.186692
0.480137	6.462391	33.623360
0.480742	8.177351	43.527811
0.481348	9.889881	53.197740
0.481953	11.517969	62.534456
0.482559	13.006941	71.360103
0.483164	14.432125	79.532068
0.483770	15.866422	87.290297
0.484375	16.938652	94.274465
0.484980	18.055836	100.549643
0.485586	18.976191	105.920350
0.486191	19.758038	110.541668
0.486797	20.358851	114.597149
0.487402	20.907420	117.388376
0.488008	21.318694	119.360265
0.488613	21.448698	120.645395
0.489219	21.407996	120.875309
0.489824	21.317479	120.175808
0.490430	20.883120	118.447389
0.491035	20.485210	115.941926
0.491641	19.745888	112.500000
0.492246	18.976191	108.300552
0.492852	18.060696	103.118548
0.493457	16.981784	97.260089
0.494063	15.776513	90.688572
0.494668	14.444882	83.232376
0.495273	13.009371	75.402299
0.495879	11.452967	66.912304
0.496484	9.872871	57.639573
0.497090	8.125714	48.279269
0.497695	6.388884	38.531528
0.498301	4.627147	28.301185
0.498906	2.794941	17.892985
0.499512	0.937827	7.426221
0.500117	-0.910174	-3.174207
0.500723	-2.727193	-13.742913
0.501328	-4.547250	-24.291285
0.501934	-6.340577	-34.578293
0.502539	-8.124183	-44.501452
0.503145	-9.777179	-54.347069
0.503750	-11.353022	-63.775967
0.504355	-12.879658	-72.280873
0.504961	-14.298160	-80.629341
0.505566	-15.560536	-88.432305
0.506172	-16.702020	-95.394513
0.506777	-17.825279	-101.589167
0.507383	-18.712223	-107.034975
0.507988	-19.542669	-111.775587
0.508594	-20.127687	-115.627996
0.509199	-20.635553	-118.547465
0.509805	-20.984863	-120.542942
0.510410	-21.099073	-121.695221
0.511016	-21.085708	-121.849220
0.511621	-20.937479	-120.990027
0.512227	-20.631908	-119.513211
0.512832	-20.111285	-116.754519
0.513437	-19.461265	-113.063429
0.514043	-18.726195	-108.828192
0.514648	-17.757847	-103.567563
0.515254	-16.661318	-97.614752
0.515859	-15.491889	-90.821455
0.516465	-14.138996	-83.391558
0.517070	-12.717457	-75.295778
0.517676	-11.187176	-66.629824
0.518281	-9.608295	-57.481268
0.518887	-7.889083	-47.858787
0.519492	-6.134636	-38.040553
0.520098	-4.347384	-27.676817
0.520703	-2.559524	-17.160167
0.521309	-0.700588	-6.755762
0.521914	1.270735	3.959894
0.522520	3.079856	14.619969
0.523125	4.904165	25.087275
0.523730	6.609405	35.349339
0.524336	8.270298	45.302050
0.524941	9.995585	55.043013
0.525547	11.630356	64.206210
0.526152	13.124795	72.890872
0.526758	14.486192	80.994242
0.527363	15.746138	88.627212
0.527969	16.961129	95.357337
0.528574	17.983544	101.384707
0.529180	18.854692	106.964450
0.529785	19.532657	111.414146
0.530391	20.215482	114.952864
0.530996	20.685684	117.815126
0.531602	20.991254	119.673143
0.532207	21.229392	120.688504
0.532813	21.137053	120.699349
0.533418	20.980927	119.817110
0.534023	20.660777	118.020638
0.534629	20.109171	115.311020
0.535234	19.453075	111.708045
0.535840	18.632349	107.257265
0.536445	17.741153	102.134366
0.537051	16.639156	95.946219
0.537656	15.449680	89.228024
0.538262	14.074310	81.995234
0.538867	12.655808	73.814864
0.539473	11.011925	65.148639
0.540078	9.420895	56.032347
0.540684	7.730842	46.496625
0.541289	6.014060	36.553132
0.541895	4.155731	26.346377
0.542500	2.437126	15.977761
0.543105	0.628004	5.467617
0.543711	-1.288036	-5.142571
0.544316	-3.063746	-15.787192
0.544922	-4.894737	-26.168551
0.545527	-6.729981	-36.404859
0.546133	-8.439474	-46.570674
0.546738	-10.092469	-56.044308
0.547344	-11.602703	-65.156805
0.547949	-13.058262	-73.988416
0.548555	-14.444567	-82.141674
0.549160	-15.604276	-89.613866
0.549766	-16.815014	-96.466268
0.550371	-17.781540	-102.615915
0.550977	-18.794842	-107.952731
0.551582	-19.464302	-112.466413
0.552187	-20.040815	-116.121714
0.552793	-20.545644	-118.971233
0.553398	-20.760090	-120.861785
0.554004	-20.857289	-121.626627
0.554609	-20.755838	-121.741584
0.555215	-20.549897	-120.900827
0.555820	-20.235214	-118.806389
0.556426	-19.776555	-116.035496
0.557031	-19.052420	-112.397547
0.557637	-18.285153	-107.854042
0.558242	-17.282178	-102.434804
0.558848	-16.189294	-96.295189
0.559453	-14.870421	-89.370939
0.560059	-13.551548	-81.844792
0.560664	-12.118466	-73.539976
0.561270	-10.636785	-64.840945
0.561875	-8.987434	-55.768575
0.562480	-7.364814	-45.898014
0.563086	-5.644387	-35.843631
0.563691	-3.892977	-25.675376
0.564297	-1.969039	-15.161437
0.564902	-0.133795	-4.502717
0.565508	1.710561	6.097711
0.566113	3.570713	16.641474
0.566719	5.277775	27.091699
0.567324	7.029185	37.320415
0.567930	8.784847	47.209954
0.568535	10.388027	56.688197
0.569141	11.889756	65.842447
0.569746	13.353213	74.559915
0.570352	14.722508	82.314890
0.570957	16.077830	89.781932
0.571562	17.118470	96.792399
0.572168	18.119623	102.665770
0.572773	19.054558	107.700011
0.573379	19.713691	112.065116
0.573984	20.216697	115.642605
0.574590	20.579980	118.203648
0.575195	20.899522	119.886518
0.575801	21.004619	120.607980
0.576406	21.011301	120.549959
0.577012	20.782276	119.494200
0.577617	20.389226	117.370753
0.578223	19.799348	114.589286
0.578828	19.097691	110.931274
0.579434	18.278179	106.119084
0.580039	17.209595	100.809652
0.580645	16.148907	94.762218
0.581250	14.880457	87.850982
0.581855	13.543359	80.260308
0.582461	12.083547	72.126029
0.583066	10.522284	63.411273
0.583672	8.886906	54.088384
0.584277	7.137926	44.560254
0.584883	5.460024	34.592359
0.585488	3.567068	24.295862
0.586094	1.810191	13.868141
0.586699	-0.037203	3.172006
0.587305	-1.802585	-7.107682
0.587910	-3.640866	-17.728173
0.588516	-5.494335	-28.341344
0.589121	-7.166770	-38.373223
0.589727	-8.925470	-48.319156
0.590332	-10.544445	-57.838068
0.590938	-12.066222	-67.035156
0.591543	-13.548511	-75.614350
0.592148	-14.862524	-83.628792
0.592754	-16.158919	-91.112101
0.593359	-17.209279	-97.828940
0.593965	-18.266321	-103.837060
0.594570	-19.090692	-108.813009
0.595176	-19.769265	-113.340789
0.595781	-20.264374	-116.927767
0.596387	-20.689013	-119.182439
0.596992	-20.955704	-120.907062
0.597598	-21.000658	-121.722334
0.598203	-20.894347	-121.553694
0.598809	-20.591814	-120.375116
0.599414	-20.220027	-118.286644
0.600020	-19.648373	-115.360938
0.600625	-18.921201	-111.521544
0.601230	-18.173374	-106.819431
0.601836	-17.183156	-101.340817
0.602441	-15.934753	-95.043949
0.603047	-14.739810	-88.034023
0.603652	-13.360795	-80.217503
0.604258	-11.898553	-72.101389
0.604863	-10.204856	-63.161328
0.605469	-8.600460	-53.664648
0.606074	-6.937137	-44.018579
0.606680	-5.185728	-33.883129
0.607285	-3.256929	-23.516682
0.607891	-1.515847	-13.030127
0.608496	0.412344	-2.413160
0.609102	2.200203	8.117589
0.609707	4.055494	18.751907
0.610313	5.858541	29.181798
0.610918	7.672522	39.287966
0.611523	9.328555	49.051703
0.612129	10.945101	58.699399
0.612734	12.398838	67.691245
0.613340	13.904819	75.987114
0.613945	15.240702	84.069879
0.614551	16.492142	91.484323
0.615156	17.641524	97.906721
0.615762	18.628704	103.737526
0.616367	19.408728	108.710763
0.616973	20.054496	112.906687
0.617578	20.709984	116.294660
0.618184	21.057471	118.650190
0.618789	21.318087	120.203191
0.619395	21.328414	120.825151
0.620000	21.270702	120.359630
0.620605	21.042891	119.176442
0.621211	20.575727	117.173374
0.621816	19.934819	113.962175
0.622422	19.262322	110.048763
0.623027	18.392388	105.384336
0.623633	17.396703	99.874543
0.624238	16.234564	93.493898
0.624844	14.907794	86.534673
0.625449	13.526957	78.805725
0.626055	12.011863	70.494673
0.626660	10.439057	61.653301
0.627266	8.740500	52.299504
0.627871	7.035867	42.780321
0.628477	5.217633	32.577633
0.629082	3.502066	22.190038
0.629687	1.524060	11.879171
0.630293	-0.333661	1.456601
0.630898	-2.171335	-9.304604
0.631504	-3.965269	-19.882257
0.632109	-5.837570	-30.175230
0.632715	-7.593232	-40.322066
0.633320	-9.327632	-50.248479
0.633926	-10.899830	-59.703405
0.634531	-12.434972	-68.748934
0.635137	-13.925766	-77.167080
0.635742	-15.248283	-85.221920
0.636348	-16.463274	-92.564244
0.636953	-17.622983	-99.012128
0.637559	-18.603481	-104.934844
0.638164	-19.423600	-110.098682
0.638770	-20.093667	-114.086653
0.639375	-20.668966	-117.385154
0.639980	-21.110007	-119.886821
0.640586	-21.305621	-121.363907
0.641191	-21.268564	-121.919984
0.641797	-21.184729	-121.495674
0.642402	-20.888272	-120.250941
0.643008	-20.468492	-117.974850
0.643613	-19.919924	-114.820587
0.644219	-19.188499	-110.833701
0.644824	-18.393288	-106.096884
0.645430	-17.248158	-100.355008
0.646035	-16.163171	-93.683175
0.646641	-14.867384	-86.761907
0.647246	-13.451312	-78.939150
0.647852	-11.944115	-70.386526
0.648457	-10.359159	-61.393596
0.649062	-8.683079	-51.985845
0.649668	-7.054991	-42.196079
0.650273	-5.161428	-31.974141
0.650879	-3.428243	-21.685236
0.651484	-1.575382	-11.106498
0.652090	0.299349	-0.539961
0.652695	2.192913	10.121741
0.653301	3.976520	20.685296
0.653906	5.876158	30.880664
0.654512	7.620885	41.282629
0.655117	9.293928	50.997022
0.655723	10.968186	60.303643
0.656328	12.521552	69.260785
0.656934	13.947951	77.652903
0.657539	15.364631	85.517413
0.658145	16.577799	92.640669
0.658750	17.708956	99.140067
0.659355	18.659079	104.772408
0.659961	19.517470	109.627436
0.660566	20.172350	113.620016
0.661172	20.709984	116.877577
0.661777	21.119436	119.203555
0.662383	21.392809	120.312997
0.662988	21.414678	120.815390
0.663594	21.282852	120.565956
0.664199	21.022844	119.045218
0.664805	20.644982	116.673421
0.665410	20.032019	113.492316
0.666016	19.274472	109.404300
0.666621	18.400286	104.513755
0.667227	17.436798	98.796823
0.667832	16.229097	92.365477
0.668438	14.878027	85.253338
0.669043	13.547612	77.353311
0.669648	12.042845	68.861961
0.670254	10.465179	60.149102
0.670859	8.750220	50.638053
0.671465	7.027970	40.773186
0.672070	5.343992	30.831591
0.672676	3.505711	20.528044
0.673281	1.635840	9.998109
0.673887	-0.237677	-0.551619
0.674492	-2.023713	-11.107582
0.675098	-3.871715	-21.679000
0.675703	-5.665042	-32.032704
0.676309	-7.393366	-42.126400
0.676914	-9.056689	-51.928366
0.677520	-10.718189	-61.285146
0.678125	-12.285528	-70.453765
0.678730	-13.720432	-78.714117
0.679336	-15.055100	-86.418121
0.679941	-16.299250	-93.762614
0.680547	-17.373303	-100.234900
0.681152	-18.341043	-105.820065
0.681758	-19.099805	-110.661808
0.682363	-19.836697	-114.761753
0.682969	-20.312366	-117.892700
0.683574	-20.670788	-120.072270
0.684180	-20.947806	-121.450667
0.684785	-20.933226	-121.847593
0.685391	-20.859719	-121.343031
0.685996	-20.571766	-119.769424
0.686602	-20.119182	-117.334454
0.687207	-19.551781	-114.311144
0.687813	-18.769935	-109.936550
0.688418	-17.946171	-104.820971
0.689023	-16.882446	-99.119493
0.689629	-15.778019	-92.556923
0.690234	-14.423304	-85.232222
0.690840	-13.089244	-77.348462
0.691445	-11.635507	-68.834338
0.692051	-10.078496	-59.784743
0.692656	-8.450408	-50.259053
0.693262	-6.669232	-40.418858
0.693867	-4.914785	-30.197462
0.694473	-3.088653	-19.896085
0.695078	-1.358506	-9.126475
0.695684	0.593377	1.298535
0.696289	2.384882	11.839044
0.696895	4.168488	22.569612
0.697500	5.940553	32.893222
0.698105	7.675560	42.880095
0.698711	9.316405	52.580389
0.699316	10.943886	61.946387
0.699922	12.474167	70.787216
0.700527	13.774815	78.971111
0.701133	15.144110	86.694094
0.701738	16.371858	93.780205
0.702344	17.352356	100.113133
0.702949	18.311591	105.407924
0.703555	19.163300	110.257800
0.704160	19.693644	114.176092
0.704766	20.229455	117.070076
0.705371	20.621289	119.146348
0.705977	20.742181	120.432834
0.706582	20.819333	120.681184
0.707187	20.657132	120.074678
0.707793	20.366141	118.460131
0.708398	19.904445	115.943011
0.709004	19.336436	112.572933
0.709609	18.500523	108.365080
0.710215	17.645776	103.338159
0.710820	16.628221	97.587065
0.711426	15.446035	90.912521
0.712031	14.136882	83.522750
0.712637	12.718988	75.873784
0.713242	11.206324	67.323600
0.713848	9.654780	58.199174
0.714453	7.941643	48.760786
0.715059	6.298368	39.038531
0.715664	4.545136	28.833945
0.716270	2.780361	18.466413
0.716875	0.977314	8.037065
0.717480	-0.889519	-2.544384
0.718086	-2.667659	-13.109837
0.718691	-4.440331	-23.688033
0.719297	-6.240947	-33.920002
0.719902	-7.994179	-43.908231
0.720508	-9.585818	-53.821629
0.721113	-11.095444	-63.081346
0.721719	-12.575910	-71.704192
0.722324	-13.982870	-80.109053
0.722930	-15.258611	-87.890870
0.723535	-16.363645	-94.856060
0.724141	-17.397602	-101.091653
0.724746	-18.334360	-106.665161
0.725352	-19.061533	-111.428548
0.725957	-19.681178	-115.293428
0.726562	-20.162922	-118.245975
0.727168	-20.489755	-120.317909
0.727773	-20.605786	-121.530920
0.728379	-20.558402	-121.587585
0.728984	-20.376153	-121.029611
0.729590	-20.034740	-119.429162
0.730195	-19.588839	-116.551718
0.730801	-18.926061	-113.128499
0.731406	-18.133279	-108.883502
0.732012	-17.234186	-103.712885
0.732617	-16.129759	-97.747874
0.733223	-15.006500	-91.000668
0.733828	-13.631738	-83.658615
0.734434	-12.196833	-75.562294
0.735039	-10.769219	-66.880886
0.735645	-9.189123	-57.756460
0.736250	-7.431638	-48.308040
0.736855	-5.763456	-38.296224
0.737461	-4.031486	-27.931132
0.738066	-2.102080	-17.717870
0.738672	-0.421748	-7.166245
0.739277	1.459058	3.639425
0.739883	3.178878	14.177765
0.740488	4.995897	24.610367
0.741094	6.766747	34.881378
0.741699	8.417919	44.851984
0.742305	10.044185	54.546584
0.742910	11.654048	63.728217
0.743516	13.100495	72.389562
0.744121	14.451565	80.595960
0.744727	15.689033	88.136748
0.745332	16.879724	94.928960
0.745938	17.883915	101.296863
0.746543	18.736231	106.679769
0.747148	19.456720	111.026438
0.747754	20.054496	114.758468
0.748359	20.501613	117.693391
0.748965	20.695404	119.531073
0.749570	20.891017	120.538843
0.750176	20.877652	120.679286
0.750781	20.644982	119.766138
0.751387	20.251932	117.979428
0.751992	19.808460	115.296921
0.752598	19.095261	111.777453
0.753203	18.248412	107.479587
0.753809	17.235109	102.044082
0.754414	16.266154	96.119468
0.755020	14.994058	89.656130
0.755625	13.632053	82.156011
0.756230	12.202617	74.032306
0.756836	10.699065	65.439556
0.757441	9.063080	56.382098
0.758047	7.300128	46.816010
0.758652	5.584560	36.937044
0.759258	3.847123	26.714293
0.759863	2.062301	16.363571
0.760469	0.231917	5.805981
0.761074	-1.605149	-4.827524
0.761680	-3.427636	-15.226235
0.762285	-5.282319	-25.783554
0.762891	-6.921342	-36.187417
0.763496	-8.670929	-45.917806
0.764102	-10.323925	-55.616745
0.764707	-11.896731	-64.879986
0.765312	-13.276353	-73.583627
0.765918	-14.650508	-81.777011
0.766523	-15.928678	-89.323763
0.767129	-17.004553	-96.212767
0.767734	-18.051268	-102.394407
0.768340	-18.900546	-107.779483
0.768945	-19.668421	-112.290995
0.769551	-20.234606	-116.101922
0.770156	-20.633731	-118.876339
0.770762	-20.862149	-120.540502
0.771367	-21.041360	-121.727756
0.771973	-20.949021	-121.845696
0.772578	-20.673826	-120.758486
0.773184	-20.320871	-118.908332
0.773789	-19.758330	-116.172414
0.774395	-19.042700	-112.522536
0.775000	-18.184309	-107.978488
0.775605	-17.258486	-102.673123
0.776211	-16.129759	-96.554655
0.776816	-14.885001	-89.755936
0.777422	-13.496874	-82.148452
0.778027	-12.041314	-74.007123
0.778633	-10.482481	-65.392683
0.779238	-8.834346	-55.987643
0.779844	-7.263970	-46.187846
0.780449	-5.491298	-36.395370
0.781055	-3.633577	-26.113784
0.781660	-1.826277	-15.557821
0.782266	-0.019586	-4.996706
0.782871	1.888558	5.616736
0.783477	3.687959	16.223671
0.784082	5.514091	26.669829
0.784687	7.295875	36.891767
0.785293	8.996255	46.801911
0.785898	10.585463	56.354172
0.786504	12.104202	65.591114
0.787109	13.549434	74.052369
0.787715	14.956394	81.989812
0.788320	16.207227	89.692460
0.788926	17.363291	96.441564
0.789531	18.324349	102.372143
0.790137	19.154188	107.530558
0.790742	19.894725	111.991642
0.791348	20.389834	115.515990
0.791953	20.840595	118.154032
0.792559	21.103033	119.858863
0.793164	21.200840	120.702331
0.793770	21.130978	120.623434
0.794375	20.860643	119.492303
0.794980	20.501613	117.641877
0.795586	19.954259	114.852548
0.796191	19.200965	110.997699
0.796797	18.351686	106.523873
0.797402	17.409461	101.325873
0.798008	16.254612	95.129863
0.798613	15.010461	88.260923
0.799219	13.556117	80.745079
0.799824	12.077472	72.576096
0.800430	10.544761	63.809284
0.801035	8.891766	54.631175
0.801641	7.128814	45.028486
0.802246	5.387732	35.131897
0.802852	3.575573	24.742404
0.803457	1.782853	14.245546
0.804063	-0.051783	3.981041
0.804668	-1.922869	-6.736512
0.805273	-3.639651	-17.433189
0.805879	-5.532608	-27.757883
0.806484	-7.248782	-37.884114
0.807090	-9.010519	-47.906505
0.807695	-10.725479	-57.497807
0.808301	-12.201693	-66.634162
0.808906	-13.642065	-75.229624
0.809512	-14.940891	-83.291784
0.810117	-16.161957	-90.810610
0.810723	-17.274281	-97.494373
0.811328	-18.291228	-103.486767
0.811934	-19.126535	-108.859101
0.812539	-19.868287	-113.148020
0.813145	-20.399238	-116.563918
0.813750	-20.780745	-119.321526
0.814355	-21.045005	-121.017952
0.814961	-21.076595	-121.762731
0.815566	-20.993368	-121.635032
0.816172	-20.718173	-120.555143
0.816777	-20.352461	-118.512490
0.817383	-19.784452	-115.570789
0.817988	-19.060318	-111.793753
0.818594	-18.242629	-107.154540
0.819199	-17.236009	-101.706835
0.819805	-16.086020	-95.262475
0.820410	-14.859486	-88.433390
0.821016	-13.477434	-80.876064
0.821621	-11.993322	-72.297141
0.822227	-10.449069	-63.500776
0.822832	-8.806401	-54.282270
0.823438	-7.138826	-44.540493
0.824043	-5.347929	-34.450051
0.824648	-3.527872	-24.062185
0.825254	-1.735761	-13.624974
0.825859	0.219160	-2.975472
0.826465	2.051366	7.675656
0.827070	3.875068	18.243549
0.827676	5.665357	28.524050
0.828281	7.433169	38.740294
0.828887	9.046677	48.770547
0.829492	10.738552	58.024841
0.830098	12.307713	67.175024
0.830703	13.734113	75.805190
0.831309	15.083360	83.649365
0.831914	16.322651	90.996027
0.832520	17.494510	97.636952
0.833125	18.461643	103.455285
0.833730	19.298772	108.485459
0.834336	20.038094	112.693854
0.834941	20.532595	116.128460
0.835547	20.915925	118.639074
0.836152	21.182008	120.076847
0.836758	21.274347	120.637804
0.837363	21.128548	120.575716
0.837969	20.874615	119.349691
0.838574	20.528343	117.031576
0.839180	19.948184	114.140575
0.839785	19.156010	110.328021
0.840391	18.238692	105.662239
0.840996	17.301934	100.109337
0.841602	16.139795	93.848529
0.842207	14.908402	86.916958
0.842812	13.404243	79.209430
0.843418	11.945646	70.886719
0.844023	10.374055	62.119907
0.844629	8.720452	52.960506
0.845234	6.961145	43.063917
0.845840	5.300860	33.116357
0.846445	3.437671	23.008563
0.847051	1.555650	12.438501
0.847656	-0.296604	1.844580
0.848262	-2.094183	-8.693218
0.848867	-3.872930	-19.220985
0.849473	-5.737333	-29.602073
0.850078	-7.484491	-39.752434
0.850684	-9.177581	-49.667730
0.851289	-10.824501	-59.207790
0.851895	-12.379082	-68.222681
0.852500	-13.808519	-76.816245
0.853105	-15.121924	-84.692956
0.853711	-16.361215	-91.999491
0.854316	-17.472324	-98.851080
0.854922	-18.415157	-104.504298
0.855527	-19.325186	-109.532303
0.856133	-19.950906	-113.810377
0.856738	-20.522559	-117.189131
0.857344	-20.867617	-119.631692
0.857949	-21.080240	-121.151074
0.858555	-21.125802	-121.773034
0.859160	-21.000658	-121.489709
0.859766	-20.719995	-120.213255
0.860371	-20.326338	-118.037751
0.860977	-19.764405	-115.041554
0.861582	-18.919379	-111.061716
0.862187	-18.144822	-106.051877
0.862793	-17.094462	-100.615558
0.863398	-15.951763	-94.295103
0.864004	-14.675415	-86.969046
0.864609	-13.278783	-79.158490
0.865215	-11.828691	-70.809752
0.865820	-10.207893	-61.891380
0.866426	-8.535458	-52.450552
0.867031	-6.830218	-42.663498
0.867637	-4.991329	-32.544859
0.868242	-3.202862	-22.219622
0.868848	-1.366403	-11.620821
0.869453	0.433606	-0.968880
0.870059	2.342964	9.458842
0.870664	4.186713	20.131931
0.871270	5.942375	30.633399
0.871875	7.739347	40.557371
0.872480	9.399025	50.416815
0.873086	10.997345	59.913224
0.873691	12.507579	68.826986
0.874297	14.036645	77.224798
0.874902	15.365846	85.031558
0.875508	16.619716	92.311795
0.876113	17.650029	98.756425
0.876719	18.546692	104.379549
0.877324	19.431206	109.319709
0.877930	20.077581	113.506686
0.878535	20.600027	116.605368
0.879141	20.941439	118.741288
0.879746	21.172288	120.402739
0.880352	21.198410	120.873682
0.880957	21.063546	120.318690
0.881563	20.781668	118.979064
0.882168	20.382544	116.685350
0.882773	19.788413	113.547626
0.883379	18.983481	109.484553
0.883984	18.064948	104.641726
0.884590	17.062581	98.972783
0.885195	15.876142	92.593222
0.885801	14.545727	85.379140
0.886406	13.194657	77.650463
0.887012	11.689283	69.341580
0.887617	10.059372	60.221221
0.888223	8.447687	50.982381
0.888828	6.656182	41.407346
0.889434	4.859211	31.230957
0.890039	3.040369	20.836855
0.890645	1.207555	10.436246
0.891250	-0.662923	-0.127580
0.891855	-2.521860	-10.749156
0.892461	-4.313972	-21.295901
0.893066	-6.086036	-31.612190
0.893672	-7.851418	-41.755231
0.894277	-9.581565	-51.588105
0.894883	-11.166521	-61.150397
0.895488	-12.683437	-69.897689
0.896094	-14.190634	-78.307430
0.896699	-15.480954	-86.394262
0.897305	-16.631551	-93.390902
0.897910	-17.693453	-99.812488
0.898516	-18.586471	-105.529420
0.899121	-19.517762	-110.474190
0.899727	-20.161707	-114.541600
0.900332	-20.695088	-117.753070
0.900937	-20.998228	-119.998253
0.901543	-21.195664	-121.419217
0.902148	-21.172580	-121.806654
0.902754	-21.056548	-121.266031
0.903359	-20.726678	-119.873536
0.903965	-20.253439	-117.611543
0.904570	-19.661131	-114.074724
0.905176	-18.923024	-110.081059
0.905781	-18.012995	-105.202715
0.906387	-16.991795	-99.362421
0.906992	-15.806572	-92.755929
0.907598	-14.427557	-85.533713
0.908203	-13.046720	-77.640193
0.908809	-11.548636	-69.083502
0.909414	-9.929660	-60.045836
0.910020	-8.223205	-50.596060
0.910625	-6.500348	-40.797348
0.911230	-4.725246	-30.569174
0.911836	-2.948929	-20.066622
0.912441	-1.114900	-9.780156
0.913047	0.827871	0.972372
0.913652	2.680124	11.779397
0.914258	4.486816	22.164823
0.914863	6.377342	32.496838
0.915469	8.100807	42.601108
0.916074	9.778102	52.340444
0.916680	11.341188	61.648692
0.917285	12.879367	70.527208
0.917891	14.344646	78.816841
0.918496	15.673238	86.520303
0.919102	16.891267	93.687481
0.919707	17.921579	99.851226
0.920312	18.914834	105.531557
0.920918	19.628642	110.219029
0.921523	20.335159	113.911475
0.922129	20.817510	117.207807
0.922734	21.147988	119.337490
0.923340	21.318087	120.465911
0.923945	21.407996	120.794785
0.924551	21.211775	120.219730
0.925156	20.915317	118.681911
0.925762	20.460303	116.153675
0.926367	19.839443	112.819385
0.926973	18.995631	108.685820
0.927578	18.063126	103.729392
0.928184	16.983606	97.655931
0.928789	15.881609	91.235701
0.929395	14.508669	84.257226
0.930000	12.990538	76.130810
0.930605	11.531334	67.577102
0.931211	9.896564	58.706448
0.931816	8.202866	49.288124
0.932422	6.434447	39.440609
0.933027	4.678177	29.255272
0.933633	2.791904	18.851139
0.934238	1.000399	8.435347
0.934844	-0.884659	-2.075068
0.935449	-2.710183	-12.772287
0.936055	-4.521735	-23.225765
0.936660	-6.398289	-33.466140
0.937266	-8.138763	-43.747183
0.937871	-9.816058	-53.353126
0.938477	-11.452044	-62.620706
0.939082	-12.954380	-71.601706
0.939688	-14.395967	-79.902185
0.940293	-15.683858	-87.631403
0.940898	-16.812584	-94.711008
0.941504	-17.943741	-101.082977
0.942109	-18.915734	-106.594668
0.942715	-19.671458	-111.346397
0.943320	-20.329983	-115.344400
0.943926	-20.809905	-118.386146
0.944531	-21.179869	-120.545924
0.945137	-21.335996	-121.551797
0.945742	-21.427728	-121.991018
0.946348	-21.188374	-121.443347
0.946953	-20.836027	-119.499655
0.947559	-20.321478	-116.954338
0.948164	-19.715198	-113.674815
0.948770	-18.899331	-109.377220
0.949375	-18.077390	-104.178406
0.949980	-16.939551	-98.179504
0.950586	-15.788954	-91.639167
0.951191	-14.402042	-84.213065
0.951797	-12.992045	-76.114575
0.952402	-11.466016	-67.374603
0.953008	-9.872555	-58.479007
0.953613	-8.100491	-48.898821
0.954219	-6.463291	-38.751171
0.954824	-4.673001	-28.716309
0.955430	-2.797663	-18.384565
0.956035	-0.958774	-7.665385
0.956641	0.835160	2.985201
0.957246	2.728116	13.592136
0.957852	4.587053	24.055646
0.958457	6.397997	34.316626
0.959063	8.114779	44.361248
0.959668	9.815767	54.091637
0.960273	11.451752	63.302823
0.960879	12.946191	72.064484
0.961484	14.345861	80.182224
0.962090	15.667163	87.731688
0.962695	16.903417	94.981829
0.963301	17.903354	101.109515
0.963906	18.813990	106.298839
0.964512	19.580042	110.986312
0.965117	20.284129	114.802119
0.965723	20.754938	117.684173
0.966328	21.128548	119.637625
0.966934	21.264020	120.667899
0.967539	21.256730	120.782584
0.968145	21.108501	119.987105
0.968750	20.747041	118.238623
0.969355	20.309644	115.655619
0.969961	19.661446	112.261411
0.970566	18.847402	107.698113
0.971172	17.965926	102.577384
0.971777	16.921034	96.863976
0.972383	15.663518	90.060919
0.972988	14.302121	82.659218
0.973594	12.875114	74.661857
0.974199	11.316281	66.049044
0.974805	9.735577	56.986976
0.975410	8.022440	47.455050
0.976016	6.330565	37.617567
0.976621	4.457656	27.435756
0.977227	2.715967	16.966010
0.977832	0.821188	6.365582
0.978437	-0.976999	-3.979718
0.979043	-2.967761	-14.774542
0.979648	-4.632907	-25.304749
0.980254	-6.468151	-35.361843
0.980859	-8.226243	-45.406736
0.981465	-9.819096	-55.108386
0.982070	-11.402229	-64.417448
0.982676	-12.925828	-73.121088
0.983281	-14.326105	-81.307423
0.983887	-15.609743	-88.961269
0.984492	-16.827772	-95.947065
0.985098	-17.867196	-102.078547
0.985703	-18.751102	-107.491006
0.986309	-19.540847	-112.189595
0.986914	-20.128295	-115.953617
0.987520	-20.571766	-118.597895
0.988125	-20.891917	-120.730560
0.988730	-21.001873	-121.796893
0.989336	-21.013416	-121.756225
0.989941	-20.802007	-120.868834
0.990547	-20.489147	-119.080767
0.991152	-19.984318	-116.425102
0.991758	-19.407805	-112.827280
0.992363	-18.639323	-108.412558
0.992969	-17.663685	-103.106109
0.993574	-16.629121	-97.060302
0.994180	-15.301743	-90.190006
0.994785	-14.066097	-82.723507
0.995391	-12.602640	-74.716928
0.995996	-11.028619	-65.806148
0.996602	-9.537218	-56.492477
0.997207	-7.857493	-47.024265
0.997812	-6.112158	-37.058269
0.998418	-4.355889	-26.765839
0.999023	-2.500597	-16.250002
0.999629	-0.590632	-5.659877
1.000234	1.198443	4.966579
1.000840	2.980227	15.561313
1.001445	4.813041	25.982528
1.002051	6.616695	36.142921
1.002656	8.307963	46.115153
1.003262	9.963388	55.877264
1.003867	11.474837	64.890528
1.004473	12.997828	73.393266
1.005078	14.444882	81.689406
1.005684	15.642256	89.224228
1.006289	16.806218	95.938899
1.006895	17.851717	102.040015
1.007500	18.685809	107.243437
1.008105	19.479805	111.690151
1.008711	20.042954	115.282009
1.009316	20.467593	118.017114
1.009922	20.779238	119.793251
1.010527	20.900737	120.652987
1.011133	20.915925	120.519051
1.011738	20.723956	119.582045
1.012344	20.341841	117.893481
1.012949	19.818788	114.854446
1.013555	19.115308	111.215412
1.014160	18.310376	106.887180
1.014766	17.385161	101.531385
1.015371	16.269799	95.445452
1.015977	15.038406	88.638328
1.016582	13.762057	81.188368
1.017187	12.303461	73.001491
1.017793	10.726402	64.316015
1.018398	9.118362	55.197283
1.019004	7.395505	45.680811
1.019609	5.650777	35.696921
1.020215	3.930958	25.256728
1.020820	2.118191	14.977853
1.021426	0.365566	4.638518
1.022031	-1.480612	-6.170675
1.022637	-3.309781	-16.658586
1.023242	-5.090351	-27.012020
1.023848	-6.835685	-37.225011
1.024453	-8.601675	-47.223542
1.025059	-10.171443	-56.853615
1.025664	-11.726632	-65.984548
1.026270	-13.227753	-74.690900
1.026875	-14.473726	-82.779901
1.027480	-15.745822	-90.332889
1.028086	-16.893989	-96.993606
1.028691	-17.933413	-103.184464
1.029297	-18.748672	-108.557881
1.029902	-19.495284	-112.730488
1.030508	-20.061470	-116.275713
1.031113	-20.474567	-119.099475
1.031719	-20.646488	-120.841721
1.032324	-20.702985	-121.648588
1.032930	-20.744903	-121.582705
1.033535	-20.455127	-120.542129
1.034141	-20.100350	-118.598708
1.034746	-19.542669	-115.686559
1.035352	-18.978306	-111.926875
1.035957	-18.076782	-107.416718
1.036563	-17.093247	-101.913432
1.037168	-16.036812	-95.585385
1.037773	-14.837616	-88.898097
1.038379	-13.372337	-81.182706
1.038984	-12.003042	-72.749919
1.039590	-10.396217	-63.962230
1.040195	-8.874440	-54.776259
1.040801	-7.200183	-45.028789
1.041406	-5.394099	-34.968441
1.042012	-3.635399	-24.679264
1.042617	-1.793473	-14.181864
1.043223	0.008967	-3.584960
1.043828	1.846033	7.008689
1.044434	3.621135	17.534016
1.045039	5.455771	27.890974
1.045645	7.150076	38.261217
1.046250	8.834661	48.116323
1.046855	10.441487	57.485032
1.047461	11.967516	66.674799
1.048066	13.429150	75.273785
1.048672	14.795407	83.206348
1.049277	16.021333	90.526168
1.049883	17.177397	97.242737
1.050488	18.109903	103.110415
1.051094	18.982266	108.159296
1.051699	19.621352	112.431677
1.052305	20.146228	115.899089
1.052910	20.533202	118.490497
1.053516	20.824193	119.898718
1.054121	20.885550	120.505766
1.054727	20.866110	120.565414
1.055332	20.584840	119.392258
1.055937	20.193005	117.169850
1.056543	19.680279	114.284271
1.057148	18.951892	110.519164
1.057754	18.036396	105.828981
1.058359	17.098423	100.331388
1.058965	15.972126	94.116129
1.059570	14.748023	87.241494
1.060176	13.276669	79.568127
1.060781	11.891579	71.262498
1.061387	10.315128	62.553706
1.061992	8.615963	53.323813
1.062598	6.925910	43.502597
1.063203	5.139266	33.617124
1.063809	3.403651	23.471915
1.064414	1.574483	12.903208
1.065020	-0.309969	2.358361
1.065625	-2.116660	-8.201940
1.066230	-3.884472	-18.727267
1.066836	-5.703314	-29.153362
1.067441	-7.441966	-39.301554
1.068047	-9.172721	-49.196244
1.068652	-10.760714	-58.739015
1.069258	-12.253938	-67.914955
1.069863	-13.703422	-76.495234
1.070469	-15.048417	-84.225537
1.071074	-16.232426	-91.824616
1.071680	-17.222644	-98.505667
1.072285	-18.273611	-104.147498
1.072891	-19.162984	-109.338720
1.073496	-19.774732	-113.579108
1.074102	-20.357928	-117.061974
1.074707	-20.709060	-119.526767
1.075312	-20.935049	-121.144568
1.075918	-20.959349	-121.780897
1.076523	-20.819017	-121.485642
1.077129	-20.619151	-120.205121
1.077734	-20.220027	-118.086283
1.078340	-19.653841	-115.270925
1.078945	-18.882929	-111.141969
1.079551	-18.073745	-106.300227
1.080156	-17.113902	-100.879905
1.080762	-15.891014	-94.417380
1.081367	-14.716117	-87.378173
1.081973	-13.204668	-79.592018
1.082578	-11.682285	-71.166823
1.083184	-10.207285	-62.278004
1.083789	-8.506906	-52.871880
1.084395	-6.842368	-43.162638
1.085000	-5.061798	-33.043728
1.085605	-3.298239	-22.674569
1.086211	-1.439910	-12.119690
1.086816	0.357669	-1.564540
1.087422	2.202025	8.875653
1.088027	4.090121	19.722804
1.088633	5.840923	30.070273
1.089238	7.564388	40.090494
1.089844	9.228926	49.955361
1.090449	10.907436	59.446618
1.091055	12.362388	68.362278
1.091660	13.762665	76.762259
1.092266	15.182990	84.654424
1.092871	16.442328	91.959875
1.093477	17.503015	98.444090
1.094082	18.439773	104.085379
1.094688	19.271434	109.049398
1.095293	19.935427	113.269452
1.095898	20.420208	116.333159
1.096504	20.835128	118.818829
1.097109	21.028311	120.389183
1.097715	21.075088	120.768486
1.098320	20.929290	120.376440
1.098926	20.702694	119.099443
1.099531	20.284737	116.871613
1.100137	19.676634	113.741751
1.100742	18.985911	109.764354
1.101348	18.029106	104.933456
1.101953	16.970241	99.300844
1.102559	15.819037	92.884139
1.103164	14.540867	85.716148
1.103770	13.152739	78.195695
1.104375	11.693535	69.801407
1.104980	10.132272	60.712499
1.105586	8.422172	51.542524
1.106191	6.719362	41.890761
1.106797	4.919960	31.780255
1.107402	3.177663	21.439836
1.108008	1.308399	10.984731
1.108613	-0.518340	0.435546
1.109219	-2.339004	-10.170034
1.109824	-4.186397	-20.709187
1.110430	-5.922012	-31.057740
1.111035	-7.621177	-41.131102
1.111641	-9.353754	-51.158644
1.112246	-10.897400	-60.494818
1.112852	-12.472029	-69.297690
1.113457	-13.861371	-77.980996
1.114062	-15.125569	-85.840626
1.114668	-16.397665	-92.968219
1.115273	-17.421295	-99.500152
1.115879	-18.465579	-105.268869
1.116484	-19.196397	-110.219604
1.117090	-19.918101	-114.319820
1.117695	-20.371900	-117.633233
1.118301	-20.812335	-119.975207
1.118906	-20.925329	-121.368516
1.119512	-20.957526	-121.749718
1.120117	-20.839064	-121.382886
1.120723	-20.524989	-120.111312
1.121328	-20.028058	-117.518277
1.121934	-19.455797	-114.341239
1.122539	-18.707363	-110.359504
1.123145	-17.810092	-105.385182
1.123750	-16.784032	-99.640866
1.124355	-15.671100	-93.154482
1.124961	-14.357695	-85.961818
1.125566	-13.012092	-78.072094
1.126172	-11.421669	-69.551463
1.126777	-9.857976	-60.534402
1.127383	-8.204373	-51.198228
1.127988	-6.456001	-41.282661
1.128594	-4.741041	-30.998364
1.129199	-2.947714	-20.880267
1.129805	-1.151350	-10.226156
1.130410	0.648052	0.564330
1.131016	2.501521	11.100501
1.131621	4.306390	21.567536
1.132227	6.094249	31.903888
1.132832	7.775797	42.024155
1.133438	9.496224	51.766744
1.134043	11.041085	61.113763
1.134648	12.538562	69.977910
1.135254	13.932764	78.253173
1.135859	15.260141	85.923558
1.136465	16.496395	93.072299
1.137070	17.496332	99.600978
1.137676	18.444025	105.072001
1.138281	19.327324	109.671087
1.138887	19.866780	113.880295
1.139492	20.308429	117.006090
1.140098	20.659562	119.109746
1.140703	20.906205	120.347701
1.141309	20.869755	120.716159
1.141914	20.708161	120.145442
1.142520	20.429928	118.621722
1.143125	19.955474	116.189192
1.143730	19.374101	112.950338
1.144336	18.550337	108.795354
1.144941	17.683441	103.671914
1.145547	16.612426	98.058280
1.146152	15.401688	91.673025
1.146758	14.116227	84.324465
1.147363	12.739643	76.463209
1.147969	11.222119	68.140770
1.148574	9.629266	59.114491
1.149180	7.872996	49.724634
1.149785	6.186588	39.944900
1.150391	4.403589	29.778814
1.150996	2.626665	19.405860
1.151602	0.818151	8.936385
1.152207	-0.968494	-1.633948
1.152813	-2.844440	-12.126468
1.153418	-4.604962	-22.656946
1.154023	-6.427448	-33.191491
1.154629	-8.143016	-42.969598
1.155234	-9.795404	-52.742282
1.155840	-11.349377	-62.205885
1.156445	-12.838956	-71.102566
1.157051	-14.217971	-79.442900
1.157656	-15.491281	-87.142024
1.158262	-16.608466	-94.240065
1.158867	-17.652750	-100.677646
1.159473	-18.598621	-106.199640
1.160078	-19.351915	-111.024030
1.160684	-19.945439	-115.029624
1.161289	-20.326946	-118.067304
1.161895	-20.691443	-120.137340
1.162500	-20.834205	-121.536885
1.163105	-20.819017	-121.840544
1.163711	-20.658638	-121.034220
1.164316	-20.348208	-119.456275
1.164922	-19.878007	-117.012087
1.165527	-19.201864	-113.663157
1.166133	-18.385998	-109.377220
1.166738	-17.482652	-104.299599
1.167344	-16.447479	-98.415654
1.167949	-15.286555	-91.770391
1.168555	-13.961000	-84.350796
1.169160	-12.448944	-76.413354
1.169766	-10.972730	-67.948303
1.170371	-9.367119	-58.644935
1.170977	-7.739639	-49.180248
1.171582	-5.980332	-39.487816
1.172187	-4.122610	-29.079616
1.172793	-2.412511	-18.618004
1.173398	-0.563902	-8.094304
1.174004	1.248257	2.465726
1.174609	3.122989	13.103027
1.175215	4.935755	23.682307
1.175820	6.705390	33.891773
1.176426	8.444042	43.912266
1.177031	10.081850	53.628557
1.177637	11.628533	62.986150
1.178242	13.115682	71.515186
1.178848	14.483155	79.786111
1.179453	15.752820	87.656857
1.180059	16.898557	94.433073
1.180664	17.930692	100.646706
1.181270	18.848010	106.123151
1.181875	19.575790	110.717627
1.182480	20.193005	114.624261
1.183086	20.639514	117.493030
1.183691	20.922607	119.447296
1.184297	21.081771	120.504139
1.184902	20.968169	120.719141
1.185508	20.791388	119.952943
1.186113	20.462126	118.297457
1.186719	19.959119	115.615764
1.187324	19.311529	112.058881
1.187930	18.442203	108.036748
1.188535	17.495725	102.800519
1.189141	16.422280	96.810565
1.189746	15.153830	90.269685
1.190352	13.822807	82.945255
1.190957	12.369678	74.903158
1.191563	10.900754	66.307696
1.192168	9.227103	57.297414
1.192773	7.422234	47.833811
1.193379	5.765594	37.919600
1.193984	3.994137	27.663500
1.194590	2.133378	17.376492
1.195195	0.281732	6.949855
1.195801	-1.514632	-3.828701
1.196406	-3.314034	-14.315799
1.197012	-5.196662	-24.555089
1.197617	-7.007607	-34.947293
1.198223	-8.670322	-45.014148
1.198828	-10.263783	-54.724203
1.199434	-11.914348	-63.993409
1.200039	-13.374160	-72.762120
1.200645	-14.746492	-81.027080
1.201250	-16.014335	-88.637004
1.201855	-17.175867	-95.622529
1.202461	-18.266928	-101.896893
1.203066	-19.118637	-107.318029
1.203672	-19.865857	-111.831439
1.204277	-20.439940	-115.779013
1.204883	-20.849999	-118.787411
1.205488	-21.122765	-120.470010
1.206094	-21.212674	-121.568877
1.206699	-21.210244	-121.805298
1.207305	-21.043790	-120.927397
1.207910	-20.644058	-119.135535
1.208516	-20.090022	-116.522978
1.209121	-19.334298	-112.956064
1.209727	-18.555489	-108.511790
1.210332	-17.574384	-103.187988
1.210937	-16.469957	-97.212403
1.211543	-15.198469	-90.602657
1.212148	-13.819454	-82.937153
1.212754	-12.412494	-74.725332
1.213359	-10.811136	-66.289292
1.213965	-9.203095	-56.925463
1.214570	-7.454116	-47.280207
1.215176	-5.787756	-37.341865
1.215781	-3.890547	-27.023136
1.216387	-2.046798	-16.582129
1.216992	-0.249827	-6.034571
1.217598	1.640700	4.612762
1.218203	3.539123	15.217256
1.218809	5.271093	25.623830
1.219414	7.109982	35.969130
1.220020	8.800642	45.753202
1.220625	10.496769	55.440482
1.221230	12.021583	64.819494
1.221836	13.568266	73.286442
1.222441	14.989806	81.321490
1.223047	16.261294	89.041762
1.223652	17.393666	95.845903
1.224258	18.453745	101.869206
1.224863	19.367419	107.095132
1.225469	20.045991	111.656261
1.226074	20.583625	115.304784
1.226680	21.012516	118.014674
1.227285	21.403136	119.768850
1.227891	21.476036	120.772824
1.228496	21.365471	120.742729
1.229102	21.216635	119.678294
1.229707	20.770733	117.989188
1.230312	20.266512	115.302615
1.230918	19.525367	111.609356
1.231523	18.704641	107.185417
1.232129	17.738723	101.862157
1.232734	16.605744	95.755348
1.233340	15.388323	89.022783
1.233945	13.949166	81.522664
1.234551	12.429820	73.381065
1.235156	10.945708	64.694776
1.235762	9.255656	55.548390
1.236367	7.496349	45.988809
1.236973	5.698162	36.154579
1.237578	3.924275	25.753428
1.238184	2.064731	15.248436
1.238789	0.207010	4.975255
1.239395	-1.647674	-5.574201
