LabVIEW Measurement	
Writer_Version	2
Reader_Version	2
Separator	Tab
Decimal_Separator	.
Multi_Headings	No
X_Columns	One
Time_Pref	Absolute
Operator	AlunosGDS-JT
Date	2019/10/09
Time	15:19:08.4651639249999940857
***End_of_Header***	
	
Channels	2		
Samples	2048	2048	
Date	2019/10/09	2019/10/09	
Time	15:36:39.0188357999999865717	15:36:39.0188357999999865717	
Y_Unit_Label	g	Newtons	
X_Dimension	Time	Time	
X0	0.0000000000000000E+0	0.0000000000000000E+0	
Delta_X	0.000605	0.000605	
***End_of_Header***			
X_Value	Acceleration (Trigger)	Force (Trigger)	Comment
0.000000	0.307247	0.347159
0.000605	0.323042	-1.863591
0.001211	0.275050	-4.051837
0.001816	0.359491	-6.200499
0.002422	0.312714	-8.470083
0.003027	0.354632	-10.594072
0.003633	0.378324	-12.774727
0.004238	0.352809	-14.923932
0.004844	0.409914	-17.229304
0.005449	0.419634	-19.391793
0.006055	0.444541	-21.326267
0.006660	0.377716	-23.637604
0.007266	0.461551	-25.900680
0.007871	0.436643	-27.841932
0.008477	0.525338	-29.947485
0.009082	0.507113	-32.078253
0.009687	0.570900	-34.158863
0.010293	0.515618	-36.230526
0.010898	0.550853	-38.323336
0.011504	0.572722	-40.457900
0.012109	0.587302	-42.517633
0.012715	0.592770	-44.507687
0.013320	0.603705	-46.529192
0.013926	0.598845	-48.756209
0.014531	0.680249	-50.501438
0.015137	0.680249	-52.447028
0.015742	0.725204	-54.544447
0.016348	0.743429	-56.443404
0.016953	0.783523	-58.267530
0.017559	0.768336	-60.129884
0.018164	0.807823	-62.053513
0.018770	0.807823	-63.881706
0.019375	0.795673	-65.671670
0.019980	0.869788	-67.497152
0.020586	0.898340	-69.329683
0.021191	0.883153	-71.046172
0.021797	0.928107	-72.653399
0.022402	0.942080	-74.537714
0.023008	0.925677	-76.202690
0.023613	0.931752	-77.580274
0.024219	0.939042	-79.310591
0.024824	0.925677	-80.964722
0.025430	0.990072	-82.488442
0.026035	0.971239	-84.028429
0.026641	1.024092	-85.512294
0.027246	0.991894	-86.991821
0.027852	1.015587	-88.454538
0.028457	1.041101	-89.780066
0.029062	1.045354	-91.223262
0.029668	1.030167	-92.639345
0.030273	1.022269	-93.815483
0.030879	1.061756	-95.119321
0.031484	0.980959	-96.563602
0.032090	1.015587	-97.660301
0.032695	0.991894	-98.655599
0.033301	0.973669	-99.942085
0.033906	1.002829	-101.028210
0.034512	0.946940	-102.105930
0.035117	0.997969	-103.085232
0.035723	0.939650	-104.121741
0.036328	1.010727	-105.007505
0.036934	0.958482	-105.918212
0.037539	0.980352	-106.762223
0.038145	0.961520	-107.742338
0.038750	0.973669	-108.530769
0.039355	0.925677	-109.068409
0.039961	0.926892	-109.981827
0.040566	0.932967	-110.702476
0.041172	0.929322	-111.072019
0.041777	0.875255	-111.767725
0.042383	0.921425	-112.335460
0.042988	0.921425	-112.820773
0.043594	0.867358	-113.281142
0.044199	0.884368	-113.687015
0.044805	0.886190	-114.118375
0.045410	0.848525	-114.479513
0.046016	0.849133	-114.737623
0.046621	0.845488	-114.953981
0.047227	0.817543	-115.369886
0.047832	0.845488	-115.366903
0.048438	0.795673	-115.485927
0.049043	0.787168	-115.795009
0.049648	0.775626	-115.734277
0.050254	0.768943	-115.688457
0.050859	0.806608	-115.633148
0.051465	0.781093	-115.603866
0.052070	0.773803	-115.469117
0.052676	0.745251	-115.338164
0.053281	0.800533	-115.099032
0.053887	0.792028	-114.881048
0.054492	0.765906	-114.609381
0.055098	0.810861	-114.169888
0.055703	0.775626	-113.995284
0.056309	0.816936	-113.526239
0.056914	0.819973	-112.828364
0.057520	0.748289	-112.471564
0.058125	0.793243	-111.971068
0.058730	0.847918	-111.340975
0.059336	0.785953	-110.694072
0.059941	0.829693	-110.030630
0.060547	0.853385	-109.371526
0.061152	0.843058	-108.605057
0.061758	0.805393	-107.822591
0.062363	0.837590	-107.004337
0.062969	0.832123	-106.237055
0.063574	0.835768	-105.220880
0.064180	0.844880	-104.289567
0.064785	0.889835	-103.533401
0.065391	0.918995	-102.381664
0.065996	0.933575	-101.172448
0.066602	0.894088	-100.195044
0.067207	0.857638	-99.100514
0.067812	0.922032	-97.884792
0.068418	0.928107	-96.651717
0.069023	0.945725	-95.470157
0.069629	0.982782	-94.189364
0.070234	0.976707	-92.869801
0.070840	0.957267	-91.565150
0.071445	0.917172	-90.284900
0.072051	0.938435	-88.885083
0.072656	0.952407	-87.226886
0.073262	0.934182	-85.996522
0.073867	0.955445	-84.576101
0.074473	0.928715	-82.820569
0.075078	0.940257	-81.293596
0.075684	0.990679	-79.753337
0.076289	0.924462	-78.112763
0.076895	0.928715	-76.478695
0.077500	0.906845	-74.800976
0.078105	0.892873	-73.142236
0.078711	0.881938	-71.385349
0.079316	0.893480	-69.629275
0.079922	0.861890	-67.816537
0.080527	0.867358	-66.235880
0.081133	0.872825	-64.224950
0.081738	0.812683	-62.305388
0.082344	0.840020	-60.683792
0.082949	0.792028	-58.681537
0.083555	0.810861	-56.757908
0.084160	0.778056	-54.846209
0.084766	0.767121	-52.884623
0.085371	0.727634	-50.942015
0.085977	0.705156	-48.902074
0.086582	0.709409	-46.898464
0.087188	0.710624	-44.920068
0.087793	0.646837	-42.878229
0.088398	0.632257	-40.735531
0.089004	0.575760	-38.878599
0.089609	0.632864	-36.662156
0.090215	0.620107	-34.342957
0.090820	0.550245	-32.356156
0.091426	0.553890	-30.328144
0.092031	0.565432	-28.132849
0.092637	0.515618	-25.940807
0.093242	0.529590	-23.853961
0.093848	0.479776	-21.667341
0.094453	0.467018	-19.513257
0.095059	0.398371	-17.293289
0.095664	0.423279	-15.184482
0.096270	0.405661	-13.083538
0.096875	0.393511	-10.708758
0.097480	0.416596	-8.598053
0.098086	0.405661	-6.553503
0.098691	0.352809	-4.187670
0.099297	0.363744	-1.942488
0.099902	0.355847	0.235998
0.100508	0.319397	2.385473
0.101113	0.322434	4.613033
0.101719	0.273227	6.782571
0.102324	0.330939	8.944248
0.102930	0.311499	11.144423
0.103535	0.289629	13.341074
0.104141	0.329724	15.539352
0.104746	0.345519	17.657920
0.105352	0.326079	19.827458
0.105957	0.374679	22.189767
0.106563	0.282947	24.088994
0.107168	0.275657	26.295406
0.107773	0.316967	28.653918
0.108379	0.270797	30.742933
0.108984	0.275050	32.752508
0.109590	0.336407	34.926114
0.110195	0.290237	37.014586
0.110801	0.321827	39.063203
0.111406	0.290844	41.131884
0.112012	0.282947	43.173994
0.112617	0.303602	45.261382
0.113223	0.272012	47.228661
0.113828	0.298742	49.054956
0.114434	0.283555	51.254590
0.115039	0.269582	53.230275
0.115645	0.315144	54.998007
0.116250	0.312107	56.984265
0.116855	0.284770	58.906538
0.117461	0.275657	60.782178
0.118066	0.313929	62.624469
0.118672	0.335799	64.500651
0.119277	0.310892	66.286820
0.119883	0.319397	68.081936
0.120488	0.304817	69.757756
0.121094	0.286592	71.548534
0.121699	0.279302	73.327382
0.122305	0.271405	74.831852
0.122910	0.295704	76.565694
0.123516	0.263507	78.324479
0.124121	0.294489	79.787738
0.124727	0.275050	81.311187
0.125332	0.374679	82.914075
0.125938	0.335799	84.432102
0.126543	0.346127	85.896446
0.127148	0.322434	87.345877
0.127754	0.306032	88.744338
0.128359	0.302387	90.147136
0.128965	0.269582	91.464802
0.129570	0.262900	92.717397
0.130176	0.267152	94.110164
0.130781	0.266545	95.318295
0.131387	0.244067	96.330674
0.131992	0.251965	97.729677
0.132598	0.265937	98.951906
0.133203	0.258040	100.003056
0.133809	0.235562	101.053393
0.134414	0.190608	102.074177
0.135020	0.199720	103.090894
0.135625	0.140793	104.014615
0.136230	0.123783	104.936710
0.136836	0.084904	105.798072
0.137441	0.070931	106.718540
0.138047	0.061819	107.393912
0.138652	0.069109	108.172310
0.139258	0.035696	109.021743
0.139863	0.035696	109.530915
0.140469	-0.004398	110.231772
0.141074	-0.009258	111.007460
0.141680	0.012612	111.540219
0.142285	0.057566	112.074606
0.142891	-0.034166	112.550429
0.143496	-0.027483	113.044418
0.144102	-0.074260	113.431584
0.144707	-0.025661	113.781335
0.145313	-0.121645	114.108582
0.145918	-0.118607	114.455351
0.146523	-0.141085	114.619110
0.147129	-0.167207	114.702345
0.147734	-0.156272	115.119063
0.148340	-0.170852	115.180066
0.148945	-0.217629	115.100356
0.149551	-0.194544	115.264928
0.150156	-0.198189	115.333252
0.150762	-0.234032	115.242696
0.151367	-0.253471	115.116081
0.151973	-0.322118	115.023628
0.152578	-0.302679	114.892403
0.153184	-0.267444	114.650018
0.153789	-0.306324	114.376182
0.154395	-0.251649	114.160367
0.155000	-0.243144	113.809803
0.155605	-0.249827	113.261860
0.156211	-0.205479	113.054179
0.156816	-0.241322	112.718527
0.157422	-0.231602	112.071895
0.158027	-0.254079	111.522054
0.158633	-0.153235	111.033488
0.159238	-0.178142	110.447316
0.159844	-0.130757	109.774656
0.160449	-0.121037	109.108774
0.161055	-0.136225	108.377280
0.161660	-0.105243	107.648769
0.162266	-0.095523	106.822110
0.162871	-0.063933	105.970508
0.163477	-0.066970	105.235218
0.164082	-0.001361	104.102459
0.164687	0.058174	103.138341
0.165293	0.076399	102.402508
0.165898	0.098268	101.227455
0.166504	0.114063	100.163833
0.167109	0.080044	99.099127
0.167715	0.149298	97.987516
0.168320	0.157803	96.778030
0.168926	0.203365	95.576134
0.169531	0.193038	94.409757
0.170137	0.197290	93.063352
0.170742	0.249535	91.745687
0.171348	0.268367	90.333941
0.171953	0.264722	89.072127
0.172559	0.286592	87.665533
0.173164	0.319397	86.007335
0.173770	0.324864	84.780226
0.174375	0.328509	83.350857
0.174980	0.349164	81.726279
0.175586	0.379539	80.121493
0.176191	0.436643	78.584759
0.176797	0.422671	77.024708
0.177402	0.427531	75.353225
0.178008	0.458513	73.630500
0.178613	0.428138	71.961728
0.179219	0.459121	70.243883
0.179824	0.463373	68.462052
0.180430	0.473701	66.723602
0.181035	0.452438	65.081129
0.181641	0.458513	63.038748
0.182246	0.477953	61.222755
0.182852	0.502860	59.542325
0.183457	0.475523	57.540884
0.184062	0.424493	55.625660
0.184668	0.442111	53.707725
0.185273	0.467626	51.769727
0.185879	0.402624	49.770996
0.186484	0.428138	47.758439
0.187090	0.391689	45.771096
0.187695	0.418419	43.763961
0.188301	0.382576	41.625059
0.188906	0.363136	39.475855
0.189512	0.329117	37.695922
0.190117	0.327902	35.546176
0.190723	0.321827	33.351422
0.191328	0.346734	31.331273
0.191934	0.291452	29.180713
0.192539	0.338837	27.095494
0.193145	0.306639	24.978283
0.193750	0.324864	22.822029
0.194355	0.367996	20.684754
0.194961	0.344912	18.473462
0.195566	0.338837	16.292807
0.196172	0.301172	14.146043
0.196777	0.299957	12.089564
0.197383	0.316359	9.684689
0.197988	0.338229	7.574255
0.198594	0.329117	5.599384
0.199199	0.332154	3.278829
0.199805	0.333977	1.048287
0.200410	0.340052	-1.103900
0.201016	0.343089	-3.311396
0.201621	0.384399	-5.526483
0.202227	0.366781	-7.703342
0.202832	0.398979	-9.895927
0.203437	0.411129	-12.017747
0.204043	0.421456	-14.256694
0.204648	0.420241	-16.528718
0.205254	0.458513	-18.539920
0.205859	0.450616	-20.799472
0.206465	0.480991	-23.102675
0.207070	0.460336	-25.004071
0.207676	0.465803	-27.122910
0.208281	0.509543	-29.337997
0.208887	0.568470	-31.422132
0.209492	0.587910	-33.533379
0.210098	0.626790	-35.551630
0.210703	0.601275	-37.724151
0.211309	0.618892	-39.789307
0.211914	0.629827	-41.840364
0.212520	0.657164	-43.873527
0.213125	0.704549	-45.955221
0.213730	0.745859	-47.954494
0.214336	0.731279	-49.816035
0.214941	0.783523	-52.061217
0.215547	0.781701	-53.927910
0.216152	0.809038	-55.711367
0.216758	0.833338	-57.628760
0.217363	0.883153	-59.509822
0.217969	0.864928	-61.403356
0.218574	0.863105	-63.225584
0.219180	0.905022	-65.072214
0.219785	0.918995	-66.900407
0.220391	0.894088	-68.706096
0.220996	0.943295	-70.373241
0.221602	0.904415	-72.245356
0.222207	0.949370	-74.033694
0.222812	0.975492	-75.421038
0.223418	0.931145	-77.212087
0.224023	0.964557	-78.903904
0.224629	0.984604	-80.412170
0.225234	1.009512	-81.990115
0.225840	0.987034	-83.565349
0.226445	1.018017	-85.037555
0.227051	1.030774	-86.497561
0.227656	1.066009	-87.936147
0.228262	1.045354	-89.357111
0.228867	1.096384	-90.786209
0.229473	1.137086	-92.063205
0.230078	1.091524	-93.382226
0.230684	1.114001	-94.866904
0.231289	1.120076	-95.967670
0.231895	1.162601	-97.038341
0.232500	1.131011	-98.369292
0.233105	1.163208	-99.528620
0.233711	1.151058	-100.589802
0.234316	1.116431	-101.654779
0.234922	1.141338	-102.735752
0.235527	1.153488	-103.726170
0.236133	1.102458	-104.682156
0.236738	1.150451	-105.546772
0.237344	1.083019	-106.500317
0.237949	1.137086	-107.376591
0.238555	1.114608	-108.041389
0.239160	1.117038	-108.990596
0.239766	1.148021	-109.765741
0.240371	1.170498	-110.155618
0.240977	1.103066	-110.892806
0.241582	1.115216	-111.556248
0.242187	1.138908	-112.124525
0.242793	1.093954	-112.597095
0.243398	1.067224	-113.141784
0.244004	1.062364	-113.521087
0.244609	1.105496	-113.968443
0.245215	1.069046	-114.280778
0.245820	1.057504	-114.636494
0.246426	1.063579	-115.011730
0.247031	1.073299	-115.064057
0.247637	1.096384	-115.320541
0.248242	1.053251	-115.675714
0.248848	1.067831	-115.622574
0.249453	1.030167	-115.514395
0.250059	1.069046	-115.667851
0.250664	0.980352	-115.645890
0.251270	1.028344	-115.561028
0.251875	0.970632	-115.464237
0.252480	0.993109	-115.343315
0.253086	1.047176	-115.148106
0.253691	0.994932	-114.913312
0.254297	0.997362	-114.565188
0.254902	0.951800	-114.468396
0.255508	0.932360	-114.062794
0.256113	0.901985	-113.467133
0.256719	0.908667	-113.175946
0.257324	0.925677	-112.763565
0.257930	0.929930	-112.176309
0.258535	0.903807	-111.556519
0.259141	0.951800	-110.952995
0.259746	0.895910	-110.289554
0.260352	0.952407	-109.614996
0.260957	0.945725	-108.863167
0.261562	0.884975	-108.113779
0.262168	0.915350	-107.343514
0.262773	0.905022	-106.466969
0.263379	0.872218	-105.554092
0.263984	0.907452	-104.823140
0.264590	0.912920	-103.654594
0.265195	0.840020	-102.595581
0.265801	0.934790	-101.736387
0.266406	0.889835	-100.635893
0.267012	0.875255	-99.472497
0.267617	0.914742	-98.267349
0.268223	0.928715	-97.127812
0.268828	0.906845	-95.889315
0.269434	0.905630	-94.599033
0.270039	0.898947	-93.324748
0.270645	0.904415	-92.105230
0.271250	0.899555	-90.723308
0.271855	0.818151	-89.162715
0.272461	0.871610	-87.945908
0.273066	0.867358	-86.517353
0.273672	0.855815	-84.802761
0.274277	0.885583	-83.274432
0.274883	0.844273	-81.851841
0.275488	0.874040	-80.324868
0.276094	0.894088	-78.661790
0.276699	0.884975	-77.026367
0.277305	0.876470	-75.397179
0.277910	0.922032	-73.706446
0.278516	0.880115	-71.972876
0.279121	0.888013	-70.302749
0.279727	0.884368	-68.561587
0.280332	0.880723	-66.690285
0.280938	0.869180	-64.804072
0.281543	0.816936	-63.170546
0.282148	0.850955	-61.169376
0.282754	0.849133	-59.159529
0.283359	0.836983	-57.345435
0.283965	0.825441	-55.439972
0.284570	0.842450	-53.461034
0.285176	0.778056	-51.508123
0.285781	0.803571	-49.560365
0.286387	0.813898	-47.513916
0.286992	0.790813	-45.520066
0.287598	0.765298	-43.434034
0.288203	0.812076	-41.543211
0.288809	0.826048	-39.405937
0.289414	0.792028	-37.119543
0.290020	0.725204	-35.260442
0.290625	0.744644	-33.147840
0.291230	0.788991	-30.969083
0.291836	0.758616	-28.815811
0.292441	0.808431	-26.641121
0.293047	0.765906	-24.521741
0.293652	0.756186	-22.275474
0.294258	0.723989	-20.197846
0.294863	0.723381	-18.025054
0.295469	0.729456	-15.835181
0.296074	0.697259	-13.656966
0.296680	0.638332	-11.459502
0.297285	0.689969	-9.457518
0.297891	0.671744	-7.028513
0.298496	0.650482	-4.754049
0.299102	0.622537	-2.742576
0.299707	0.646229	-0.478957
0.300312	0.619500	1.791982
0.300918	0.584872	3.976703
0.301523	0.560572	6.151936
0.302129	0.532628	8.318221
0.302734	0.620107	10.556625
0.303340	0.587302	12.731858
0.303945	0.552068	14.849069
0.304551	0.531413	17.022946
0.305156	0.561180	19.342416
0.305762	0.510150	21.324879
0.306367	0.494355	23.422570
0.306973	0.482813	25.842085
0.307578	0.422064	27.876062
0.308184	0.461551	29.982429
0.308789	0.446971	32.109672
0.309395	0.462766	34.232577
0.310000	0.510758	36.319965
0.310605	0.413559	38.372649
0.311211	0.447578	40.431840
0.311816	0.428746	42.498080
0.312422	0.398979	44.507655
0.313027	0.397156	46.416372
0.313633	0.370426	48.553647
0.314238	0.383184	50.486765
0.314844	0.388044	52.266969
0.315449	0.432998	54.440032
0.316055	0.366174	56.475636
0.316660	0.337014	58.233878
0.317266	0.343089	60.114127
0.317871	0.361921	62.015524
0.318477	0.311499	63.864593
0.319082	0.331547	65.583794
0.319688	0.312107	67.445606
0.320293	0.331547	69.190022
0.320898	0.275657	70.956669
0.321504	0.281732	72.580434
0.322109	0.313929	74.274420
0.322715	0.227057	76.162261
0.323320	0.215515	77.583496
0.323926	0.179065	79.148155
0.324531	0.230702	80.807438
0.325137	0.263507	82.405717
0.325742	0.210655	83.854878
0.326348	0.215515	85.323559
0.326953	0.185748	86.819896
0.327559	0.222197	88.260923
0.328164	0.213085	89.640405
0.328770	0.222197	90.945056
0.329375	0.204580	92.342161
0.329980	0.168130	93.631900
0.330586	0.171775	94.710163
0.331191	0.157195	96.177760
0.331797	0.135326	97.366099
0.332402	0.129858	98.328049
0.333008	0.107988	99.534282
0.333613	0.106773	100.700931
0.334219	0.106773	101.747472
0.334824	0.070324	102.755242
0.335430	0.072754	103.729392
0.336035	0.098876	104.712490
0.336641	0.032051	105.590662
0.337246	0.039341	106.382617
0.337852	0.063641	107.250758
0.338457	0.041771	108.143300
0.339062	0.050884	108.657352
0.339668	0.056959	109.411349
0.340273	0.024761	110.274881
0.340879	-0.001968	110.818215
0.341484	0.001069	111.351788
0.342090	0.035089	111.950702
0.342695	-0.005613	112.441980
0.343301	0.002284	112.912923
0.343906	-0.006828	113.352416
0.344512	0.003499	113.707589
0.345117	0.002892	114.117258
0.345723	0.078829	114.347985
0.346328	0.043594	114.535875
0.346934	0.011397	114.892674
0.347539	0.047239	115.045046
0.348145	0.053314	114.991906
0.348750	0.104951	115.228598
0.349355	0.104343	115.359822
0.349961	0.071539	115.377716
0.350566	0.078829	115.291499
0.351172	0.094623	115.236189
0.351777	0.159625	115.180609
0.352383	0.120746	114.998684
0.352988	0.155980	114.802932
0.353594	0.203973	114.647036
0.354199	0.214908	114.385672
0.354805	0.201543	113.916626
0.355410	0.194253	113.543288
0.356016	0.272620	113.400405
0.356621	0.185748	112.778174
0.357227	0.224627	112.249210
0.357832	0.222805	111.907322
0.358438	0.241637	111.297563
0.359043	0.203973	110.701631
0.359648	0.241637	110.053915
0.360254	0.219160	109.395895
0.360859	0.248927	108.655996
0.361465	0.204580	107.864584
0.362070	0.264722	107.041178
0.362676	0.200328	106.299111
0.363281	0.281732	105.434494
0.363887	0.233740	104.288993
0.364492	0.282340	103.567531
0.365098	0.259862	102.695865
0.365703	0.279302	101.463875
0.366309	0.278695	100.476440
0.366914	0.253180	99.443455
0.367520	0.248320	98.312323
0.368125	0.210048	97.110971
0.368730	0.275050	95.923174
0.369336	0.246497	94.721008
0.369941	0.270797	93.455669
0.370547	0.236777	92.066969
0.371152	0.223412	90.785364
0.371758	0.208225	89.524905
0.372363	0.218553	87.926897
0.372969	0.203973	86.502951
0.373574	0.187570	85.310274
0.374180	0.209440	83.719044
0.374785	0.177850	82.136219
0.375391	0.205188	80.645576
0.375996	0.155980	79.015304
0.376602	0.162055	77.412687
0.377207	0.157803	75.733070
0.377812	0.106773	74.073517
0.378418	0.134718	72.402305
0.379023	0.147476	70.702354
0.379629	0.130466	68.869010
0.380234	0.202150	67.238467
0.380840	0.180280	65.459348
0.381445	0.202758	63.462786
0.382051	0.165093	61.733554
0.382656	0.182103	59.968533
0.383262	0.196075	58.083675
0.383867	0.190000	56.139983
0.384473	0.179673	54.237231
0.385078	0.217338	52.275916
0.385684	0.247105	50.326531
0.386289	0.267152	48.374434
0.386895	0.247712	46.420981
0.387500	0.284162	44.400290
0.388105	0.295097	42.194692
0.388711	0.293274	40.200842
0.389316	0.287200	38.347706
0.389922	0.289022	36.103336
0.390527	0.307247	33.990734
0.391133	0.371641	32.001493
0.391738	0.364351	29.947182
0.392344	0.414166	27.804214
0.392949	0.448186	25.707608
0.393555	0.422671	23.575213
0.394160	0.495570	21.481860
0.394766	0.466411	19.208210
0.395371	0.504683	17.044636
0.395977	0.504683	14.948572
0.396582	0.542348	12.774153
0.397187	0.538095	10.398289
0.397793	0.625575	8.463544
0.398398	0.576367	6.294005
0.399004	0.627397	3.985108
0.399609	0.680249	1.804182
0.400215	0.675389	-0.342040
0.400820	0.666884	-2.573395
0.401426	0.680857	-4.810986
0.402031	0.686324	-7.003841
0.402637	0.765298	-9.161179
0.403242	0.855208	-11.298996
0.403848	0.829693	-13.513270
0.404453	0.853993	-15.760080
0.405059	0.861283	-17.779958
0.405664	0.825441	-20.064453
0.406270	0.837590	-22.304755
0.406875	0.856423	-24.175515
0.407480	0.881938	-26.378944
0.408086	0.878293	-28.561226
0.408691	0.940865	-30.695789
0.409297	0.966987	-32.730579
0.409902	0.934182	-34.855382
0.410508	0.937220	-36.940872
0.411113	0.943295	-39.070556
0.411719	0.923247	-41.124324
0.412324	0.946332	-43.169688
0.412930	0.900162	-45.373659
0.413535	0.956660	-47.291865
0.414141	0.949977	-49.214410
0.414746	0.957267	-51.420821
0.415352	1.019839	-53.267180
0.415957	0.945725	-55.067175
0.416563	0.968202	-57.053976
0.417168	0.967594	-58.942088
0.417773	0.950585	-60.816372
0.418379	1.001007	-62.708550
0.418984	0.955445	-64.576598
0.419590	0.968809	-66.362767
0.420195	0.982174	-68.142970
0.420801	0.984604	-69.861900
0.421406	0.949977	-71.756519
0.422012	1.011942	-73.464874
0.422617	0.953622	-74.925693
0.423223	0.940257	-76.815160
0.423828	0.971239	-78.509960
0.424434	0.956052	-79.985691
0.425039	0.962127	-81.569872
0.425645	0.950585	-83.129651
0.426250	0.997969	-84.642255
0.426855	0.982782	-86.064846
0.427461	0.992502	-87.524580
0.428066	1.004044	-89.015494
0.428672	0.990072	-90.434018
0.429277	0.982782	-91.730265
0.429883	0.984604	-93.107848
0.430488	1.012549	-94.584122
0.431094	1.021662	-95.541462
0.431699	1.036241	-96.820899
0.432305	1.019839	-98.185198
0.432910	1.041709	-99.273763
0.433516	1.016802	-100.329522
0.434121	1.055074	-101.413207
0.434727	1.036849	-102.502856
0.435332	1.028344	-103.522827
0.435937	0.962735	-104.509178
0.436543	1.002222	-105.420157
0.437148	1.049606	-106.317579
0.437754	1.052036	-107.096791
0.438359	1.078766	-107.896879
0.438965	1.083626	-108.855847
0.439570	1.059934	-109.503292
0.440176	1.072084	-110.002433
0.440781	1.050821	-110.860813
0.441387	1.070869	-111.450509
0.441992	1.111571	-111.990860
0.442598	1.107926	-112.461804
0.443203	1.073906	-112.988056
0.443809	1.107318	-113.447341
0.444414	1.061149	-113.872736
0.445020	1.121898	-114.187783
0.445625	1.106711	-114.519097
0.446230	1.114608	-114.898129
0.446836	1.138301	-114.968892
0.447441	1.104888	-115.293157
0.448047	1.096384	-115.661073
0.448652	1.140123	-115.529307
0.449258	1.149236	-115.610102
0.449863	1.143161	-115.697404
0.450469	1.177788	-115.707707
0.451074	1.151058	-115.642095
0.451680	1.140123	-115.537983
0.452285	1.170498	-115.415163
0.452891	1.172320	-115.262791
0.453496	1.216060	-114.998987
0.454102	1.199050	-114.701292
0.454707	1.149236	-114.549192
0.455313	1.199658	-114.106716
0.455918	1.209378	-113.591309
0.456523	1.179003	-113.402606
0.457129	1.135263	-112.829177
0.457734	1.150451	-112.151637
0.458340	1.175358	-111.726243
0.458945	1.156526	-111.117297
0.459551	1.171105	-110.470394
0.460156	1.135263	-109.798276
0.460762	1.144983	-109.171165
0.461367	1.141338	-108.383277
0.461973	1.134048	-107.629822
0.462578	1.116431	-106.702305
0.463184	1.106711	-105.969455
0.463789	1.131011	-105.128156
0.464395	1.169283	-103.884507
0.465000	1.171713	-103.023144
0.465605	1.169283	-102.152564
0.466211	1.176573	-100.986457
0.466816	1.125543	-99.834177
0.467422	1.136478	-98.677289
0.468027	1.143768	-97.587639
0.468633	1.165031	-96.309287
0.469238	1.163208	-95.072146
0.469844	1.105496	-93.813314
0.470449	1.107318	-92.594338
0.471055	1.160171	-91.167139
0.471660	1.040494	-89.742379
0.472266	1.031989	-88.564072
0.472871	1.050214	-86.960641
0.473477	1.025914	-85.341757
0.474082	1.040494	-83.993725
0.474687	1.018624	-82.456449
0.475293	1.007689	-80.902363
0.475898	0.976707	-79.275345
0.476504	0.954230	-77.661611
0.477109	0.954837	-76.012090
0.477715	0.969417	-74.321899
0.478320	0.919602	-72.623304
0.478926	0.875863	-70.948025
0.479531	0.898947	-69.163754
0.480137	0.860068	-67.226841
0.480742	0.871003	-65.622054
0.481348	0.878293	-63.888755
0.481953	0.857030	-61.778050
0.482559	0.773803	-59.961516
0.483164	0.798103	-58.099161
0.483770	0.816328	-56.186106
0.484375	0.729456	-54.238619
0.484980	0.765906	-52.284624
0.485586	0.737961	-50.295383
0.486191	0.701511	-48.356300
0.486797	0.738569	-46.292771
0.487402	0.668099	-44.259337
0.488008	0.632864	-42.358483
0.488613	0.635294	-40.169966
0.489219	0.634079	-37.999614
0.489824	0.610387	-36.157322
0.490430	0.608565	-33.911598
0.491035	0.621322	-31.733112
0.491641	0.631649	-29.583365
0.492246	0.601275	-27.478625
0.492852	0.619500	-25.287939
0.493457	0.628612	-23.123009
0.494063	0.558750	-21.028843
0.494668	0.563002	-18.815925
0.495273	0.533843	-16.654520
0.495879	0.603097	-14.372464
0.496484	0.622537	-12.383766
0.497090	0.600060	-10.179252
0.497695	0.647444	-7.781426
0.498301	0.607957	-5.710848
0.498906	0.620715	-3.617495
0.499512	0.621322	-1.281757
0.500117	0.631649	0.982675
0.500723	0.665669	3.131608
0.501328	0.601882	5.321481
0.501934	0.609780	7.536298
0.502539	0.616462	9.715597
0.503145	0.674174	11.912519
0.503750	0.691792	14.088294
0.504355	0.669314	16.313955
0.504961	0.688754	18.479156
0.505566	0.667492	20.453756
0.506172	0.656557	22.830705
0.506777	0.649267	25.079954
0.507383	0.666884	27.120980
0.507988	0.682679	29.230871
0.508594	0.663847	31.438367
0.509199	0.689969	33.541752
0.509805	0.645014	35.608805
0.510410	0.638332	37.650644
0.511016	0.631042	39.742641
0.511621	0.606135	41.780414
0.512227	0.607350	43.744982
0.512832	0.604920	45.763233
0.513437	0.595200	47.903762
0.514043	0.579405	49.699962
0.514648	0.575760	51.672393
0.515254	0.583657	53.849794
0.515859	0.590947	55.693712
0.516465	0.480383	57.585891
0.517070	0.482206	59.471833
0.517676	0.533843	61.390310
0.518281	0.488888	63.190306
0.518887	0.485243	64.977288
0.519492	0.476131	66.786231
0.520098	0.471271	68.603308
0.520703	0.470663	70.331998
0.521309	0.453653	71.915366
0.521914	0.446971	73.776365
0.522520	0.365566	75.426157
0.523125	0.422671	76.856611
0.523730	0.408699	78.595875
0.524336	0.371034	80.319413
0.524941	0.340052	81.759627
0.525547	0.309069	83.270604
0.526152	0.292059	84.824148
0.526758	0.301779	86.341361
0.527363	0.354632	87.706473
0.527969	0.265937	89.107374
0.528574	0.259255	90.521830
0.529180	0.287200	91.853052
0.529785	0.195468	93.041662
0.530391	0.234955	94.280972
0.530996	0.248320	95.794119
0.531602	0.220375	96.728956
0.532207	0.179065	97.830535
0.532813	0.191823	99.096687
0.533418	0.179065	100.240561
0.534023	0.205795	101.275986
0.534629	0.138971	102.275080
0.535234	0.196075	103.295322
0.535840	0.162055	104.270557
0.536445	0.137756	105.141409
0.537051	0.130466	106.025004
0.537656	0.097053	106.912665
0.538262	0.143831	107.631146
0.538867	0.095231	108.220570
0.539473	0.124391	109.172489
0.540078	0.118316	109.881208
0.540684	0.123783	110.314736
0.541289	0.072754	111.000139
0.541895	0.098268	111.620201
0.542500	0.151728	112.119613
0.543105	0.128036	112.610348
0.543711	0.138363	113.055263
0.544316	0.165093	113.474693
0.544922	0.151121	113.818208
0.545527	0.086726	114.098280
0.546133	0.085511	114.372386
0.546738	0.102521	114.752774
0.547344	0.133503	114.697465
0.547949	0.140793	114.869900
0.548555	0.117101	115.206366
0.549160	0.070931	115.219108
0.549766	0.122568	115.180609
0.550371	0.067894	115.164341
0.550977	0.100698	115.161630
0.551582	0.148691	115.035557
0.552187	0.095838	114.887794
0.552793	0.111633	114.718884
0.553398	0.107988	114.542653
0.554004	0.151121	114.245771
0.554609	0.103128	113.806550
0.555215	0.127428	113.637097
0.555820	0.098876	113.221463
0.556426	0.101913	112.561817
0.557031	0.159625	112.398871
0.557637	0.151728	111.873431
0.558242	0.132288	111.265570
0.558848	0.120746	110.643882
0.559453	0.200935	110.087805
0.560059	0.114671	109.418670
0.560664	0.114671	108.698834
0.561270	0.109811	107.968424
0.561875	0.168738	107.171861
0.562480	0.156588	106.396444
0.563086	0.139578	105.409822
0.563691	0.189393	104.602142
0.564297	0.162663	103.808018
0.564902	0.163270	102.585518
0.565508	0.197898	101.636582
0.566113	0.128036	100.763561
0.566719	0.187570	99.671742
0.567324	0.180280	98.540881
0.567930	0.158410	97.381011
0.568535	0.191823	96.216259
0.569141	0.165093	95.000537
0.569746	0.229487	93.699952
0.570352	0.231310	92.425396
0.570957	0.233740	91.155177
0.571562	0.163878	89.700865
0.572168	0.219768	88.196395
0.572773	0.267760	87.048183
0.573379	0.179673	85.583297
0.573984	0.210048	83.964683
0.574590	0.247105	82.487597
0.575195	0.276872	80.985566
0.575801	0.302994	79.442054
0.576406	0.279910	77.853264
0.577012	0.304209	76.216486
0.577617	0.327294	74.549341
0.578223	0.342482	72.853185
0.578828	0.301172	71.178720
0.579434	0.349164	69.493410
0.580039	0.351594	67.775565
0.580645	0.350379	65.795000
0.581250	0.417811	64.089084
0.581855	0.377109	62.494601
0.582461	0.427531	60.463336
0.583066	0.420241	58.581460
0.583672	0.447578	56.764383
0.584277	0.400194	54.831265
0.584883	0.409914	52.839855
0.585488	0.449401	50.899959
0.586094	0.484636	48.932950
0.586699	0.483421	46.955097
0.587305	0.477953	44.856593
0.587910	0.458513	42.787912
0.588516	0.482206	40.943452
0.589121	0.438466	38.801568
0.589727	0.491318	36.600037
0.590332	0.541740	34.702165
0.590938	0.558750	32.674424
0.591543	0.564825	30.583512
0.592148	0.608565	28.400959
0.592754	0.654127	26.300828
0.593359	0.587910	24.140779
0.593965	0.600667	22.013536
0.594570	0.656557	19.839930
0.595176	0.603705	17.673103
0.595781	0.611602	15.552095
0.596387	0.652912	13.285223
0.596992	0.672352	11.120564
0.597598	0.679642	9.136746
0.598203	0.719736	6.743801
0.598809	0.750719	4.540371
0.599414	0.775626	2.447561
0.600020	0.776233	0.266906
0.600625	0.729456	-1.958213
0.601230	0.745251	-4.162727
0.601836	0.744036	-6.326030
0.602441	0.776233	-8.536508
0.603047	0.768336	-10.707674
0.603652	0.821188	-12.915441
0.604258	0.853385	-15.039702
0.604863	0.836375	-17.266990
0.605469	0.873433	-19.599746
0.606074	0.877078	-21.554283
0.606680	0.817543	-23.657667
0.607285	0.864928	-25.989338
0.607891	0.908060	-28.100043
0.608496	0.993109	-30.136459
0.609102	0.903200	-32.223034
0.609707	0.919602	-34.358411
0.610313	0.920210	-36.459355
0.610918	0.892265	-38.545387
0.611523	0.906237	-40.593191
0.612129	0.939042	-42.718808
0.612734	0.932967	-44.772034
0.613340	0.903200	-46.676413
0.613945	0.937827	-48.839444
0.614551	0.944510	-50.857967
0.615156	1.013764	-52.589639
0.615762	0.989464	-54.604637
0.616367	0.978529	-56.585202
0.616973	0.977314	-58.476024
0.617578	1.016194	-60.365220
0.618184	1.006474	-62.228931
0.618789	0.930537	-64.107553
0.619395	0.957267	-65.897788
0.620000	0.993109	-67.656302
0.620605	0.985212	-69.485850
0.621211	0.954230	-71.366370
0.621816	0.999184	-72.934012
0.622422	0.988857	-74.695509
0.623027	0.948762	-76.558134
0.623633	0.934182	-77.998077
0.624238	0.922640	-79.522339
0.624844	0.934182	-81.211445
0.625449	0.963342	-82.797524
0.626055	0.963342	-84.231773
0.626660	0.960305	-85.768507
0.627266	0.908060	-87.274332
0.627871	0.975492	-88.697465
0.628477	0.971239	-90.113278
0.629082	0.973669	-91.402475
0.629687	1.012549	-92.878206
0.630293	0.982174	-94.224068
0.630898	1.011942	-95.229940
0.631504	0.987642	-96.669883
0.632109	0.993717	-97.956369
0.632715	1.005867	-98.914252
0.633320	0.937220	-100.099337
0.633926	0.953015	-101.210677
0.634531	0.992502	-102.305749
0.635137	1.039886	-103.288033
0.635742	1.005867	-104.274927
0.636348	1.032597	-105.175602
0.636953	1.055074	-106.152464
0.637559	1.058111	-106.921644
0.638164	1.042924	-107.761317
0.638770	1.134656	-108.716760
0.639375	1.084234	-109.290189
0.639980	1.080589	-109.947937
0.640586	1.067224	-110.734469
0.641191	1.085449	-111.317387
0.641797	1.160171	-111.896509
0.642402	1.190545	-112.437402
0.643008	1.159563	-112.946574
0.643613	1.161993	-113.403148
0.644219	1.162601	-113.830169
0.644824	1.151058	-114.233331
0.645430	1.236715	-114.589047
0.646035	1.265875	-114.912770
0.646641	1.191760	-114.979737
0.647246	1.281062	-115.427635
0.647852	1.254332	-115.607120
0.648457	1.236108	-115.523342
0.649062	1.263445	-115.689813
0.649668	1.267090	-115.770879
0.650273	1.242182	-115.811276
0.650879	1.273772	-115.728855
0.651484	1.267090	-115.678696
0.652090	1.262837	-115.561842
0.652695	1.293212	-115.379104
0.653301	1.337559	-115.162475
0.653906	1.313259	-114.946660
0.654512	1.356999	-114.731930
0.655117	1.352747	-114.308704
0.655723	1.327839	-113.866229
0.656328	1.328447	-113.674815
0.656934	1.330269	-113.076714
0.657539	1.305362	-112.478613
0.658145	1.329662	-112.001163
0.658750	1.341204	-111.445900
0.659355	1.287745	-110.800895
0.659961	1.347887	-110.146942
0.660566	1.279847	-109.492719
0.661172	1.306577	-108.701035
0.661777	1.280455	-107.900675
0.662383	1.278025	-107.085404
0.662988	1.233070	-106.358248
0.663594	1.250080	-105.494445
0.664199	1.232463	-104.322102
0.664805	1.269520	-103.497884
0.665410	1.219098	-102.591243
0.666016	1.215453	-101.446826
0.666621	1.162601	-100.322473
0.667227	1.172928	-99.195950
0.667832	1.179003	-98.030115
0.668438	1.159563	-96.853163
0.669043	1.164423	-95.658588
0.669648	1.104888	-94.395961
0.670254	1.092739	-93.085887
0.670859	1.100029	-91.681191
0.671465	1.072691	-90.388740
0.672070	1.035026	-89.160275
0.672676	1.009512	-87.454630
0.673281	0.972454	-86.023093
0.673887	0.984604	-84.639002
0.674492	0.939650	-83.086543
0.675098	0.939650	-81.502091
0.675703	0.912920	-79.958850
0.676309	0.887405	-78.385243
0.676914	0.882545	-76.684207
0.677520	0.862498	-75.033601
0.678125	0.823011	-73.339073
0.678730	0.871003	-71.661083
0.679336	0.867358	-69.889284
0.679941	0.800533	-67.970806
0.680547	0.790206	-66.441935
0.681152	0.819366	-64.547588
0.681758	0.795673	-62.486228
0.682363	0.729456	-60.728256
0.682969	0.737354	-58.906841
0.683574	0.668707	-56.955016
0.684180	0.658379	-55.031387
0.684785	0.654127	-53.062480
0.685391	0.637117	-51.088423
0.685996	0.678427	-49.070985
0.686602	0.639547	-47.115092
0.687207	0.633472	-45.059968
0.687813	0.618892	-43.088893
0.688418	0.623752	-40.916643
0.689023	0.601882	-38.865314
0.689629	0.623145	-36.940872
0.690234	0.617677	-34.545758
0.690840	0.613425	-32.489007
0.691445	0.671137	-30.399721
0.692051	0.648052	-28.280612
0.692656	0.635902	-26.093721
0.693262	0.654734	-23.968376
0.693867	0.628612	-21.842759
0.694473	0.629827	-19.668611
0.695078	0.582442	-17.477654
0.695684	0.643192	-15.244943
0.696289	0.685109	-13.187650
0.696895	0.685109	-10.939485
0.697500	0.666277	-8.545726
0.698105	0.665669	-6.562179
0.698711	0.682679	-4.440629
0.699316	0.708194	-2.096758
0.699922	0.680249	0.166048
0.700527	0.686324	2.374357
0.701133	0.725204	4.516784
0.701738	0.727634	6.751934
0.702344	0.719129	8.970547
0.702949	0.722774	11.116769
0.703555	0.744644	13.301490
0.704160	0.783523	15.541792
0.704766	0.705156	17.678525
0.705371	0.750111	19.685660
0.705977	0.750719	22.087824
0.706582	0.734924	24.254109
0.707187	0.758009	26.273173
0.707793	0.737961	28.488803
0.708398	0.733101	30.645057
0.709004	0.788991	32.785314
0.709609	0.779271	34.818477
0.710215	0.758616	36.940298
0.710820	0.747681	38.976715
0.711426	0.770766	41.001473
0.712031	0.734924	43.008066
0.712637	0.746466	45.123650
0.713242	0.674174	47.139190
0.713848	0.713661	48.883064
0.714453	0.741606	51.040130
0.715059	0.702726	53.164662
0.715664	0.727634	54.968996
0.716270	0.673567	56.826200
0.716875	0.616462	58.776670
0.717480	0.645622	60.647429
0.718086	0.633472	62.479418
0.718691	0.576367	64.317371
0.719297	0.530805	66.144208
0.719902	0.517440	67.898384
0.720508	0.564825	69.590201
0.721113	0.496785	71.291237
0.721719	0.472486	73.193718
0.722324	0.459121	74.648572
0.722930	0.442111	76.269897
0.723535	0.419634	78.139030
0.724141	0.351594	79.581955
0.724746	0.369211	81.161526
0.725352	0.313322	82.685789
0.725957	0.317574	84.196223
0.726562	0.294489	85.682257
0.727168	0.233740	87.139552
0.727773	0.243460	88.509273
0.728379	0.206403	89.937015
0.728984	0.182103	91.195304
0.729590	0.194860	92.411297
0.730195	0.172990	93.852867
0.730801	0.142616	95.130677
0.731406	0.114671	96.089373
0.732012	0.151728	97.378570
0.732617	0.067286	98.640655
0.733223	0.101306	99.724882
0.733828	0.062426	100.795011
0.734434	0.051491	101.824742
0.735039	0.025976	102.853931
0.735645	0.029014	103.804765
0.736250	0.018686	104.750989
0.736855	0.024154	105.640007
0.737461	0.024761	106.476968
0.738066	0.028406	107.204395
0.738672	0.007752	107.944837
0.739277	-0.000753	108.923867
0.739883	-0.020801	109.472623
0.740488	-0.005613	110.033851
0.741094	-0.025661	110.758296
0.741699	0.012612	111.343112
0.742305	0.047239	111.852013
0.742910	-0.009866	112.334072
0.743516	0.018079	112.817487
0.744121	0.013219	113.225801
0.744727	0.010789	113.593717
0.745332	0.015649	113.912288
0.745938	0.046631	114.282373
0.746543	0.111026	114.545093
0.747148	0.110418	114.475685
0.747754	0.111633	114.902706
0.748359	0.111026	115.094662
0.748965	0.128643	115.010885
0.749570	0.134111	115.067279
0.750176	0.144438	115.123130
0.750781	0.163878	115.088698
0.751387	0.171168	114.962082
0.751992	0.200328	114.866647
0.752598	0.188178	114.690144
0.753203	0.153550	114.464027
0.753809	0.259862	114.220014
0.754414	0.244067	113.927471
0.755020	0.243460	113.688610
0.755625	0.255610	113.166424
0.756230	0.258647	112.770311
0.756836	0.245890	112.579169
0.757441	0.289629	111.914642
0.758047	0.273227	111.403573
0.758652	0.306639	110.897112
0.759258	0.315144	110.270543
0.759863	0.316967	109.633129
0.760469	0.329117	108.915191
0.761074	0.285985	108.191018
0.761680	0.264115	107.441629
0.762285	0.309677	106.550714
0.762891	0.298134	105.648683
0.763496	0.336407	104.941861
0.764102	0.325472	103.975573
0.764707	0.244067	102.810551
0.765312	0.364959	101.991213
0.765918	0.316359	101.050410
0.766523	0.287807	99.902198
0.767129	0.306032	98.771066
0.767734	0.276872	97.681688
0.768340	0.307247	96.521546
0.768945	0.320612	95.298503
0.769551	0.321219	94.046450
0.770156	0.355239	92.792499
0.770762	0.320004	91.512520
0.771367	0.321827	89.976057
0.771973	0.310892	88.759521
0.772578	0.290237	87.429655
0.773184	0.266545	85.793147
0.773789	0.287807	84.441049
0.774395	0.298134	83.034184
0.775000	0.264722	81.421535
0.775605	0.296919	79.857146
0.776211	0.335192	78.292757
0.776816	0.281125	76.662214
0.777422	0.256217	74.992087
0.778027	0.299957	73.309217
0.778633	0.273835	71.578900
0.779238	0.251357	69.965167
0.779844	0.235562	68.091154
0.780449	0.296312	66.273264
0.781055	0.312714	64.720804
0.781660	0.287200	62.802056
0.782266	0.360706	60.897948
0.782871	0.332154	59.099579
0.783477	0.281125	57.232886
0.784082	0.305424	55.310342
0.784687	0.252572	53.314866
0.785293	0.319397	51.425941
0.785898	0.312714	49.419077
0.786504	0.322434	47.441223
0.787109	0.361314	45.428123
0.787715	0.369819	43.453523
0.788320	0.344912	41.446659
0.788926	0.356454	39.197952
0.789531	0.337014	37.353221
0.790137	0.377716	35.399226
0.790742	0.381969	33.148621
0.791348	0.382576	31.076687
0.791953	0.476131	28.984690
0.792559	0.487673	26.853651
0.793164	0.440896	24.720443
0.793770	0.446363	22.575577
0.794375	0.437858	20.423932
0.794980	0.499823	18.277439
0.795586	0.457906	16.071570
0.796191	0.501038	13.923450
0.796797	0.498608	11.859921
0.797402	0.553283	9.459113
0.798008	0.576367	7.297166
0.798613	0.576975	5.320939
0.799219	0.578797	3.042408
0.799824	0.606742	0.842775
0.800430	0.637117	-1.340049
0.801035	0.615855	-3.494676
0.801641	0.643192	-5.737147
0.802246	0.696044	-7.970942
0.802852	0.729456	-10.069446
0.803457	0.677819	-12.257693
0.804063	0.747074	-14.419098
0.804668	0.770158	-16.735044
0.805273	0.761046	-18.722115
0.805879	0.782916	-20.917953
0.806484	0.750111	-23.310627
0.807090	0.811468	-25.216904
0.807695	0.775626	-27.362584
0.808301	0.900770	-29.433704
0.808906	0.891050	-31.568539
0.809512	0.889835	-33.658638
0.810117	0.925070	-35.719456
0.810723	0.949370	-37.850766
0.811328	0.950585	-39.930292
0.811934	0.963342	-42.003581
0.812539	0.965772	-44.033219
0.813145	1.027129	-46.212519
0.813750	1.013764	-48.143739
0.814355	1.011334	-49.968949
0.814961	1.101851	-52.187562
0.815566	1.124328	-54.105497
0.816172	1.146198	-55.929080
0.816777	1.151058	-57.847558
0.817383	1.126151	-59.770373
0.817988	1.128581	-61.628661
0.818594	1.137693	-63.468512
0.819199	1.123113	-65.301043
0.819805	1.207555	-67.120289
0.820410	1.190545	-68.984541
0.821016	1.195405	-70.596919
0.821621	1.172928	-72.436499
0.822227	1.237930	-74.262252
0.822832	1.224565	-75.681046
0.823438	1.160778	-77.395638
0.824043	1.198443	-79.118635
0.824648	1.225173	-80.722065
0.825254	1.260407	-82.227349
0.825859	1.250687	-83.752967
0.826465	1.276202	-85.270451
0.827070	1.294427	-86.749978
0.827676	1.238537	-88.185853
0.828281	1.239145	-89.632032
0.828887	1.189330	-91.080108
0.829492	1.240360	-92.331619
0.830098	1.219705	-93.644133
0.830703	1.171105	-95.172462
0.831309	1.198443	-96.265907
0.831914	1.187508	-97.349050
0.832520	1.199658	-98.652074
0.833125	1.166853	-99.789442
0.833730	1.151666	-100.867704
0.834336	1.151058	-101.932410
0.834941	1.148021	-103.026398
0.835547	1.079374	-104.034168
0.836152	1.074514	-104.962770
0.836758	1.137693	-105.841755
0.837363	1.078766	-106.820515
0.837969	1.127973	-107.746948
0.838574	1.115823	-108.319563
0.839180	1.062971	-109.236235
0.839785	1.071476	-110.078619
0.840391	1.096991	-110.470665
0.840996	1.050821	-111.175318
0.841602	1.033204	-111.842013
0.842207	1.028952	-112.418153
0.842812	1.030774	-112.884487
0.843418	1.027737	-113.373596
0.844023	1.042316	-113.814444
0.844629	1.027737	-114.248243
0.845234	1.001007	-114.597181
0.845840	1.014979	-114.849326
0.846445	0.969417	-115.280686
0.847051	0.987642	-115.391847
0.847656	1.050821	-115.497856
0.848262	0.932967	-115.910779
0.848867	1.001007	-115.883667
0.849473	0.975492	-115.856825
0.850078	1.020447	-115.905899
0.850684	0.997969	-115.903188
0.851289	0.991287	-115.832424
0.851895	0.993109	-115.717738
0.852500	0.998577	-115.559402
0.853105	1.001614	-115.390220
0.853711	1.048999	-115.173049
0.854316	1.008297	-114.838481
0.854922	1.066009	-114.676891
0.855527	1.008297	-114.243905
0.856133	1.038671	-113.606492
0.856738	1.031382	-113.332656
0.857344	1.008904	-112.959317
0.857949	0.999184	-112.325699
0.858555	0.990072	-111.724616
0.859160	1.050214	-111.085304
0.859766	1.013764	-110.428369
0.860371	1.012549	-109.767639
0.860977	1.024092	-109.060546
0.861582	1.001007	-108.290552
0.862187	1.047176	-107.497242
0.862793	1.054466	-106.572436
0.863398	1.024699	-105.718123
0.864004	1.052644	-105.020790
0.864609	1.086056	-103.753012
0.865215	1.055074	-102.722467
0.865820	1.056896	-101.785461
0.866426	1.083019	-100.773895
0.867031	1.076336	-99.595046
0.867637	1.122506	-98.418636
0.868242	1.114001	-97.248734
0.868848	1.113393	-96.004814
0.869453	1.124936	-94.747339
0.870059	1.102458	-93.451634
0.870664	1.109141	-92.228049
0.871270	1.104888	-90.866191
0.871875	1.084841	-89.281468
0.872480	1.063579	-88.051647
0.873086	1.052036	-86.658337
0.873691	1.092739	-84.931003
0.874297	1.143768	-83.505430
0.874902	1.124328	-81.997435
0.875508	1.122506	-80.406476
0.876113	1.121898	-78.765088
0.876719	1.124936	-77.158404
0.877324	1.095169	-75.501562
0.877930	1.110356	-73.831706
0.878535	1.107318	-72.090002
0.879141	1.119468	-70.298682
0.879746	1.171713	-68.706638
0.880352	1.122506	-66.727158
0.880957	1.141338	-64.898423
0.881563	1.149843	-63.302584
0.882168	1.110963	-61.278639
0.882773	1.120683	-59.338743
0.883379	1.078766	-57.505127
0.883984	1.054466	-55.614034
0.884590	1.130403	-53.662479
0.885195	1.053859	-51.672154
0.885801	1.030167	-49.708399
0.886406	1.106103	-47.728105
0.887012	1.059934	-45.714463
0.887617	1.050214	-43.598336
0.888223	1.031382	-41.733812
0.888828	1.030167	-39.574576
0.889434	1.015587	-37.297401
0.890039	0.957267	-35.357776
0.890645	0.942687	-33.312141
0.891250	0.926892	-31.074821
0.891855	0.915350	-28.993669
0.892461	0.914742	-26.786173
0.893066	0.886190	-24.683873
0.893672	0.826048	-22.542803
0.894277	0.841235	-20.390887
0.894883	0.821796	-18.235447
0.895488	0.745251	-16.109830
0.896094	0.714876	-13.832113
0.896699	0.751326	-11.695923
0.897305	0.723989	-9.654897
0.897910	0.703941	-7.199322
0.898516	0.682679	-5.035206
0.899121	0.596415	-2.975201
0.899727	0.566647	-0.677150
0.900332	0.550245	1.531431
0.900937	0.554498	3.720491
0.901543	0.511973	5.857494
0.902148	0.485851	8.068244
0.902754	0.482206	10.287399
0.903359	0.404446	12.434976
0.903965	0.459121	14.542698
0.904570	0.406876	16.800624
0.905176	0.367996	19.054753
0.905781	0.326687	20.964555
0.906387	0.347949	23.290261
0.906992	0.261077	25.650129
0.907598	0.278695	27.601413
0.908203	0.245890	29.745195
0.908809	0.256217	31.916360
0.909414	0.248927	33.992632
0.910020	0.222197	36.036098
0.910625	0.199720	38.146802
0.911230	0.160840	40.171832
0.911836	0.140793	42.281994
0.912441	0.148691	44.140553
0.913047	0.152336	46.169920
0.913652	0.129858	48.350033
0.914258	0.169953	50.145691
0.914863	0.188785	52.040851
0.915469	0.178458	54.187073
0.916074	0.162663	56.157878
0.916680	0.176028	58.006405
0.917285	0.175420	59.890992
0.917891	0.193038	61.792117
0.918496	0.140186	63.615430
0.919102	0.212478	65.434133
0.919707	0.199113	67.204034
0.920312	0.253180	69.030600
0.920918	0.261077	70.738414
0.921523	0.229487	72.326662
0.922129	0.309677	74.286892
0.922734	0.239207	75.867548
0.923340	0.244675	77.349244
0.923945	0.298134	79.145444
0.924551	0.290844	80.710104
0.925156	0.343089	82.260123
0.925762	0.309677	83.749139
0.926367	0.321827	85.260658
0.926973	0.377109	86.688129
0.927578	0.435428	88.118854
0.928184	0.395334	89.546324
0.928789	0.406876	90.927433
0.929395	0.442718	92.280887
0.930000	0.454868	93.401444
0.930605	0.426923	94.742155
0.931211	0.483421	96.161763
0.931816	0.476131	97.136185
0.932422	0.446363	98.284940
0.933027	0.468841	99.473821
0.933633	0.440288	100.622305
0.934238	0.458513	101.637124
0.934844	0.457906	102.643809
0.935449	0.507113	103.636125
0.936055	0.511365	104.624645
0.936660	0.490711	105.447779
0.937266	0.535665	106.291790
0.937871	0.483421	107.209005
0.938477	0.479168	107.859975
0.939082	0.488281	108.527754
0.939688	0.477346	109.471268
0.940293	0.494963	110.027344
0.940898	0.463373	110.595350
0.941504	0.501038	111.218666
0.942109	0.485243	111.817851
0.942715	0.462158	112.271985
0.943320	0.450616	112.774649
0.943926	0.417811	113.146903
0.944531	0.424493	113.569044
0.945137	0.363136	113.892225
0.945742	0.360099	114.118343
0.946348	0.312714	114.463213
0.946953	0.343089	114.683095
0.947559	0.267152	114.624803
0.948164	0.256825	114.875051
0.948770	0.289022	115.100356
0.949375	0.210048	115.085986
0.949980	0.159018	115.087613
0.950586	0.171775	115.038811
0.951191	0.167523	115.017121
0.951797	0.112241	114.849837
0.952402	0.131681	114.717799
0.953008	0.107988	114.544822
0.953613	0.129251	114.330633
0.954219	0.106166	113.952415
0.954824	0.033874	113.600224
0.955430	0.035089	113.479031
0.956035	0.002284	112.855716
0.956641	-0.011688	112.369860
0.957246	-0.003183	112.080028
0.957852	-0.017156	111.515547
0.958457	-0.040241	110.959471
0.959063	-0.045708	110.331546
0.959668	-0.049960	109.702266
0.960273	-0.096130	108.998698
0.960879	-0.107673	108.241718
0.961484	-0.096130	107.505344
0.962090	-0.124075	106.754058
0.962695	-0.133187	105.897846
0.963301	-0.094915	104.866488
0.963906	-0.035988	104.226906
0.964512	-0.076690	103.181992
0.965117	-0.113748	102.019409
0.965723	-0.111318	101.190582
0.966328	-0.093700	100.195826
0.966934	-0.104028	99.004504
0.967539	-0.093700	97.879609
0.968145	-0.074260	96.815174
0.968750	-0.093093	95.617888
0.969355	-0.026876	94.341704
0.969961	-0.051175	93.091278
0.970566	-0.030521	91.813197
0.971172	-0.033558	90.513154
0.971777	-0.028698	88.945783
0.972383	0.030229	87.703762
0.972988	-0.060895	86.479906
0.973594	0.025369	84.856412
0.974199	0.053314	83.387459
0.974805	0.067286	81.877024
0.975410	0.055744	80.358998
0.976016	0.112848	78.744993
0.976621	0.100698	77.161084
0.977227	0.149298	75.529456
0.977832	0.104343	73.872343
0.978437	0.142616	72.201131
0.979043	0.165700	70.440448
0.979648	0.219160	68.869552
0.980254	0.235562	66.928029
0.980859	0.255002	65.088992
0.981465	0.294489	63.590486
0.982070	0.345519	61.663875
0.982676	0.374071	59.777119
0.983281	0.375286	57.900666
0.983887	0.398979	56.004692
0.984492	0.416596	54.102482
0.985098	0.460336	52.146590
0.985703	0.499215	50.222961
0.986309	0.536273	48.246192
0.986914	0.552675	46.212487
0.987520	0.597022	44.097986
0.988125	0.618892	42.202283
0.988730	0.601882	40.210060
0.989336	0.638332	37.906044
0.989941	0.674174	36.031217
0.990547	0.655342	34.066378
0.991152	0.699689	31.878131
0.991758	0.703334	29.742754
0.992363	0.829086	27.664314
0.992969	0.801141	25.538155
0.993574	0.845488	23.414165
0.994180	0.819366	21.219954
0.994785	0.846703	19.053669
0.995391	0.832123	16.910158
0.995996	0.857030	14.667687
0.996602	0.911097	12.523363
0.997207	0.901377	10.498605
0.997812	0.915957	8.095357
0.998418	0.943902	5.898163
0.999023	0.951192	3.860391
0.999629	0.960912	1.649641
1.000234	0.965165	-0.560024
1.000840	0.932360	-2.776467
1.001445	0.957267	-4.927569
1.002051	0.966987	-7.186579
1.002656	0.997362	-9.355304
1.003262	0.987034	-11.537044
1.003867	1.004652	-13.656966
1.004473	0.972454	-15.905402
1.005078	0.965165	-18.237074
1.005684	0.965165	-20.099428
1.006289	0.907452	-22.364945
1.006895	0.904415	-24.715324
1.007500	0.977314	-26.684501
1.008105	0.922032	-28.797917
1.008711	0.933575	-30.937632
1.009316	0.948155	-33.061080
1.009922	0.913527	-35.155246
1.010527	0.924462	-37.220402
1.011133	0.859460	-39.338427
1.011738	0.830908	-41.511219
1.012344	0.853385	-43.482837
1.012949	0.841843	-45.490243
1.013555	0.829693	-47.701806
1.014160	0.824226	-49.614861
1.014766	0.789598	-51.401029
1.015371	0.785346	-53.528544
1.015977	0.791421	-55.466542
1.016582	0.778056	-57.375259
1.017187	0.822403	-59.236258
1.017793	0.795066	-61.154193
1.018398	0.705156	-63.037153
1.019004	0.705156	-64.872937
1.019609	0.679642	-66.701401
1.020215	0.734316	-68.466693
1.020820	0.706979	-70.285397
1.021426	0.719129	-71.911873
1.022031	0.681464	-73.764738
1.022637	0.702726	-75.545213
1.023242	0.682072	-76.898396
1.023848	0.641369	-78.586688
1.024453	0.683287	-80.345744
1.025059	0.698474	-81.822018
1.025664	0.654734	-83.419755
1.026270	0.697866	-84.882201
1.026875	0.685109	-86.377995
1.027480	0.700296	-87.870535
1.028086	0.711231	-89.234834
1.028691	0.727634	-90.635192
1.029297	0.732494	-92.097096
1.029902	0.744644	-93.299533
1.030508	0.784738	-94.599033
1.031113	0.739176	-96.102419
1.031719	0.856423	-97.119678
1.032324	0.827871	-98.264095
1.032930	0.866750	-99.433455
1.033535	0.878900	-100.543168
1.034141	0.922640	-101.620346
1.034746	0.918995	-102.658482
1.035352	0.917780	-103.706921
1.035957	0.959090	-104.639860
1.036563	1.014979	-105.543247
1.037168	1.029559	-106.414642
1.037773	1.000399	-107.367102
1.038379	1.068439	-108.173698
1.038984	1.044139	-108.696155
1.039590	1.113393	-109.625841
1.040195	1.130403	-110.372518
1.040801	1.171713	-110.877894
1.041406	1.202695	-111.473284
1.042012	1.160171	-112.095243
1.042617	1.278025	-112.632612
1.043223	1.285315	-113.050144
1.043828	1.303540	-113.507531
1.044434	1.301110	-113.933468
1.045039	1.331484	-114.316567
1.045645	1.347279	-114.631071
1.046250	1.303540	-114.907618
1.046855	1.353962	-115.287464
1.047461	1.355784	-115.395100
1.048066	1.392841	-115.449054
1.048672	1.408029	-115.718823
1.049277	1.412889	-115.770608
1.049883	1.439011	-115.708249
1.050488	1.448731	-115.681950
1.051094	1.446908	-115.692253
1.051699	1.483966	-115.600341
1.052305	1.452983	-115.432244
1.052910	1.468778	-115.308340
1.053516	1.473638	-115.121536
1.054121	1.504013	-114.852851
1.054727	1.469993	-114.436404
1.055332	1.502191	-114.334461
1.055937	1.538033	-113.747476
1.056543	1.406814	-113.174048
1.057148	1.481536	-112.803421
1.057754	1.426254	-112.378026
1.058359	1.463311	-111.814358
1.058965	1.380084	-111.208937
1.059570	1.366719	-110.575048
1.060176	1.401954	-109.938990
1.060781	1.355177	-109.248435
1.061387	1.334522	-108.478984
1.061992	1.279847	-107.706279
1.062598	1.305362	-106.937912
1.063203	1.355177	-105.894354
1.063809	1.223350	-105.139001
1.064414	1.271342	-104.329965
1.065020	1.206948	-103.152742
1.065625	1.163208	-102.086409
1.066230	1.193583	-101.088671
1.066836	1.125543	-99.996039
1.067441	1.104281	-98.819901
1.068047	1.087879	-97.712899
1.068652	1.088486	-96.531880
1.069258	1.072691	-95.259222
1.069863	1.004044	-93.967042
1.070469	0.999184	-92.691130
1.071074	0.996147	-91.466731
1.071680	0.918995	-89.968497
1.072285	0.863713	-88.498731
1.072891	0.875863	-87.274332
1.073496	0.844273	-85.667919
1.074102	0.775626	-84.110851
1.074707	0.817543	-82.608008
1.075312	0.778056	-81.063411
1.075918	0.689969	-79.508512
1.076523	0.716699	-77.795005
1.077129	0.646837	-76.178018
1.077734	0.638939	-74.526869
1.078340	0.632864	-72.822309
1.078945	0.593377	-71.024211
1.079551	0.575152	-69.427559
1.080156	0.583657	-67.602619
1.080762	0.550245	-65.620970
1.081367	0.524123	-64.005881
1.081973	0.515010	-62.141086
1.082578	0.522300	-60.162148
1.083184	0.436643	-58.271325
1.083789	0.491925	-56.352306
1.084395	0.469448	-54.414579
1.085000	0.428138	-52.454619
1.085605	0.471878	-50.491406
1.086211	0.400801	-48.511655
1.086816	0.443933	-46.437823
1.087422	0.428138	-44.334168
1.088027	0.409306	-42.450123
1.088633	0.428138	-40.355415
1.089238	0.385614	-38.037571
1.089844	0.428746	-36.092252
1.090449	0.464588	-34.013811
1.091055	0.547208	-31.810653
1.091660	0.530805	-29.640572
1.092266	0.503468	-27.534748
1.092871	0.529590	-25.379308
1.093477	0.528983	-23.189706
1.094082	0.554498	-21.043213
1.094688	0.493748	-18.881808
1.095293	0.559358	-16.714709
1.095898	0.593985	-14.481999
1.096504	0.574545	-12.264200
1.097109	0.603097	-10.302071
1.097715	0.682072	-7.857070
1.098320	0.641369	-5.616768
1.098926	0.652912	-3.531278
1.099531	0.652304	-1.297211
1.100137	0.698474	0.934415
1.100742	0.675389	3.140826
1.101348	0.697259	5.314974
1.101953	0.707586	7.519488
1.102559	0.773803	9.730780
1.103164	0.787168	11.909808
1.103770	0.758616	14.030002
1.104375	0.806001	16.279794
1.104980	0.812683	18.509793
1.105586	0.812076	20.407123
1.106191	0.812076	22.797899
1.106797	0.826656	25.123334
1.107402	0.853993	27.132096
1.108008	0.881938	29.258526
1.108613	0.837590	31.414508
1.109219	0.850348	33.532805
1.109824	0.868573	35.609348
1.110430	0.853385	37.675317
1.111035	0.856423	39.766771
1.111641	0.812076	41.855786
1.112246	0.847918	43.753658
1.112852	0.877078	45.739374
1.113457	0.817543	47.914335
1.114062	0.779878	49.792958
1.114668	0.823618	51.611932
1.115273	0.778056	53.792858
1.115879	0.808431	55.738719
1.116484	0.758616	57.568539
1.117090	0.741606	59.467766
1.117695	0.710624	61.313040
1.118301	0.676604	63.165363
1.118906	0.630434	65.007654
1.119512	0.620715	66.731464
1.120117	0.581227	68.556132
1.120723	0.581835	70.267471
1.121328	0.558143	71.842975
1.121934	0.479776	73.718344
1.122539	0.417811	75.367323
1.123145	0.372249	76.841157
1.123750	0.361314	78.628410
1.124355	0.346734	80.186291
1.124961	0.338837	81.681814
1.125566	0.277480	83.216922
1.126172	0.303602	84.730610
1.126777	0.243460	86.205799
1.127383	0.254395	87.632998
1.127988	0.199720	89.004889
1.128594	0.173598	90.400367
1.129199	0.114063	91.785271
1.129805	0.130466	92.861364
1.130410	0.089763	94.159237
1.131016	0.055744	95.614905
1.131621	0.025369	96.653041
1.132227	-0.018371	97.765465
1.132832	-0.005613	98.953533
1.133438	-0.068185	100.092256
1.134043	-0.068793	101.157505
1.134648	-0.076690	102.119726
1.135254	-0.103420	103.136172
1.135859	-0.158095	104.111678
1.136465	-0.140477	104.977378
1.137070	-0.131972	105.852568
1.137676	-0.127720	106.763547
1.138281	-0.124075	107.501277
1.138887	-0.177535	108.112392
1.139492	-0.228564	108.965349
1.140098	-0.205479	109.741579
1.140703	-0.200012	110.268374
1.141309	-0.164170	110.897112
1.141914	-0.173890	111.470540
1.142520	-0.138655	111.952058
1.143125	-0.183002	112.467736
1.143730	-0.119215	112.866561
1.144336	-0.159310	113.310392
1.144941	-0.135010	113.679392
1.145547	-0.130150	113.939129
1.146152	-0.130150	114.248211
1.146758	-0.095523	114.642427
1.147363	-0.103420	114.583592
1.147969	-0.082765	114.740845
1.148574	-0.090055	115.079479
1.149180	-0.133187	115.126926
1.149785	-0.100383	115.079208
1.150391	-0.118000	115.085986
1.150996	-0.077905	115.017934
1.151602	-0.011688	114.959642
1.152207	-0.013511	114.794527
1.152813	-0.004398	114.643240
1.153418	-0.026876	114.484632
1.154023	0.081866	114.161180
1.154629	0.036911	113.709487
1.155234	0.110418	113.599953
1.155840	0.091586	113.256980
1.156445	0.048454	112.537144
1.157051	0.118316	112.265206
1.157656	0.108596	111.854182
1.158262	0.170560	111.254725
1.158867	0.122568	110.659607
1.159473	0.185140	110.064488
1.160078	0.186963	109.413789
1.160684	0.216123	108.692869
1.161289	0.193645	107.952699
1.161895	0.222805	107.203311
1.162500	0.258040	106.454194
1.163105	0.270797	105.428530
1.163711	0.281125	104.581537
1.164316	0.330939	103.844078
1.164922	0.315144	102.676887
1.165527	0.335192	101.708430
1.166133	0.352809	100.729941
1.166738	0.320004	99.630531
1.167344	0.351594	98.493435
1.167949	0.355847	97.337902
1.168555	0.357669	96.186707
1.169160	0.359491	94.948752
1.169766	0.411736	93.644914
1.170371	0.366781	92.370900
1.170977	0.411129	91.170360
1.171582	0.350987	89.660739
1.172187	0.353417	88.155726
1.172793	0.428746	87.059570
1.173398	0.349164	85.580585
1.174004	0.345519	83.996134
1.174609	0.462766	82.488681
1.175215	0.396549	80.980686
1.175820	0.435428	79.416298
1.176426	0.448793	77.762980
1.177031	0.454261	76.206725
1.177637	0.432998	74.514908
1.178242	0.436643	72.801401
1.178848	0.428746	71.079760
1.179453	0.448186	69.422375
1.180059	0.414774	67.707513
1.180664	0.387436	65.713934
1.181270	0.493140	64.037842
1.181875	0.501645	62.367986
1.182480	0.466411	60.445170
1.183086	0.450616	58.524524
1.183691	0.435428	56.659458
1.184297	0.482206	54.739896
1.184902	0.405054	52.730592
1.185508	0.435428	50.784731
1.186113	0.431783	48.821518
1.186719	0.437858	46.813028
1.187324	0.431783	44.710457
1.187930	0.409914	42.628762
1.188535	0.451223	40.852083
1.189141	0.378324	38.603918
1.189746	0.425101	36.453629
1.190352	0.443933	34.597782
1.190957	0.395941	32.475148
1.191563	0.442718	30.337873
1.192168	0.466411	28.190837
1.192773	0.464588	26.101823
1.193379	0.385614	24.005217
1.193984	0.423279	21.793111
1.194590	0.439073	19.625199
1.195195	0.377716	17.515850
1.195801	0.440288	15.398368
1.196406	0.445148	13.039855
1.197012	0.436036	11.048716
1.197617	0.469448	8.927438
1.198223	0.402624	6.504940
1.198828	0.443933	4.411316
1.199434	0.456083	2.269432
1.200039	0.409914	0.092844
1.200645	0.417811	-2.113839
1.201250	0.410521	-4.302898
1.201855	0.439681	-6.528017
1.202461	0.485243	-8.702436
1.203066	0.484636	-10.899901
1.203672	0.431176	-13.068897
1.204277	0.505898	-15.123750
1.204883	0.469448	-17.513442
1.205488	0.491318	-19.759167
1.206094	0.462766	-21.590342
1.206699	0.483421	-23.812479
1.207305	0.504075	-26.048714
1.207910	0.518655	-28.171077
1.208516	0.573330	-30.237046
1.209121	0.569077	-32.364561
1.209727	0.532628	-34.463336
1.210332	0.580620	-36.541235
1.210937	0.575152	-38.632689
1.211543	0.563610	-40.708419
1.212148	0.606742	-42.855997
1.212754	0.607350	-44.790741
1.213359	0.618892	-46.757750
1.213965	0.665669	-48.999679
1.214570	0.715484	-50.802928
1.215176	0.721559	-52.652269
1.215781	0.722774	-54.682721
1.216387	0.750719	-56.591167
1.216992	0.736746	-58.528351
1.217598	0.807216	-60.362509
1.218203	0.785953	-62.299694
1.218809	0.787776	-64.114873
1.219414	0.813291	-65.953640
1.220020	0.823618	-67.690192
1.220625	0.871610	-69.575050
1.221230	0.903200	-71.325430
1.221836	0.915350	-72.884668
1.222441	0.924462	-74.798807
1.223047	0.954230	-76.404678
1.223652	0.942687	-77.881764
1.224258	0.990072	-79.557585
1.224863	0.992502	-81.190569
1.225469	1.106103	-82.705884
1.226074	1.099421	-84.175108
1.226680	1.102458	-85.711571
1.227285	1.126151	-87.211432
1.227891	1.207555	-88.622364
1.228496	1.188723	-89.975275
1.229102	1.172928	-91.388376
1.229707	1.217275	-92.870886
1.230312	1.238537	-93.958366
1.230918	1.271950	-95.199032
1.231523	1.263445	-96.704044
1.232129	1.292605	-97.727269
1.232734	1.298680	-98.873583
1.233340	1.290175	-99.992514
1.233945	1.312652	-101.110361
1.234551	1.292605	-102.173169
1.235156	1.317512	-103.207238
1.235762	1.290782	-104.210670
1.236367	1.260407	-105.139814
1.236973	1.318727	-106.032356
1.237578	1.355177	-106.868233
1.238184	1.338774	-107.912062
1.238789	1.360644	-108.550832
1.239395	1.343634	-109.177401
