Source File Name:	Analyzer
Signal:	Time - Vib Acceleration - Samples

Time	Time Signal
[ s ]	[ m/s² ]
0	0.5477849
0.00208333351	-1.547634
0.00416666702	0.04195463
0.00625000053	2.596189
0.00833333404	0.2997029
0.01041666755	-2.822578
0.01250000106	-2.584902
0.01458333457	2.874958
0.01666666808	3.868405
0.01875000159	3.712149
0.0208333351	4.43174
0.02291666861	1.118829
0.02500000212	-2.117509
0.02708333563	-3.527523
0.02916666914	-0.552543
0.03125000265	1.245436
0.03333333616	0.7987953
0.03541666967	-2.022131
0.03750000318	-0.5024034
0.03958333669	3.015496
0.0416666702	0.8930837
0.04375000371	-2.988678
0.04583333722	-2.446126
0.04791667073	1.815102
0.05000000424	3.781407
0.05208333775	2.412472
0.05416667126	5.423728
0.05625000477	2.581825
0.05833333828	-1.760695
0.06041667179	-3.954168
0.0625000053	-1.018382
0.06458333881	1.500795
0.06666667232	0.2141063
0.06875000583	-1.745524
0.07083333934	-0.9769567
0.07291667285	2.882045
0.07500000636	1.72894
0.07708333987	-2.659041
0.07916667338	-3.124233
0.08125000689	0.9316078
0.0833333404	3.430871
0.08541667391	1.963027
0.08750000742	5.443385
0.08958334093	4.460966
0.09166667444	-1.257549
0.09375000795	-4.658453
0.09583334146	-2.009169
0.09791667497	1.976862
0.10000000848	0.7576003
0.10208334199	-1.450033
0.1041666755	-1.635456
0.10625000901	1.97394
0.10833334252	2.240314
0.11041667603	-2.257241
0.11250000954	-2.377988
0.11458334305	0.04849498
0.11666667656	3.057819
0.11875001007	0.9327872
0.12083334358	4.827773
0.12291667709	5.933899
0.1250000106	0.2553574
0.12708334411	-4.427011
0.12916667762	-3.055792
0.13125001113	1.687544
0.13333334464	0.5239429
0.13541667815	-1.518098
0.13750001166	-1.264204
0.13958334517	2.142332
0.14166667868	2.487046
0.14375001219	-2.085299
0.1458333457	-2.628366
0.14791667921	-0.4348251
0.15000001272	2.135795
0.15208334623	1.354587
0.15416667974	3.494195
0.15625001325	7.40515
0.15833334676	1.043524
0.16041668027	-3.901001
0.16250001378	-3.599908
0.16458334729	1.494321
0.1666666808	0.7622459
0.16875001431	-1.841502
0.17083334782	-1.429486
0.17291668133	1.516704
0.17500001484	2.78961
0.17708334835	-1.229644
0.17916668186	-2.274232
0.18125001537	-0.5640181
0.18333334888	1.046672
0.18541668239	1.439174
0.1875000159	2.476793
0.18958334941	7.574931
0.19166668292	2.83861
0.19375001643	-3.548814
0.19583334994	-3.828137
0.19791668345	0.9158924
0.20000001696	1.127948
0.20208335047	-1.906888
0.20416668398	-1.316855
0.20625001749	0.8204692
0.208333351	2.091436
0.21041668451	-0.2150515
0.21250001802	-1.672371
0.21458335153	-1.169107
0.21666668504	-0.05536478
0.21875001855	1.03825
0.22083335206	2.308222
0.22291668557	7.377732
0.22500001908	4.8989
0.22708335259	-2.87511
0.2291666861	-4.203557
0.23125001961	-0.8145778
0.23333335312	1.727289
0.23541668663	-1.168799
0.23750002014	-0.4920322
0.23958335365	0.3415367
0.24166668716	1.456159
0.24375002067	0.266881
0.24583335418	-1.624105
0.24791668769	-0.5050372
0.2500000212	-0.6834239
0.25208335471	0.6893125
0.25416668822	2.005775
0.25625002173	5.651281
0.25833335524	5.919389
0.26041668875	-1.202577
0.26250002226	-3.36141
0.26458335577	-1.463007
0.26666668928	0.8637068
0.26875002279	-1.187613
0.2708333563	-1.603854
0.27291668981	0.4884106
0.27500002332	1.555985
0.27708335683	1.400323
0.27916669034	-1.079564
0.28125002385	-1.124429
0.28333335736	-1.442471
0.28541669087	0.05847327
0.28750002438	2.353969
0.28958335789	5.084122
0.2916666914	6.549856
0.29375002491	0.4956883
0.29583335842	-3.631284
0.29791669193	-1.996325
0.30000002544	0.6187405
0.30208335895	-0.1621807
0.30416669246	-1.42238
0.30625002597	0.3753723
0.30833335948	-0.01248208
0.31041669299	0.9455573
0.3125000265	0.09167935
0.31458336001	-0.4603898
0.31666669352	-1.663899
0.31875002703	-1.068511
0.32083336054	1.750829
0.32291669405	3.905463
0.32500002756	7.215846
0.32708336107	1.996257
0.32916669458	-2.548276
0.33125002809	-2.324592
0.3333333616	-0.6097996
0.33541669511	-0.2975709
0.33750002862	-0.8477604
0.33958336213	0.9357983
0.34166669564	0.4192901
0.34375002915	0.09200604
0.34583336266	0.3607071
0.34791669617	-0.2088619
0.35000002968	-0.9443778
0.35208336319	-2.089997
0.3541666967	1.606712
0.35625003021	3.64711
0.35833336372	6.075764
0.36041669723	3.798785
0.36250003074	-1.622862
0.36458336425	-2.022271
0.36666669776	-1.177037
0.36875003127	-0.9797025
0.37083336478	-0.9258719
0.37291669829	0.6459115
0.3750000318	0.3339529
0.37708336531	-0.2762457
0.37916669882	1.353731
0.38125003233	-0.04689223
0.38333336584	-1.058622
0.38541669935	-3.153593
0.38750003286	0.8282282
0.38958336637	3.886702
0.39166669988	5.784663
0.39375003339	4.840304
0.3958333669	-0.8677939
0.39791670041	-1.935804
0.40000003392	-2.083519
0.40208336743	-0.5349354
0.40416670094	0.05246352
0.40625003445	0.4879476
0.40833336796	0.2329148
0.41041670147	-1.544701
0.41250003498	1.458307
0.41458336849	1.587919
0.416666702	-0.7515232
0.41875003551	-3.48451
0.42083336902	-0.1281226
0.42291670253	3.875788
0.42500003604	4.432913
0.42708336955	4.837202
0.42916670306	1.411148
0.43125003657	-1.424301
0.43333337008	-2.444248
0.43541670359	-1.527797
0.4375000371	0.09617346
0.43958337061	0.672365
0.44166670412	0.1236324
0.44375003763	-1.854064
0.44583337114	0.9129252
0.44791670465	2.256094
0.45000003816	-0.5268254
0.45208337167	-3.38912
0.45416670518	-1.167298
0.45625003869	3.421986
0.4583333722	3.643332
0.46041670571	4.836776
0.46250003922	3.125092
0.46458337273	-0.2499275
0.46666670624	-2.62021
0.46875003975	-2.784124
0.47083337326	0.1285583
0.47291670677	0.9177344
0.47500004028	0.4930362
0.47708337379	-1.924474
0.4791667073	0.7041361
0.48125004081	2.299697
0.48333337432	-0.4689391
0.48541670783	-3.122946
0.48750004134	-1.652161
0.48958337485	2.920503
0.49166670836	3.457845
0.49375004187	3.446808
0.49583337538	4.601802
0.49791670889	0.7031408
0.5000000424	-1.929932
0.50208337591	-3.513588
0.50416670942	-0.242725
0.50625004293	0.6608898
0.50833337644	0.0697329
0.51041670995	-1.870358
0.51250004346	0.6195555
0.51458337697	3.275874
0.51666671048	0.2857079
0.51875004399	-3.234897
0.5208333775	-2.606095
0.52291671101	2.121016
0.52500004452	3.672053
0.52708337803	2.898096
0.52916671154	5.508111
0.53125004505	2.370343
0.53333337856	-2.372065
0.53541671207	-3.819077
0.53750004558	-0.3525936
0.53958337909	1.659881
0.5416667126	-0.3528576
0.54375004611	-1.730633
0.54583337962	-0.8279756
0.54791671313	2.893229
0.55000004664	1.469537
0.55208338015	-2.29344
0.55416671366	-2.763303
0.55625004717	0.6859218
0.55833338068	2.926081
0.56041671419	1.883885
0.5625000477	6.223768
0.56458338121	4.653889
0.56666671472	-2.018809
0.56875004823	-4.590795
0.57083338174	-1.443665
0.57291671525	2.006617
0.57500004876	0.498096
0.57708338227	-1.57827
0.57916671578	-1.047928
0.58125004929	2.35132
0.5833333828	1.654762
0.58541671631	-2.229702
0.58750004982	-2.486175
0.58958338333	0.9063519
0.59166671684	2.467069
0.59375005035	1.234929
0.59583338386	4.815903
0.59791671737	6.031869
0.60000005088	-0.4354797
0.60208338439	-4.515284
0.6041667179	-2.217621
0.60625005141	1.566257
0.60833338492	0.4884008
0.61041671843	-1.833473
0.61250005194	-1.161935
0.61458338545	2.432161
0.61666671896	2.027464
0.61875005247	-2.02978
0.62083338598	-2.532878
0.62291671949	-0.4458832
0.625000053	1.917852
0.62708338651	1.502818
0.62916672002	4.231985
0.63125005353	6.82046
0.63333338704	0.6698345
0.63541672055	-4.074141
0.63750005406	-3.159024
0.63958338757	1.684606
0.64166672108	0.9647316
0.64375005459	-2.106511
0.6458333881	-0.7961723
0.64791672161	1.301694
0.65000005512	2.34558
0.65208338863	-0.8898293
0.65416672214	-1.8999
0.65625005565	-0.7639906
0.65833338916	1.175528
0.66041672267	1.182148
0.66250005618	2.9107
0.66458338969	7.733491
0.6666667232	2.387732
0.66875005671	-3.685003
0.67083339022	-3.347487
0.67291672373	1.005274
0.67500005724	0.8644821
0.67708339075	-2.012355
0.67916672426	-1.058148
0.68125005777	0.9081894
0.68333339128	2.373528
0.68541672479	-0.3876479
0.6875000583	-1.76037
0.68958339181	-0.7808563
0.69166672532	-0.1506734
0.69375005883	1.235363
0.69583339234	2.529278
0.69791672585	7.555727
0.70000005936	4.458411
0.70208339287	-3.154594
0.70416672638	-3.460423
0.70625005989	-0.3003154
0.7083333934	1.818152
0.71041672691	-1.538569
0.71250006042	-0.7879849
0.71458339393	0.5659255
0.71666672744	1.506686
0.71875006095	0.2275927
0.72083339446	-0.9802436
0.72291672797	-0.6061839
0.72500006148	-0.7626122
0.72708339499	0.4248559
0.7291667285	1.968311
0.73125006201	6.54993
0.73333339552	6.235769
0.73541672903	-1.748993
0.73750006254	-3.805003
0.73958339605	-1.070956
0.74166672956	0.9184319
0.74375006307	-1.127044
0.74583339658	-0.4623365
0.74791673009	0.6118803
0.7500000636	0.7634026
0.75208339711	0.2587908
0.75416673062	-0.6646644
0.75625006413	0.0008269405
0.75833339764	-1.153073
0.76041673115	-0.6274399
0.76250006466	1.677032
0.76458339817	5.583494
0.76666673168	7.17001
0.76875006519	-0.5640702
0.7708333987	-2.944078
0.77291673221	-1.846237
0.77500006572	0.4420687
0.77708339923	-1.134038
0.77916673274	-0.8164267
0.78125006625	0.7319122
0.78333339976	0.8282129
0.78541673327	0.2888562
0.78750006678	-0.2324379
0.78958340029	-0.520952
0.7916667338	-1.280604
0.79375006731	-0.9659838
0.79583340082	2.187919
0.79791673433	4.214552
0.80000006784	6.393222
0.80208340135	1.748527
0.80416673486	-2.869064
0.80625006837	-1.620912
0.80833340188	0.3054983
0.81041673539	-0.552735
0.8125000689	-1.549772
0.81458340241	0.3515759
0.81666673592	0.34952
0.81875006943	0.3433109
0.82083340294	1.123923
0.82291673645	0.2612167
0.82500006996	-1.237494
0.82708340347	-2.764127
0.82916673698	1.454797
0.83125007049	3.997061
0.833333404	6.646679
0.83541673751	3.632498
0.83750007102	-1.917956
0.83958340453	-1.951052
0.84166673804	-1.605259
0.84375007155	-0.288083
0.84583340506	-0.6065618
0.84791673857	0.6984575
0.85000007208	0.2686071
0.85208340559	-0.5829203
0.8541667391	0.8340982
0.85625007261	0.3456199
0.85833340612	-0.7288612
0.86041673963	-2.7069
0.86250007314	1.005755
0.86458340665	3.652355
0.86666674016	4.85042
0.86875007367	4.699256
0.87083340718	-0.1720044
0.87291674069	-1.38066
0.8750000742	-2.053231
0.87708340771	-0.4410257
0.87916674122	-0.8931816
0.88125007473	0.0002995111
0.88333340824	0.3164845
0.88541674175	-0.5454034
0.88750007526	1.820153
0.88958340877	1.15299
0.89166674228	-1.414761
0.89375007579	-3.077664
0.8958334093	-0.2651007
0.89791674281	4.178666
0.90000007632	3.752788
0.90208340983	5.609764
0.90416674334	1.208643
0.90625007685	-1.167853
0.90833341036	-2.834522
0.91041674387	-1.123321
0.91250007738	0.2269765
0.91458341089	0.3221306
0.9166667444	-0.3612234
0.91875007791	-1.624073
0.92083341142	1.644529
0.92291674493	2.312532
0.92500007844	-0.7591349
0.92708341195	-3.428316
0.92916674546	-0.9915213
0.93125007897	3.314518
0.93333341248	3.400702
0.93541674599	4.682734
0.9375000795	3.65144
0.93958341301	-0.1887221
0.94166674652	-3.127213
0.94375008003	-2.502295
0.94583341354	0.5910126
0.94791674705	0.7506297
0.95000008056	-0.4252588
0.95208341407	-1.637374
0.95416674758	0.8202718
0.95625008109	2.977177
0.9583334146	-0.6215915
0.96041674811	-3.002423
0.96250008162	-1.901996
0.96458341513	3.084102
0.96666674864	2.91042
0.96875008215	3.519217
0.97083341566	5.264522
0.97291674917	1.110425
0.97500008268	-2.530508
0.97708341619	-4.03604
0.9791667497	-0.3042091
0.98125008321	1.353601
0.98333341672	-0.05748525
0.98541675023	-1.72584
0.98750008374	0.2282681
0.98958341725	3.171486
0.99166675076	-0.4538067
0.99375008427	-3.40477
0.99583341778	-1.887538
0.99791675129	2.541682
1.0000000848	3.615992
1.0020834183	2.011567
1.0041667518	5.067884
1.0062500853	2.23673
1.0083334188	-1.4213
1.0104167524	-4.11512
1.0125000859	-0.6115454
1.0145834194	1.217861
1.0166667529	0.02542297
1.0187500864	-2.282213
1.0208334199	-0.2611169
1.0229167534	3.445802
1.0250000869	1.16531
1.0270834204	-3.314561
1.0291667539	-2.750346
1.0312500875	1.422919
1.033333421	3.873153
1.0354167545	1.529726
1.037500088	5.257326
1.0395834215	3.907302
1.041666755	-1.225387
1.0437500885	-4.222056
1.045833422	-1.742968
1.0479167555	2.235893
1.050000089	0.05820195
1.0520834226	-1.827728
1.0541667561	-1.671345
1.0562500896	2.832437
1.0583334231	1.954564
1.0604167566	-1.981835
1.0625000901	-3.218485
1.0645834236	0.7722597
1.0666667571	2.826418
1.0687500906	1.487311
1.0708334241	4.504881
1.0729167577	5.628438
1.0750000912	-0.2535663
1.0770834247	-4.504072
1.0791667582	-2.227309
1.0812500917	1.976528
1.0833334252	0.4155571
1.0854167587	-2.105191
1.0875000922	-1.714311
1.0895834257	2.35108
1.0916667592	2.446047
1.0937500928	-1.582164
1.0958334263	-2.743317
1.0979167598	-0.6228366
1.1000000933	2.298845
1.1020834268	1.424399
1.1041667603	3.661652
1.1062500938	6.847011
1.1083334273	0.8529547
1.1104167608	-4.144907
1.1125000943	-3.52116
1.1145834279	1.507809
1.1166667614	1.019946
1.1187500949	-1.462097
1.1208334284	-1.698656
1.1229167619	1.152317
1.1250000954	2.455607
1.1270834289	-0.8673791
1.1291667624	-2.721488
1.1312500959	-0.5740656
1.1333334294	1.531092
1.135416763	1.658609
1.1375000965	2.769653
1.13958343	6.825144
1.1416667635	2.217288
1.143750097	-3.448009
1.1458334305	-3.265346
1.147916764	0.9475919
1.1500000975	0.9194764
1.152083431	-2.082191
1.1541667645	-1.293137
1.1562500981	0.7265105
1.1583334316	2.622816
1.1604167651	-0.2501835
1.1625000986	-1.871608
1.1645834321	-1.276596
1.1666667656	0.1196063
1.1687500991	1.275471
1.1708334326	2.574447
1.1729167661	7.101153
1.1750000996	3.895925
1.1770834332	-3.632086
1.1791667667	-3.36885
1.1812501002	-0.1207846
1.1833334337	1.823074
1.1854167672	-1.87201
1.1875001007	-1.067692
1.1895834342	-0.03485297
1.1916667677	1.695242
1.1937501012	0.3348761
1.1958334347	-0.6794947
1.1979167683	-0.9207376
1.2000001018	-0.6899298
1.2020834353	0.3891226
1.2041667688	2.24675
1.2062501023	6.373881
1.2083334358	5.721142
1.2104167693	-2.119104
1.2125001028	-3.272514
1.2145834363	-1.002672
1.2166667698	1.150193
1.2187501034	-1.333411
1.2208334369	-0.7017017
1.2229167704	-0.0398945
1.2250001039	0.6210939
1.2270834374	0.590974
1.2291667709	-0.05167488
1.2312501044	-0.6116461
1.2333334379	-1.564504
1.2354167714	-0.3823304
1.2375001049	1.942127
1.2395834385	5.911045
1.241666772	6.422719
1.2437501055	-0.7200735
1.245833439	-3.296421
1.2479167725	-1.474232
1.250000106	0.2969158
1.2520834395	-0.3957367
1.254166773	-0.944232
1.2562501065	0.5195339
1.25833344	-0.1829832
1.2604167736	0.5316153
1.2625001071	-0.1719659
1.2645834406	0.4579368
1.2666667741	-1.912256
1.2687501076	-0.77272
1.2708334411	2.322668
1.2729167746	4.489407
1.2750001081	5.696141
1.2770834416	1.221351
1.2791667751	-2.436276
1.2812501087	-1.310204
1.2833334422	-0.3380532
1.2854167757	-0.6589152
1.2875001092	-1.471264
1.2895834427	0.6396831
1.2916667762	-0.4791796
1.2937501097	0.3490577
1.2958334432	1.329949
1.2979167767	0.2747032
1.3000001102	-2.315788
1.3020834438	-2.571729
1.3041667773	1.999642
1.3062501108	4.713718
1.3083334443	6.228277
1.3104167778	2.590159
1.3125001113	-2.123544
1.3145834448	-2.078597
1.3166667783	-1.302206
1.3187501118	-0.1536672
1.3208334453	-0.008718235
1.3229167789	0.47407
1.3250001124	-0.9975984
1.3270834459	-0.7422732
1.3291667794	1.539893
1.3312501129	0.6668323
1.3333334464	-1.132368
1.3354167799	-2.873935
1.3375001134	1.606364
1.3395834469	3.458673
1.3416667804	4.621233
1.343750114	4.424489
1.3458334475	-0.2495562
1.347916781	-1.751382
1.3500001145	-1.984449
1.352083448	-0.7882586
1.3541667815	-0.4572787
1.356250115	0.5871693
1.3583334485	-0.5443841
1.360416782	-0.9557972
1.3625001155	1.677322
1.3645834491	1.346082
1.3666667826	-1.389829
1.3687501161	-3.46257
1.3708334496	0.529336
1.3729167831	3.855696
1.3750001166	4.419741
1.3770834501	5.022303
1.3791667836	1.06701
1.3812501171	-1.952272
1.3833334506	-2.61635
1.3854167842	-1.126411
1.3875001177	0.5468982
1.3895834512	0.8290154
1.3916667847	-0.4368253
1.3937501182	-1.977093
1.3958334517	1.127351
1.3979167852	1.772728
1.4000001187	-0.3874853
1.4020834522	-3.141194
1.4041667857	-0.5715894
1.4062501193	3.863324
1.4083334528	2.795988
1.4104167863	4.832152
1.4125001198	2.695714
1.4145834533	-0.3541384
1.4166667868	-2.863491
1.4187501203	-1.919206
1.4208334538	0.282441
1.4229167873	0.2898772
1.4250001208	-0.1654405
1.4270834544	-1.774112
1.4291667879	0.8201125
1.4312501214	2.411052
1.4333334549	-0.3889341
1.4354167884	-3.12517
1.4375001219	-1.922525
1.4395834554	3.423086
1.4416667889	2.945746
1.4437501224	4.605378
1.4458334559	4.222485
1.4479167895	-0.2937458
1.450000123	-2.877857
1.4520834565	-2.906298
1.45416679	0.6608395
1.4562501235	1.181557
1.458333457	0.1172169
1.4604167905	-2.141608
1.462500124	-0.1901614
1.4645834575	2.330118
1.466666791	-0.1068799
1.4687501246	-1.924966
1.4708334581	-2.120582
1.4729167916	2.402195
1.4750001251	2.61259
1.4770834586	3.224013
1.4791667921	5.092399
1.4812501256	1.440787
1.4833334591	-1.727451
1.4854167926	-3.540093
1.4875001261	-0.2469446
1.4895834597	0.8214735
1.4916667932	-0.5131016
1.4937501267	-1.421957
1.4958334602	-0.0419694
1.4979167937	2.649397
1.5000001272	0.5198299
1.5020834607	-2.452554
1.5041667942	-2.677181
1.5062501277	1.102706
1.5083334612	3.204729
1.5104167948	2.117535
1.5125001283	5.958871
1.5145834618	3.445321
1.5166667953	-2.185906
1.5187501288	-4.092265
1.5208334623	-1.430173
1.5229167958	1.934553
1.5250001293	0.1575587
1.5270834628	-1.864506
1.5291667963	-0.9010723
1.5312501299	2.538377
1.5333334634	1.185522
1.5354167969	-2.621398
1.5375001304	-1.672254
1.5395834639	0.601741
1.5416667974	2.624552
1.5437501309	1.296837
1.5458334644	5.267027
1.5479167979	5.42831
1.5500001314	-1.210355
1.552083465	-4.088512
1.5541667985	-1.907469
1.556250132	2.159392
1.5583334655	-0.4688561
1.560416799	-1.701876
1.5625001325	-1.06394
1.564583466	2.39295
1.5666667995	1.795765
1.568750133	-1.705065
1.5708334665	-2.512056
1.5729168001	-0.20058
1.5750001336	1.811955
1.5770834671	1.259139
1.5791668006	4.690058
1.5812501341	7.06958
1.5833334676	-0.383781
1.5854168011	-4.356611
1.5875001346	-2.386282
1.5895834681	1.99801
1.5916668016	0.2086754
1.5937501352	-1.775424
1.5958334687	-1.266205
1.5979168022	1.552593
1.6000001357	2.632723
1.6020834692	-1.216248
1.6041668027	-1.774618
1.6062501362	-0.8797283
1.6083334697	0.7053403
1.6104168032	0.972687
1.6125001367	3.943428
1.6145834703	8.306477
1.6166668038	1.859966
1.6187501373	-4.440629
1.6208334708	-3.694326
1.6229168043	0.5122392
1.6250001378	1.264574
1.6270834713	-1.441618
1.6291668048	-0.641479
1.6312501383	1.256924
1.6333334718	1.536917
1.6354168054	-1.543025
1.6375001389	-1.711613
1.6395834724	0.331732
1.6416668059	-0.05733316
1.6437501394	0.9103279
1.6458334729	3.008586
1.6479168064	7.070152
1.6500001399	3.045029
1.6520834734	-2.934892
1.6541668069	-2.764649
1.6562501405	0.1006359
1.658333474	0.6643335
1.6604168075	-2.592292
1.662500141	-0.2777046
1.6645834745	1.176506
1.666666808	1.508471
1.6687501415	-0.07920983
1.670833475	-0.9464293
1.6729168085	-1.021004
1.675000142	-1.48357
1.6770834756	0.7364402
1.6791668091	2.956099
1.6812501426	7.102254
1.6833334761	4.882953
1.6854168096	-2.718033
1.6875001431	-3.438975
1.6895834766	-0.4565495
1.6916668101	0.8276581
1.6937501436	-1.293795
1.6958334771	-0.7095176
1.6979168107	0.5491747
1.7000001442	0.4601727
1.7020834777	0.612647
1.7041668112	-0.6356784
1.7062501447	0.009903441
1.7083334782	-1.581204
1.7104168117	0.0001610292
1.7125001452	1.993236
1.7145834787	5.642993
1.7166668122	5.760186
1.7187501458	0.07029638
1.7208334793	-2.70527
1.7229168128	-1.390114
1.7250001463	0.06442343
1.7270834798	-1.212378
1.7291668133	-1.020694
1.7312501468	0.8235574
1.7333334803	0.57456
1.7354168138	0.9503037
1.7375001473	-0.1191936
1.7395834809	-0.5539898
1.7416668144	-2.339509
1.7437501479	-0.8259431
1.7458334814	2.578491
1.7479168149	4.687475
1.7500001484	6.833162
1.7520834819	1.263424
1.7541668154	-2.804701
1.7562501489	-2.175207
1.7583334824	-0.5162065
1.760416816	-0.2969155
1.7625001495	-0.6978808
1.764583483	0.2951595
1.7666668165	-0.04658945
1.76875015	0.6204251
1.7708334835	1.359294
1.772916817	-0.5229208
1.7750001505	-2.036018
1.777083484	-2.053677
1.7791668175	2.23467
1.7812501511	4.154072
1.7833334846	6.03487
1.7854168181	2.923283
1.7875001516	-1.603707
1.7895834851	-2.334101
1.7916668186	-1.707682
1.7937501521	-0.7183612
1.7958334856	0.2500542
1.7979168191	0.09901308
1.8000001526	0.108934
1.8020834862	-0.543182
1.8041668197	1.018112
1.8062501532	-0.2436977
1.8083334867	-0.935125
1.8104168202	-2.677162
1.8125001537	2.192775
1.8145834872	3.577894
1.8166668207	4.948088
1.8187501542	3.45301
1.8208334877	-0.05167024
1.8229168213	-1.335928
1.8250001548	-1.721458
1.8270834883	-0.5003956
1.8291668218	-0.9228896
1.8312501553	0.5290879
1.8333334888	-0.2016017
1.8354168223	-0.3178473
1.8375001558	1.610316
1.8395834893	1.113041
1.8416668228	-1.672312
1.8437501564	-3.99033
1.8458334899	0.7994689
1.8479168234	4.638238
1.8500001569	4.368246
1.8520834904	4.678192
1.8541668239	0.2786752
1.8562501574	-1.356276
1.8583334909	-3.215065
1.8604168244	-0.8694852
1.8625001579	0.869881
1.8645834915	0.5661758
1.866666825	-0.7178375
1.8687501585	-1.851155
1.870833492	1.786851
1.8729168255	1.518851
1.875000159	-0.7346123
1.8770834925	-3.094486
1.879166826	-0.4577025
1.8812501595	4.474973
1.883333493	2.847391
1.8854168266	4.219897
1.8875001601	2.922724
1.8895834936	-0.3023157
1.8916668271	-2.834418
1.8937501606	-2.32838
1.8958334941	0.7079962
1.8979168276	0.3743848
1.9000001611	-0.4267232
1.9020834946	-2.107853
1.9041668281	1.459067
1.9062501617	2.717583
1.9083334952	-0.8453566
1.9104168287	-3.786262
1.9125001622	-1.655003
1.9145834957	4.083593
1.9166668292	3.018353
1.9187501627	4.137201
1.9208334962	4.019308
1.9229168297	0.5309645
1.9250001632	-3.724319
1.9270834968	-3.506881
1.9291668303	1.407256
1.9312501638	1.93382
1.9333334973	-0.9860766
1.9354168308	-2.567142
1.9375001643	0.1603138
1.9395834978	3.306355
1.9416668313	-0.170944
1.9437501648	-2.513402
1.9458334983	-1.945474
1.9479168319	2.940118
1.9500001654	2.561521
1.9520834989	2.482795
1.9541668324	5.596227
1.9562501659	2.415635
1.9583334994	-3.030171
1.9604168329	-3.91562
1.9625001664	-0.1408236
1.9645834999	1.694484
1.9666668334	-0.6251016
1.968750167	-2.072355
1.9708335005	-0.349414
1.972916834	3.485205
1.9750001675	0.1191505
1.977083501	-3.182343
1.9791668345	-2.440775
1.981250168	1.862811
1.9833335015	3.151583
1.985416835	2.169595
1.9875001685	6.04085
1.9895835021	2.860712
1.9916668356	-2.477741
1.9937501691	-4.484281
1.9958335026	-0.03087288
1.9979168361	2.352516
2.0000001696	-0.9436809
2.0020835031	-2.349459
2.0041668366	-0.4922259
2.0062501701	3.07275
2.0083335036	1.162181
2.0104168372	-2.16854
2.0125001707	-2.104285
2.0145835042	0.1395749
2.0166668377	2.321168
2.0187501712	1.683071
2.0208335047	5.922525
2.0229168382	5.485263
2.0250001717	-1.687804
2.0270835052	-5.058805
2.0291668387	-1.747489
2.0312501723	2.371072
2.0333335058	-0.03431393
2.0354168393	-1.911995
2.0375001728	-0.5863715
2.0395835063	1.680207
2.0416668398	1.296622
2.0437501733	-2.263405
2.0458335068	-1.100201
2.0479168403	-0.1328962
2.0500001738	2.00414
2.0520835074	1.02793
2.0541668409	4.755495
2.0562501744	6.490129
2.0583335079	-0.5073246
2.0604168414	-3.955384
2.0625001749	-2.226519
2.0645835084	2.135446
2.0666668419	-0.5215898
2.0687501754	-1.89002
2.0708335089	-0.9573706
2.0729168425	2.310163
2.075000176	1.71574
2.0770835095	-1.579129
2.079166843	-2.045466
2.0812501765	-0.8123997
2.08333351	0.7803393
2.0854168435	1.931624
2.087500177	4.388217
2.0895835105	7.235083
2.091666844	0.6411038
2.0937501776	-4.357865
2.0958335111	-3.089946
2.0979168446	1.809663
2.1000001781	0.4028947
2.1020835116	-1.587745
2.1041668451	-0.870541
2.1062501786	0.8818411
2.1083335121	1.557325
2.1104168456	-0.5022797
2.1125001791	-0.9297531
2.1145835127	-0.8937329
2.1166668462	-0.9163572
2.1187501797	1.28924
2.1208335132	3.396445
2.1229168467	7.77453
2.1250001802	2.629213
2.1270835137	-3.367532
2.1291668472	-3.445457
2.1312501807	-0.1634174
2.1333335142	1.258514
2.1354168478	-2.141942
2.1375001813	-0.07243747
2.1395835148	0.4584701
2.1416668483	1.161826
2.1437501818	-0.7801923
2.1458335153	-0.6725071
2.1479168488	-0.3969691
2.1500001823	-1.56415
2.1520835158	1.244352
2.1541668493	2.93548
2.1562501829	6.650053
2.1583335164	4.353327
2.1604168499	-2.584548
2.1625001834	-3.11327
2.1645835169	-0.2950539
2.1666668504	0.4589673
2.1687501839	-1.944587
2.1708335174	-0.4113944
2.1729168509	0.9977226
2.1750001844	0.4002805
2.177083518	0.316264
2.1791668515	-0.7150075
2.181250185	-0.694804
2.1833335185	-2.563978
2.185416852	0.3094232
2.1875001855	3.189085
2.189583519	6.48001
2.1916668525	4.866184
2.193750186	-1.2098
2.1958335195	-3.052946
2.1979168531	-1.990266
2.2000001866	0.244879
2.2020835201	-0.8324788
2.2041668536	0.0483645
2.2062501871	0.786063
2.2083335206	-0.5531625
2.2104168541	0.258226
2.2125001876	0.1256715
2.2145835211	0.01248465
2.2166668546	-2.461829
2.2187501882	-0.8773803
2.2208335217	3.376169
2.2229168552	4.791313
2.2250001887	5.444412
2.2270835222	0.773855
2.2291668557	-2.125325
2.2312501892	-1.840977
2.2333335227	-0.802974
2.2354168562	-1.083369
2.2375001897	-0.3255453
2.2395835233	0.66893
2.2416668568	-0.2081532
2.2437501903	0.5163842
2.2458335238	1.052481
2.2479168573	-0.3567569
2.2500001908	-2.845765
2.2520835243	-1.592819
2.2541668578	2.951146
2.2562501913	4.819966
2.2583335248	5.511298
2.2604168584	1.929279
2.2625001919	-1.597385
2.2645835254	-2.295149
2.2666668589	-1.002239
2.2687501924	-0.1072671
2.2708335259	-0.5096029
2.2729168594	0.8112925
2.2750001929	-1.14886
2.2770835264	-0.3057793
2.2791668599	1.550568
2.2812501935	1.069495
2.283333527	-2.655497
2.2854168605	-2.980747
2.287500194	2.07257
2.2895835275	4.376422
2.291666861	5.14944
2.2937501945	4.109669
2.295833528	-0.6249853
2.2979168615	-2.518942
2.300000195	-2.548661
2.3020835286	-0.9065893
2.3041668621	0.7672166
2.3062501956	1.35221
2.3083335291	-0.8198785
2.3104168626	-1.502545
2.3125001961	1.860736
2.3145835296	0.8809934
2.3166668631	-1.455211
2.3187501966	-3.59515
2.3208335301	1.11846
2.3229168637	4.137048
2.3250001972	4.51945
2.3270835307	3.819049
2.3291668642	1.289672
2.3312501977	-1.457466
2.3333335312	-3.026525
2.3354168647	-2.199883
2.3375001982	0.9118537
2.3395835317	0.8665962
2.3416668652	-0.01877121
2.3437501988	-1.860598
2.3458335323	1.455558
2.3479168658	1.123077
2.3500001993	-0.9803025
2.3520835328	-3.543564
2.3541668663	0.07907762
2.3562501998	4.375582
2.3583335333	3.784583
2.3604168668	3.514254
2.3625002003	2.566092
2.3645835339	-0.0308052
2.3666668674	-3.160836
2.3687502009	-2.439771
2.3708335344	0.5727567
2.3729168679	0.6404467
2.3750002014	-0.1358296
2.3770835349	-2.103336
2.3791668684	1.115224
2.3812502019	2.749027
2.3833335354	-0.7671016
2.385416869	-4.158696
2.3875002025	-1.488627
2.389583536	4.045995
2.3916668695	3.285781
2.393750203	4.112032
2.3958335365	4.354489
2.39791687	0.2599933
2.4000002035	-3.889318
2.402083537	-3.998746
2.4041668705	0.8201562
2.4062502041	2.223415
2.4083335376	-0.297491
2.4104168711	-2.20866
2.4125002046	0.02889626
2.4145835381	2.491542
2.4166668716	-1.078814
2.4187502051	-2.103755
2.4208335386	-1.43457
2.4229168721	3.018323
2.4250002056	2.286811
2.4270835392	2.90994
2.4291668727	5.240575
2.4312502062	1.990836
2.4333335397	-2.416109
2.4354168732	-4.259756
2.4375002067	-0.1119582
2.4395835402	1.527985
2.4416668737	-0.7776762
2.4437502072	-1.576664
2.4458335407	0.3282018
2.4479168743	2.982551
2.4500002078	-0.2213251
2.4520835413	-2.89659
2.4541668748	-2.37214
2.4562502083	1.636326
2.4583335418	2.953634
2.4604168753	2.549032
2.4625002088	6.445912
2.4645835423	3.139005
2.4666668758	-3.395216
2.4687502094	-4.868748
2.4708335429	-0.1935344
2.4729168764	2.344378
2.4750002099	-0.04833055
2.4770835434	-2.113078
2.4791668769	-0.8085652
2.4812502104	2.496398
2.4833335439	0.8038431
2.4854168774	-2.433446
2.4875002109	-1.996927
2.4895835445	0.8034704
2.491666878	2.354407
2.4937502115	1.844259
2.495833545	5.889856
2.4979168785	4.83262
2.500000212	-2.164374
2.5020835455	-4.346199
2.504166879	-1.529996
2.5062502125	2.697913
2.508333546	-0.894572
2.5104168796	-1.588733
2.5125002131	-0.7957304
2.5145835466	2.160908
2.5166668801	1.255132
2.5187502136	-1.598329
2.5208335471	-2.066922
2.5229168806	-0.7021189
2.5250002141	1.734532
2.5270835476	1.438533
2.5291668811	5.733015
2.5312502147	6.495802
2.5333335482	-0.881008
2.5354168817	-4.768928
2.5375002152	-2.654292
2.5395835487	1.645862
2.5416668822	0.7205597
2.5437502157	-1.482758
2.5458335492	-0.6160282
2.5479168827	1.221963
2.5500002162	1.493411
2.5520835498	-2.120022
2.5541668833	-0.7139332
2.5562502168	-0.4228446
2.5583335503	0.5371578
2.5604168838	1.371082
2.5625002173	4.381288
2.5645835508	7.113379
2.5666668843	0.4847403
2.5687502178	-3.576222
2.5708335513	-2.68751
2.5729168849	0.5454227
2.5750002184	0.3123574
2.5770835519	-1.542784
2.5791668854	-0.1852112
2.5812502189	1.195194
2.5833335524	0.9850804
2.5854168859	-1.012973
2.5875002194	-0.810293
2.5895835529	-1.074326
2.5916668864	-0.9796168
2.59375022	2.014222
2.5958335535	4.23267
2.597916887	7.286256
2.6000002205	1.836499
2.602083554	-3.276668
2.6041668875	-3.599028
2.606250221	0.3179613
2.6083335545	0.9292962
2.610416888	-1.146451
2.6125002215	0.263012
2.6145835551	-0.09574112
2.6166668886	0.1191299
2.6187502221	-0.4208103
2.6208335556	0.2710864
2.6229168891	-0.5428279
2.6250002226	-1.469234
2.6270835561	0.7839624
2.6291668896	3.307916
2.6312502231	7.036112
2.6333335566	3.300422
2.6354168902	-1.96255
2.6375002237	-2.78848
2.6395835572	-0.5300812
2.6416668907	-0.2222137
2.6437502242	-1.301759
2.6458335577	0.1699337
2.6479168912	0.6041687
2.6500002247	0.2556504
2.6520835582	0.3804346
2.6541668917	-0.07937824
2.6562502253	-0.6512606
2.6583335588	-2.754464
2.6604168923	-0.04295073
2.6625002258	4.007603
2.6645835593	6.687573
2.6666668928	4.355366
2.6687502263	-1.469501
2.6708335598	-2.883697
2.6729168933	-1.554287
2.6750002268	-0.163264
2.6770835604	-0.226639
2.6791668939	0.1059472
2.6812502274	0.1950011
2.6833335609	-0.8784155
2.6854168944	0.3195863
2.6875002279	0.658324
2.6895835614	0.1881123
2.6916668949	-2.559702
2.6937502284	-1.026717
2.6958335619	3.456667
2.6979168955	5.204171
2.700000229	5.780367
2.7020835625	0.1341244
2.704166896	-1.435663
2.7062502295	-2.332583
2.708333563	-1.530848
2.7104168965	-0.5730985
2.71250023	0.7112626
2.7145835635	0.8758122
2.716666897	-1.22999
2.7187502306	0.3393002
2.7208335641	1.31046
2.7229168976	-0.5794751
2.7250002311	-2.551067
2.7270835646	-1.87201
2.7291668981	3.489843
2.7312502316	4.669261
2.7333335651	5.188461
2.7354168986	1.781721
2.7375002321	-1.579592
2.7395835657	-1.770627
2.7416668992	-2.117032
2.7437502327	-0.2837535
2.7458335662	0.5582553
2.7479168997	0.8176201
2.7500002332	-1.405167
2.7520835667	-0.5302697
2.7541669002	2.110107
2.7562502337	0.5533375
2.7583335672	-2.534829
2.7604169008	-2.889877
2.7625002343	2.512589
2.7645835678	4.510736
2.7666669013	4.811111
2.7687502348	3.675299
2.7708335683	-0.4764982
2.7729169018	-2.12732
2.7750002353	-2.805181
2.7770835688	-0.8334264
2.7791669023	1.215046
2.7812502359	1.093201
2.7833335694	-1.346036
2.7854169029	-1.582528
2.7875002364	2.025862
2.7895835699	1.173685
2.7916669034	-1.797879
2.7937502369	-3.386498
2.7958335704	1.038083
2.7979169039	4.193733
2.8000002374	4.303145
2.802083571	4.362755
2.8041669045	1.066703
2.806250238	-1.396801
2.8083335715	-3.48244
2.810416905	-2.005116
2.8125002385	1.248779
2.814583572	1.662718
2.8166669055	-0.740016
2.818750239	-2.141894
2.8208335725	1.899592
2.8229169061	1.58796
2.8250002396	-1.68004
2.8270835731	-3.552422
2.8291669066	0.06349456
2.8312502401	4.809091
2.8333335736	3.304809
2.8354169071	4.27608
2.8375002406	2.398867
2.8395835741	-0.3733058
2.8416669076	-3.501274
2.8437502412	-3.119135
2.8458335747	1.32594
2.8479169082	1.098794
2.8500002417	-0.1926318
2.8520835752	-2.536825
2.8541669087	1.533825
2.8562502422	2.327431
2.8583335757	-0.9826656
2.8604169092	-3.766722
2.8625002427	-1.241414
2.8645835763	4.03175
2.8666669098	3.294707
2.8687502433	4.335628
2.8708335768	3.838923
2.8729169103	0.2686354
2.8750002438	-3.816433
2.8770835773	-3.743645
2.8791669108	0.8314415
2.8812502443	2.302992
2.8833335778	-0.157966
2.8854169114	-2.518814
2.8875002449	-0.06531442
2.8895835784	2.708009
2.8916669119	-0.5684024
2.8937502454	-2.534091
2.8958335789	-2.084964
2.8979169124	3.279599
2.9000002459	3.049575
2.9020835794	3.179603
2.9041669129	4.737188
2.9062502465	1.885046
2.90833358	-2.718071
2.9104169135	-4.280074
2.912500247	0.1830251
2.9145835805	1.739329
2.916666914	0.02432531
2.9187502475	-2.055675
2.920833581	-0.5542789
2.9229169145	3.044593
2.925000248	0.4044864
2.9270835816	-2.833834
2.9291669151	-2.67305
2.9312502486	2.160207
2.9333335821	2.671168
2.9354169156	2.950006
2.9375002491	6.090366
2.9395835826	2.974696
2.9416669161	-2.884262
2.9437502496	-4.854879
2.9458335831	-0.6017877
2.9479169167	2.213221
2.9500002502	0.3056188
2.9520835837	-1.674162
2.9541669172	-1.269094
2.9562502507	2.763215
2.9583335842	0.5931367
2.9604169177	-2.121097
2.9625002512	-2.191972
2.9645835847	1.001955
2.9666669182	2.23362
2.9687502518	2.286136
2.9708335853	5.994724
2.9729169188	4.509163
2.9750002523	-2.134478
2.9770835858	-4.838999
2.9791669193	-1.649938
2.9812502528	2.375679
2.9833335863	0.09521228
2.9854169198	-1.048698
2.9875002533	-1.011658
2.9895835869	1.499798
2.9916669204	0.9055743
2.9937502539	-1.705925
2.9958335874	-1.430233
2.9979169209	-0.4694747
3.0000002544	1.874055
3.0020835879	1.773474
3.0041669214	5.799824
3.0062502549	5.778049
3.0083335884	-1.011517
3.010416922	-4.80863
3.0125002555	-2.022951
3.014583589	1.694419
3.0166669225	0.4102592
3.018750256	-0.8494216
3.0208335895	-0.8307039
3.022916923	1.408182
3.0250002565	1.044746
3.02708359	-1.555886
3.0291669235	-1.438443
3.0312502571	-0.583806
3.0333335906	0.8709094
3.0354169241	2.017001
3.0375002576	4.758992
3.0395835911	6.85142
3.0416669246	-0.2740267
3.0437502581	-4.116356
3.0458335916	-2.807245
3.0479169251	1.607503
3.0500002586	0.4767822
3.0520835922	-1.556928
3.0541669257	-0.5521647
3.0562502592	0.6151451
3.0583335927	1.184977
3.0604169262	-0.3628332
3.0625002597	-1.090032
3.0645835932	-0.9672352
3.0666669267	-0.5128132
3.0687502602	1.545213
3.0708335937	4.348715
3.0729169273	7.450618
3.0750002608	1.443237
3.0770835943	-3.770055
3.0791669278	-2.67764
3.0812502613	0.002044145
3.0833335948	0.7761844
3.0854169283	-1.19608
3.0875002618	0.02048101
3.0895835953	0.2434054
3.0916669288	0.7418785
3.0937502624	-0.4753795
3.0958335959	-0.4501798
3.0979169294	-0.7990784
3.1000002629	-1.697754
3.1020835964	1.042796
3.1041669299	4.141003
3.1062502634	7.094172
3.1083335969	3.404872
3.1104169304	-3.05573
3.1125002639	-3.187088
3.1145835975	-0.4789005
3.116666931	0.448642
3.1187502645	-0.8694947
3.120833598	0.2718155
3.1229169315	0.4219346
3.125000265	-0.08575313
3.1270835985	-0.2294512
3.129166932	0.1342621
3.1312502655	-0.1468557
3.133333599	-2.267838
3.1354169326	0.01736064
3.1375002661	3.501576
3.1395835996	6.4916
3.1416669331	4.810882
3.1437502666	-1.603241
3.1458336001	-2.619167
3.1479169336	-1.43184
3.1500002671	-0.5603062
3.1520836006	-0.7212316
3.1541669341	0.641675
3.1562502677	0.8590134
3.1583336012	-0.8093308
3.1604169347	-0.01838711
3.1625002682	0.3127422
3.1645836017	-0.145347
3.1666669352	-2.45385
3.1687502687	-0.5952464
3.1708336022	3.832325
3.1729169357	5.593517
3.1750002692	5.186147
3.1770836028	-0.5530009
3.1791669363	-2.240916
3.1812502698	-1.105535
3.1833336033	-0.8364465
3.1854169368	-0.6460115
3.1875002703	0.1899193
3.1895836038	0.8004608
3.1916669373	-1.169133
3.1937502708	0.2677673
3.1958336043	1.26595
3.1979169379	0.1434111
3.2000002714	-3.03976
3.2020836049	-1.872596
3.2041669384	3.539722
3.2062502719	5.575854
3.2083336054	5.340062
3.2104169389	1.173291
3.2125002724	-1.804546
3.2145836059	-1.972761
3.2166669394	-1.617497
3.218750273	-0.4007169
3.2208336065	0.8526524
3.22291694	0.9990492
3.2250002735	-1.628778
3.227083607	-0.8264807
3.2291669405	1.837077
3.231250274	0.7740977
3.2333336075	-2.607924
3.235416941	-2.668059
3.2375002745	2.439781
3.2395836081	4.784771
3.2416669416	4.859686
3.2437502751	3.079606
3.2458336086	-0.4724929
3.2479169421	-2.010269
3.2500002756	-2.526479
3.2520836091	-1.066586
3.2541669426	0.657877
3.2562502761	1.225994
3.2583336096	-0.9855511
3.2604169432	-0.8581871
3.2625002767	1.877814
3.2645836102	0.6316622
3.2666669437	-2.086731
3.2687502772	-3.211356
3.2708336107	1.729493
3.2729169442	4.772954
3.2750002777	4.102406
3.2770836112	3.383537
3.2791669447	1.21357
3.2812502783	-1.732797
3.2833336118	-2.95492
3.2854169453	-1.603524
3.2875002788	0.7852892
3.2895836123	1.040215
3.2916669458	-0.6145185
3.2937502793	-1.905691
3.2958336128	1.978686
3.2979169463	1.415507
3.3000002798	-2.010228
3.3020836134	-3.419752
3.3041669469	0.9054931
3.3062502804	4.412289
3.3083336139	3.273232
3.3104169474	4.680088
3.3125002809	2.635865
3.3145836144	-1.308918
3.3166669479	-3.736948
3.3187502814	-1.912548
3.3208336149	1.263901
3.3229169485	1.365367
3.325000282	-0.4266611
3.3270836155	-2.060142
3.329166949	1.537089
3.3312502825	1.818551
3.333333616	-1.208883
3.3354169495	-3.570138
3.337500283	-0.4746806
3.3395836165	3.865681
3.34166695	3.161714
3.3437502836	4.361864
3.3458336171	4.0154
3.3479169506	-0.431127
3.3500002841	-3.781138
3.3520836176	-3.176472
3.3541669511	1.261003
3.3562502846	1.29285
3.3583336181	-0.3778314
3.3604169516	-2.141066
3.3625002851	0.9383623
3.3645836187	2.460729
3.3666669522	-0.9315536
3.3687502857	-2.755437
3.3708336192	-1.450619
3.3729169527	3.186802
3.3750002862	2.528799
3.3770836197	4.026169
3.3791669532	5.137308
3.3812502867	1.08592
3.3833336202	-3.398867
3.3854169538	-3.604602
3.3875002873	0.4383763
3.3895836208	1.252804
3.3916669543	-0.1845673
3.3937502878	-1.785651
3.3958336213	0.06297829
3.3979169548	2.705721
3.4000002883	-0.2857355
3.4020836218	-2.731734
3.4041669553	-2.307617
3.4062502889	2.252499
3.4083336224	2.773544
3.4104169559	3.167876
3.4125002894	5.986632
3.4145836229	1.999702
3.4166669564	-3.084228
3.4187502899	-4.547933
3.4208336234	-0.01133759
3.4229169569	2.406305
3.4250002904	-0.6194234
3.427083624	-1.456401
3.4291669575	-0.6716701
3.431250291	2.523132
3.4333336245	0.01547231
3.435416958	-2.213216
3.4375002915	-2.041213
3.439583625	1.294954
3.4416669585	2.779354
3.443750292	2.180541
3.4458336255	5.560985
3.4479169591	4.225142
3.4500002926	-2.482473
3.4520836261	-3.979689
3.4541669596	-1.309104
3.4562502931	2.298887
3.4583336266	-0.8442947
3.4604169601	-1.431611
3.4625002936	-0.5587929
3.4645836271	2.252374
3.4666669606	0.9940693
3.4687502942	-2.060259
3.4708336277	-2.198471
3.4729169612	-0.1708252
3.4750002947	1.871121
3.4770836282	2.315052
3.4791669617	5.825225
3.4812502952	5.484472
3.4833336287	-1.758353
3.4854169622	-4.610357
3.4875002957	-1.839139
3.4895836293	2.049099
3.4916669628	0.1838515
3.4937502963	-1.525776
3.4958336298	-0.863458
3.4979169633	1.43295
3.5000002968	1.47864
3.5020836303	-1.581208
3.5041669638	-1.55235
3.5062502973	-0.610285
3.5083336308	1.08355
3.5104169644	1.85181
3.5125002979	5.017962
3.5145836314	6.788011
3.5166669649	-0.03617292
3.5187502984	-4.402492
3.5208336319	-2.78976
3.5229169654	1.717736
3.5250002989	0.3684166
3.5270836324	-1.63433
3.5291669659	-0.04186567
3.5312502995	0.6761745
3.533333633	1.117784
3.5354169665	-1.026862
3.5375003	-0.7056953
3.5395836335	-1.001258
3.541666967	-0.3461319
3.5437503005	1.575728
3.545833634	4.383607
3.5479169675	7.638373
3.550000301	1.069366
3.5520836346	-3.769995
3.5541669681	-3.167769
3.5562503016	0.4258983
3.5583336351	0.750353
3.5604169686	-1.175297
3.5625003021	0.4336063
3.5645836356	0.08985686
3.5666669691	0.4714202
3.5687503026	-0.3655784
3.5708336361	-0.2217258
3.5729169697	-1.083267
3.5750003032	-1.321458
3.5770836367	1.927303
3.5791669702	3.687203
3.5812503037	6.85651
3.5833336372	2.833174
3.5854169707	-2.78619
3.5875003042	-2.832455
3.5895836377	-0.3935267
3.5916669712	0.3127828
3.5937503048	-1.143054
3.5958336383	0.4807949
3.5979169718	-0.1731533
3.6000003053	0.3273227
3.6020836388	0.2730682
3.6041669723	-0.2082087
3.6062503058	-0.820339
3.6083336393	-2.142415
3.6104169728	0.410803
3.6125003063	3.803233
3.6145836399	6.676472
3.6166669734	4.272964
3.6187503069	-1.986272
3.6208336404	-2.558206
3.6229169739	-1.374306
3.6250003074	-0.2050209
3.6270836409	-0.7333252
3.6291669744	0.5665223
3.6312503079	1.105716
3.6333336414	-0.7376317
3.635416975	0.06417474
3.6375003085	0.01776413
3.639583642	0.2055792
3.6416669755	-2.61214
3.643750309	0.1993916
3.6458336425	3.568207
3.647916976	5.378118
3.6500003095	4.354989
3.652083643	0.1632671
3.6541669765	-2.102822
3.6562503101	-1.044014
3.6583336436	-0.9805787
3.6604169771	-0.8531263
3.6625003106	-0.6125876
3.6645836441	1.256481
3.6666669776	-0.9948918
3.6687503111	0.6012284
3.6708336446	1.085922
3.6729169781	-0.1145158
3.6750003116	-3.504905
3.6770836452	-1.356465
3.6791669787	3.364974
3.6812503122	5.621117
3.6833336457	5.611796
3.6854169792	1.132927
3.6875003127	-2.143141
3.6895836462	-2.530982
3.6916669797	-1.43256
3.6937503132	0.004981439
3.6958336467	0.7620227
3.6979169803	1.117114
3.7000003138	-1.855259
3.7020836473	-0.1125803
3.7041669808	1.570021
3.7062503143	0.4977122
3.7083336478	-2.782561
3.7104169813	-1.952935
3.7125003148	3.009412
3.7145836483	4.325267
3.7166669818	4.718655
3.7187503154	3.13031
3.7208336489	-0.55626
3.7229169824	-2.145642
3.7250003159	-2.523463
3.7270836494	-0.5417796
3.7291669829	0.4525486
3.7312503164	0.7072932
3.7333336499	-1.063714
3.7354169834	-0.3332011
3.7375003169	1.966501
3.7395836505	0.2007636
3.741666984	-2.278298
3.7437503175	-2.76075
3.745833651	2.083108
3.7479169845	4.435575
3.750000318	4.081752
3.7520836515	4.075118
3.754166985	0.4100624
3.7562503185	-1.364255
3.758333652	-3.468293
3.7604169856	-0.7094419
3.7625003191	0.7242167
3.7645836526	0.6925455
3.7666669861	-1.017053
3.7687503196	-0.9004149
3.7708336531	1.999056
3.7729169866	1.199436
3.7750003201	-2.394264
3.7770836536	-3.319067
3.7791669871	0.8392392
3.7812503207	4.631105
3.7833336542	3.568524
3.7854169877	4.47147
3.7875003212	2.151024
3.7895836547	-1.489822
3.7916669882	-3.970422
3.7937503217	-1.623206
3.7958336552	1.326906
3.7979169887	1.345501
3.8000003222	-1.00776
3.8020836558	-1.775991
3.8041669893	1.358094
3.8062503228	2.388054
3.8083336563	-1.642333
3.8104169898	-3.295172
3.8125003233	-0.345817
3.8145836568	4.10233
3.8166669903	2.799519
3.8187503238	4.307616
3.8208336573	4.215292
3.8229169909	-0.4099906
3.8250003244	-3.75168
3.8270836579	-3.341973
3.8291669914	1.409368
3.8312503249	1.709773
3.8333336584	-0.7798773
3.8354169919	-1.755158
3.8375003254	1.017177
3.8395836589	2.584003
3.8416669924	-1.690631
3.843750326	-2.807317
3.8458336595	-1.01987
3.847916993	4.029177
3.8500003265	2.395072
3.85208366	3.951276
3.8541669935	4.899092
3.856250327	0.9420995
3.8583336605	-3.860212
3.860416994	-3.034407
3.8625003275	1.178181
3.8645836611	1.390161
3.8666669946	-0.8707749
3.8687503281	-1.967294
3.8708336616	1.088383
3.8729169951	3.102322
3.8750003286	-0.9145712
3.8770836621	-3.118888
3.8791669956	-1.431623
3.8812503291	2.47148
3.8833336626	2.616897
3.8854169962	3.394341
3.8875003297	6.519859
3.8895836632	1.55707
3.8916669967	-3.684354
3.8937503302	-4.152932
3.8958336637	0.9725277
3.8979169972	1.554785
3.9000003307	-0.3401914
3.9020836642	-1.594557
3.9041669977	0.08416019
3.9062503313	2.723325
3.9083336648	-0.2238945
3.9104169983	-2.541373
3.9125003318	-1.533662
3.9145836653	1.39801
3.9166669988	2.308667
3.9187503323	2.711673
3.9208336658	6.966841
3.9229169993	3.423125
3.9250003328	-2.887241
3.9270836664	-4.586092
3.9291669999	-0.09092411
3.9312503334	2.186964
3.9333336669	-0.6864722
3.9354170004	-1.316083
3.9375003339	0.1777834
3.9395836674	2.452742
3.9416670009	-0.001824002
3.9437503344	-2.04834
3.9458336679	-1.260994
3.9479170015	0.3796837
3.950000335	1.684283
3.9520836685	1.977485
3.954167002	6.128414
3.9562503355	5.32677
3.958333669	-2.208368
3.9604170025	-4.358682
3.962500336	-1.076341
3.9645836695	1.86335
3.966667003	-1.002828
3.9687503366	-1.037867
3.9708336701	-0.1607002
3.9729170036	1.700047
3.9750003371	0.6658972
3.9770836706	-1.478137
3.9791670041	-1.275098
3.9812503376	-0.5670212
3.9833336711	1.131656
3.9854170046	1.777051
3.9875003381	5.73885
3.9895836717	6.477725
3.9916670052	-0.967022
3.9937503387	-4.226876
3.9958336722	-1.796448
3.9979170057	1.614618
4.0000003392	-0.4372459
4.0020836727	-1.239249
4.0041670062	0.0950189
4.0062503397	0.8834898
4.0083336732	1.069182
4.0104170068	-1.018809
4.0125003403	-1.037972
4.0145836738	-1.42549
4.0166670073	0.1140678
4.0187503408	1.956854
4.0208336743	4.830888
4.0229170078	7.189909
4.0250003413	0.7511883
4.0270836748	-4.058251
4.0291670083	-2.598335
4.0312503419	0.6685805
4.0333336754	-0.04680121
4.0354170089	-0.797136
4.0375003424	0.2546163
4.0395836759	0.3969067
4.0416670094	0.8485774
4.0437503429	-0.4215644
4.0458336764	-0.3795291
4.0479170099	-1.382081
4.0500003434	-0.6477696
4.052083677	1.39161
4.0541670105	4.392606
4.056250344	6.694285
4.0583336775	2.810249
4.060417011	-2.958733
4.0625003445	-3.162747
4.064583678	-0.3124044
4.0666670115	0.4187333
4.068750345	-1.029111
4.0708336785	0.3258362
4.0729170121	0.3747627
4.0750003456	0.1328238
4.0770836791	-0.1172702
4.0791670126	-0.3766133
4.0812503461	-0.6817884
4.0833336796	-1.709589
4.0854170131	1.011832
4.0875003466	3.638777
4.0895836801	6.287214
4.0916670136	4.101707
4.0937503472	-2.019908
4.0958336807	-2.579455
4.0979170142	-0.5912914
4.1000003477	-0.01943629
4.1020836812	-0.9595048
4.1041670147	0.07846818
4.1062503482	0.7369182
4.1083336817	-0.1819779
4.1104170152	0.6849476
4.1125003487	0.5680398
4.1145836823	-0.8848018
4.1166670158	-2.730097
4.1187503493	0.3103333
4.1208336828	3.842082
4.1229170163	5.700411
4.1250003498	4.927141
4.1270836833	-0.5363362
4.1291670168	-2.490233
4.1312503503	-1.946689
4.1333336838	-0.5561848
4.1354170174	-0.3888077
4.1375003509	0.5328175
4.1395836844	0.6822709
4.1416670179	-1.380934
4.1437503514	0.4014607
4.1458336849	0.9327703
4.1479170184	-0.07135105
4.1500003519	-2.932737
4.1520836854	-0.9014001
4.1541670189	3.76425
4.1562503525	5.072786
4.158333686	5.228701
4.1604170195	0.7846956
4.162500353	-1.343781
4.1645836865	-2.127805
4.16666702	-1.721713
4.1687503535	-0.2570117
4.170833687	0.7340822
4.1729170205	1.13714
4.175000354	-1.432982
4.1770836876	0.1175916
4.1791670211	1.668559
4.1812503546	-0.3063284
4.1833336881	-2.71414
4.1854170216	-2.019803
4.1875003551	3.480345
4.1895836886	4.617595
4.1916670221	4.491252
4.1937503556	2.556441
4.1958336891	-0.3977665
4.1979170227	-2.110579
4.2000003562	-2.680515
4.2020836897	-0.4033185
4.2041670232	0.5683257
4.2062503567	0.5483617
4.2083336902	-1.096768
4.2104170237	-0.2652428
4.2125003572	2.468411
4.2145836907	0.2262641
4.2166670242	-2.521317
4.2187503578	-3.09677
4.2208336913	3.079584
4.2229170248	4.397241
4.2250003583	4.135532
4.2270836918	3.761001
4.2291670253	0.6757745
4.2312503588	-1.804
4.2333336923	-3.450756
4.2354170258	-0.5460525
4.2375003593	1.365688
4.2395836929	0.8714656
4.2416670264	-1.431881
4.2437503599	-1.610004
4.2458336934	2.421681
4.2479170269	1.12431
4.2500003604	-2.082112
4.2520836939	-3.910788
4.2541670274	2.037353
4.2562503609	3.840735
4.2583336944	3.628184
4.260417028	4.887021
4.2625003615	2.125859
4.264583695	-1.999539
4.2666670285	-4.145601
4.268750362	-1.336073
4.2708336955	1.980557
4.272917029	1.097832
4.2750003625	-1.272742
4.277083696	-1.536524
4.2791670295	2.321471
4.2812503631	1.426309
4.2833336966	-1.876001
4.2854170301	-3.001666
4.2875003636	0.6725508
4.2895836971	3.588252
4.2916670306	2.331123
4.2937503641	4.947542
4.2958336976	4.028835
4.2979170311	-0.8993144
4.3000003646	-3.830573
4.3020836982	-2.824258
4.3041670317	1.480252
4.3062503652	0.4765805
4.3083336987	-0.9383481
4.3104170322	-1.324277
4.3125003657	2.112892
4.3145836992	1.813361
4.3166670327	-2.309769
4.3187503662	-2.404919
4.3208336997	-0.5790128
4.3229170333	3.388002
4.3250003668	2.330069
4.3270837003	4.7135
4.3291670338	4.931
4.3312503673	0.1105391
4.3333337008	-3.998208
4.3354170343	-2.880951
4.3375003678	1.456175
4.3395837013	0.8537371
4.3416670348	-1.180791
4.3437503684	-1.577318
4.3458337019	1.284697
4.3479170354	2.702099
4.3500003689	-0.8831753
4.3520837024	-3.101168
4.3541670359	-1.364947
4.3562503694	2.585593
4.3583337029	1.972924
4.3604170364	3.898018
4.3625003699	6.619542
4.3645837035	1.580091
4.366667037	-4.387984
4.3687503705	-4.001892
4.370833704	0.9125733
4.3729170375	1.870579
4.375000371	-0.9112048
4.3770837045	-1.481601
4.379167038	0.4289987
4.3812503715	2.322173
4.383333705	-0.7232032
4.3854170386	-1.907243
4.3875003721	-1.326968
4.3895837056	1.322621
4.3916670391	1.863006
4.3937503726	3.256689
4.3958337061	6.595034
4.3979170396	3.14703
4.4000003731	-3.221799
4.4020837066	-4.285667
4.4041670401	-0.04913775
4.4062503737	1.970426
4.4083337072	-0.6509433
4.4104170407	-1.321618
4.4125003742	-0.05168357
4.4145837077	2.296381
4.4166670412	-0.4199788
4.4187503747	-1.65337
4.4208337082	-1.479157
4.4229170417	0.3766938
4.4250003752	1.423227
4.4270837088	2.572476
4.4291670423	6.571867
4.4312503758	4.657153
4.4333337093	-2.497531
4.4354170428	-4.318985
4.4375003763	-0.7976192
4.4395837098	1.511931
4.4416670433	-0.7215803
4.4437503768	-1.018257
4.4458337103	0.07813296
4.4479170439	1.515268
4.4500003774	0.6008198
4.4520837109	-1.305816
4.4541670444	-1.168351
4.4562503779	-0.6515111
4.4583337114	0.7793338
4.4604170449	2.244971
4.4625003784	6.307806
4.4645837119	5.714342
4.4666670454	-1.357891
4.468750379	-4.270328
4.4708337125	-1.68485
4.472917046	1.323782
4.4750003795	-0.1456699
4.477083713	-1.509963
4.4791670465	0.6019902
4.48125038	0.7119298
4.4833337135	0.3496163
4.485417047	-1.485627
4.4875003805	0.1571563
4.4895837141	-1.402556
4.4916670476	0.3100772
4.4937503811	1.967974
4.4958337146	5.398598
4.4979170481	5.916669
4.5000003816	0.3665614
4.5020837151	-3.428725
4.5041670486	-1.356263
4.5062503821	0.1747287
4.5083337156	-0.3016438
4.5104170492	-1.651884
4.5125003827	1.047993
4.5145837162	0.4581974
4.5166670497	0.8959869
4.5187503832	-0.1373741
4.5208337167	-0.3316527
4.5229170502	-2.072926
4.5250003837	-1.298703
4.5270837172	2.51884
4.5291670507	5.02043
4.5312503843	6.782079
4.5333337178	1.499233
4.5354170513	-3.249745
4.5375003848	-2.528144
4.5395837183	-0.1110728
4.5416670518	0.2820955
4.5437503853	-1.110612
4.5458337188	0.6825562
4.5479170523	-0.3721892
4.5500003858	0.1078984
4.5520837194	0.3660631
4.5541670529	0.5240974
4.5562503864	-1.399419
4.5583337199	-2.352202
4.5604170534	1.439724
4.5625003869	4.260479
4.5645837204	6.650012
4.5666670539	3.414485
4.5687503874	-2.172393
4.5708337209	-2.67498
4.5729170545	-0.7252608
4.575000388	-0.2885051
4.5770837215	-0.5473088
4.579167055	0.6866078
4.5812503885	0.05933251
4.583333722	-0.7987441
4.5854170555	1.0253
4.587500389	0.8092526
4.5895837225	-0.9699545
4.591667056	-3.197485
4.5937503896	0.5054208
4.5958337231	4.077233
4.5979170566	6.046394
4.6000003901	4.573114
4.6020837236	-0.6852498
4.6041670571	-2.44093
4.6062503906	-2.004076
4.6083337241	-1.206338
4.6104170576	-0.007103103
4.6125003911	1.151129
4.6145837247	0.6878019
4.6166670582	-1.448213
4.6187503917	0.3997612
4.6208337252	0.8535314
4.6229170587	-0.05616492
4.6250003922	-3.093642
4.6270837257	-0.4401467
4.6291670592	4.269025
4.6312503927	4.918009
4.6333337262	4.562343
4.6354170598	0.8277069
4.6375003933	-1.268946
4.6395837268	-2.288687
4.6416670603	-1.400562
4.6437503938	-0.3522473
4.6458337273	1.019922
4.6479170608	0.7259687
4.6500003943	-1.667666
4.6520837278	0.4824531
4.6541670613	1.503874
4.6562503949	-0.4712139
4.6583337284	-2.918429
4.6604170619	-1.610305
4.6625003954	4.157352
4.6645837289	4.419477
4.6666670624	4.33297
4.6687503959	2.047122
4.6708337294	-0.6588079
4.6729170629	-1.995916
4.6750003964	-2.520122
4.67708373	-0.209008
4.6791670635	0.6846688
4.681250397	0.5412251
4.6833337305	-1.598477
4.685417064	0.2419003
4.6875003975	2.448314
4.689583731	0.1436625
4.6916670645	-3.301061
4.693750398	-2.517247
4.6958337315	3.281208
4.6979170651	4.670737
4.7000003986	4.227823
4.7020837321	3.652138
4.7041670656	-0.04945781
4.7062503991	-2.240202
4.7083337326	-3.387893
4.7104170661	-0.3539809
4.7125003996	1.465942
4.7145837331	0.941272
4.7166670666	-1.633291
4.7187504002	-1.31904
4.7208337337	2.684127
4.7229170672	0.6434484
4.7250004007	-2.416441
4.7270837342	-3.102912
4.7291670677	2.209612
4.7312504012	4.035343
4.7333337347	3.285965
4.7354170682	4.921637
4.7375004017	1.767517
4.7395837353	-1.775861
4.7416670688	-4.114859
4.7437504023	-1.414495
4.7458337358	2.000752
4.7479170693	0.8187224
4.7500004028	-1.199289
4.7520837363	-1.559514
4.7541670698	2.503901
4.7562504033	0.7629307
4.7583337368	-1.754957
4.7604170704	-2.969347
4.7625004039	1.211528
4.7645837374	3.885643
4.7666670709	2.625702
4.7687504044	4.266593
4.7708337379	3.665318
4.7729170714	-0.8482323
4.7750004049	-4.065769
4.7770837384	-2.200784
4.7791670719	1.265049
4.7812504055	1.060845
4.783333739	-0.9227961
4.7854170725	-1.637165
4.787500406	1.861054
4.7895837395	1.974975
4.791667073	-2.185796
4.7937504065	-2.827304
4.79583374	-0.1890664
4.7979170735	3.904359
4.800000407	2.563702
4.8020837406	4.749631
4.8041670741	4.761579
4.8062504076	-0.9566663
4.8083337411	-3.554949
4.8104170746	-2.944036
4.8125004081	1.866647
4.8145837416	0.9841046
4.8166670751	-0.7555188
4.8187504086	-1.689314
4.8208337421	1.354221
4.8229170757	2.784383
4.8250004092	-1.536144
4.8270837427	-2.92584
4.8291670762	-0.9229756
4.8312504097	2.791851
4.8333337432	2.260856
4.8354170767	4.039498
4.8375004102	6.336648
4.8395837437	0.5613151
4.8416670772	-4.087974
4.8437504108	-3.803056
4.8458337443	1.479279
4.8479170778	1.510463
4.8500004113	-0.8963874
4.8520837448	-1.519818
4.8541670783	0.5843933
4.8562504118	2.413912
4.8583337453	-1.075345
4.8604170788	-1.670254
4.8625004123	-1.397748
4.8645837459	1.883625
4.8666670794	1.783329
4.8687504129	3.488556
4.8708337464	6.65939
4.8729170799	2.438152
4.8750004134	-3.433849
4.8770837469	-3.810004
4.8791670804	0.6368337
4.8812504139	1.201296
4.8833337474	-1.051539
4.885417081	-0.940405
4.8875004145	0.4125855
4.889583748	2.323932
4.8916670815	-0.4491932
4.893750415	-1.986977
4.8958337485	-1.73069
4.897917082	0.6554861
4.9000004155	2.033275
4.902083749	2.730779
4.9041670825	6.99937
4.9062504161	3.668793
4.9083337496	-3.238639
4.9104170831	-4.188206
4.9125004166	-0.4414524
4.9145837501	2.229568
4.9166670836	-1.178107
4.9187504171	-1.05477
4.9208337506	0.1106001
4.9229170841	1.73107
4.9250004176	0.3488734
4.9270837512	-1.469818
4.9291670847	-0.8738647
4.9312504182	-0.5991924
4.9333337517	1.077059
4.9354170852	2.085937
4.9375004187	6.47642
4.9395837522	5.724874
4.9416670857	-1.498686
4.9437504192	-4.376963
4.9458337527	-1.428883
4.9479170863	1.294613
4.9500004198	-0.6257132
4.9520837533	-1.006009
4.9541670868	0.6061732
4.9562504203	0.8775375
4.9583337538	0.5465837
4.9604170873	-1.333674
4.9625004208	-0.4909942
4.9645837543	-1.277643
4.9666670878	0.2042817
4.9687504214	1.983739
4.9708337549	5.640434
4.9729170884	7.001303
4.9750004219	-0.7499205
4.9770837554	-3.98744
4.9791670889	-2.153841
4.9812504224	0.9479543
4.9833337559	-0.1000741
4.9854170894	-1.478436
4.9875004229	0.6461614
4.9895837565	0.4924214
4.99166709	0.748491
4.9937504235	-0.8630612
4.995833757	-0.4409455
4.9979170905	-1.17549
5.000000424	-0.7580677
5.0020837575	1.770499
5.004167091	4.914535
5.0062504245	6.931596
5.008333758	1.157078
5.0104170916	-3.297994
5.0125004251	-2.73975
5.0145837586	0.4898621
5.0166670921	-0.2143995
5.0187504256	-1.312129
5.0208337591	0.7023042
5.0229170926	0.2197045
5.0250004261	0.05424977
5.0270837596	-0.2304624
5.0291670931	0.3806134
5.0312504267	-1.286304
5.0333337602	-2.068636
5.0354170937	1.347074
5.0375004272	4.123902
5.0395837607	6.931448
5.0416670942	3.149202
5.0437504277	-2.785467
5.0458337612	-2.548149
5.0479170947	-1.013203
5.0500004282	-0.1761062
5.0520837618	-0.7437725
5.0541670953	0.9295083
5.0562504288	0.3784992
5.0583337623	-0.8150881
5.0604170958	0.7856871
5.0625004293	0.1280222
5.0645837628	-0.7298972
5.0666670963	-2.844116
5.0687504298	0.8653138
5.0708337633	4.05912
5.0729170969	6.134052
5.0750004304	4.060804
5.0770837639	-1.391963
5.0791670974	-2.19607
5.0812504309	-1.8779
5.0833337644	-0.5564487
5.0854170979	-0.5056294
5.0875004314	0.6835332
5.0895837649	0.9128103
5.0916670984	-1.544339
5.093750432	0.4784345
5.0958337655	0.3397596
5.097917099	0.1880048
5.1000004325	-2.943576
5.102083766	-0.182578
5.1041670995	3.5648
5.106250433	5.545773
5.1083337665	4.141142
5.1104171	0.4311619
5.1125004335	-1.630223
5.1145837671	-1.331899
5.1166671006	-1.679062
5.1187504341	-0.6201964
5.1208337676	0.2322833
5.1229171011	0.9350603
5.1250004346	-1.169111
5.1270837681	0.5345474
5.1291671016	1.552994
5.1312504351	-0.7406881
5.1333337686	-3.472249
5.1354171022	-1.506262
5.1375004357	4.327425
5.1395837692	5.09506
5.1416671027	4.721023
5.1437504362	1.605964
5.1458337697	-1.367002
5.1479171032	-2.383902
5.1500004367	-2.206708
5.1520837702	0.2190174
5.1541671037	0.756918
5.1562504373	0.7497984
5.1583337708	-1.995842
5.1604171043	-0.1694395
5.1625004378	2.527899
5.1645837713	0.2873828
5.1666671048	-3.10307
5.1687504383	-2.570221
5.1708337718	2.960885
5.1729171053	4.473649
5.1750004388	4.10619
5.1770837724	3.674064
5.1791671059	-0.04562447
5.1812504394	-2.49074
5.1833337729	-3.228583
5.1854171064	-0.7280236
5.1875004399	1.689297
5.1895837734	0.6565301
5.1916671069	-1.820789
5.1937504404	-0.9224541
5.1958337739	2.864045
5.1979171075	0.4848143
5.200000441	-2.997371
5.2020837745	-2.493859
5.204167108	2.615062
5.2062504415	3.885603
5.208333775	3.290567
5.2104171085	4.681881
5.212500442	1.818322
5.2145837755	-2.251222
5.216667109	-3.89018
5.2187504426	-0.9210411
5.2208337761	1.643433
5.2229171096	0.8608258
5.2250004431	-1.740996
5.2270837766	-0.7730027
5.2291671101	2.629228
5.2312504436	1.115987
5.2333337771	-3.046032
5.2354171106	-2.966343
5.2375004441	1.508876
5.2395837777	4.059998
5.2416671112	2.676762
5.2437504447	5.259464
5.2458337782	2.638451
5.2479171117	-1.598651
5.2500004452	-4.371926
5.2520837787	-1.329499
5.2541671122	1.450913
5.2562504457	0.8660942
5.2583337792	-1.42232
5.2604171128	-1.444919
5.2625004463	2.586345
5.2645837798	1.770621
5.2666671133	-2.251143
5.2687504468	-3.023948
5.2708337803	0.2461222
5.2729171138	3.751452
5.2750004473	2.452084
5.2770837808	5.138742
5.2791671143	4.187945
5.2812504479	-0.79204
5.2833337814	-4.453794
5.2854171149	-2.334504
5.2875004484	1.733992
5.2895837819	1.222191
5.2916671154	-1.39176
5.2937504489	-1.833705
5.2958337824	1.417908
5.2979171159	2.48435
5.3000004494	-1.62521
5.302083783	-2.758577
5.3041671165	-1.026043
5.30625045	2.969301
5.3083337835	2.156692
5.310417117	4.182728
5.3125004505	5.855526
5.314583784	0.6042191
5.3166671175	-4.082978
5.318750451	-3.817765
5.3208337845	1.422412
5.3229171181	1.223301
5.3250004516	-0.9087257
5.3270837851	-1.58642
5.3291671186	0.9432079
5.3312504521	2.518446
5.3333337856	-1.088757
5.3354171191	-2.405769
5.3375004526	-1.180039
5.3395837861	1.993728
5.3416671196	1.847678
5.3437504532	3.293677
5.3458337867	6.899799
5.3479171202	2.249182
5.3500004537	-4.150058
5.3520837872	-4.014795
5.3541671207	0.2330815
5.3562504542	1.878761
5.3583337877	-1.067186
5.3604171212	-1.193513
5.3625004547	0.7446054
5.3645837883	2.116299
5.3666671218	-1.053736
5.3687504553	-2.097496
5.3708337888	-0.7511538
5.3729171223	0.7836294
5.3750004558	1.94686
5.3770837893	2.702207
5.3791671228	6.880367
5.3812504563	3.007785
5.3833337898	-3.001146
5.3854171234	-3.867842
5.3875004569	0.3440936
5.3895837904	1.4021
5.3916671239	-1.423338
5.3937504574	-1.073678
5.3958337909	0.7139757
5.3979171244	1.929212
5.4000004579	0.02587618
5.4020837914	-1.927676
5.4041671249	-1.119399
5.4062504585	-0.500487
5.408333792	1.648271
5.4104171255	2.788888
5.412500459	6.944284
5.4145837925	4.653445
5.416667126	-3.046281
5.4187504595	-4.055625
5.420833793	-0.4790273
5.4229171265	1.545508
5.42500046	-0.8953037
5.4270837936	-1.225672
5.4291671271	0.2593852
5.4312504606	1.183926
5.4333337941	0.4359217
5.4354171276	-0.8696204
5.4375004611	-0.5655674
5.4395837946	-1.322965
5.4416671281	0.1371084
5.4437504616	2.445978
5.4458337951	6.33838
5.4479171287	6.144356
5.4500004622	-1.612569
5.4520837957	-3.546641
5.4541671292	-1.702952
5.4562504627	1.087607
5.4583337962	-0.8973948
5.4604171297	-0.7839749
5.4625004632	0.3514785
5.4645837967	0.5965499
5.4666671302	0.5951995
5.4687504638	-0.6736194
5.4708337973	-0.4152721
5.4729171308	-1.363322
5.4750004643	-0.6923555
5.4770837978	2.354209
5.4791671313	5.145926
5.4812504648	6.844116
5.4833337983	0.2556819
5.4854171318	-3.262265
5.4875004653	-2.150501
5.4895837989	0.2702139
5.4916671324	-0.260519
5.4937504659	-1.020665
5.4958337994	0.5477577
5.4979171329	0.6594591
5.5000004664	0.07181185
5.5020837999	-0.1507953
5.5041671334	-0.07370473
5.5062504669	-1.227568
5.5083338004	-1.626723
5.510417134	2.159497
5.5125004675	4.417142
5.514583801	6.521076
5.5166671345	1.836677
5.518750468	-2.475201
5.5208338015	-2.101378
5.522917135	-0.7275862
5.5250004685	-0.600715
5.527083802	-0.8860046
5.5291671355	1.118939
5.5312504691	0.0550415
5.5333338026	-0.4460067
5.5354171361	0.4201473
5.5375004696	0.2910603
5.5395838031	-1.089364
5.5416671366	-2.87708
5.5437504701	1.498085
5.5458338036	4.423513
5.5479171371	6.291143
5.5500004706	3.318473
5.5520838042	-1.792356
5.5541671377	-1.89163
5.5562504712	-1.695886
5.5583338047	-0.5328109
5.5604171382	-0.3769476
5.5625004717	0.9309216
5.5645838052	0.3006704
5.5666671387	-1.175526
5.5687504722	0.8039423
5.5708338057	1.088365
5.5729171393	-1.178317
5.5750004728	-3.357399
5.5770838063	0.5861748
5.5791671398	4.525803
5.5812504733	5.029412
5.5833338068	4.364258
5.5854171403	-0.2241154
5.5875004738	-2.034642
5.5895838073	-1.839192
5.5916671408	-1.477032
5.5937504744	-0.01734833
5.5958338079	0.9167898
5.5979171414	0.2648976
5.6000004749	-1.892952
5.6020838084	0.9054517
5.6041671419	1.698836
5.6062504754	-0.784579
5.6083338089	-3.517164
5.6104171424	-0.6007721
5.6125004759	4.555514
5.6145838095	4.702043
5.616667143	4.56434
5.6187504765	1.015841
5.62083381	-0.9352195
5.6229171435	-2.084878
5.625000477	-2.274247
5.6270838105	0.03335068
5.629167144	1.046766
5.6312504775	0.5633507
5.633333811	-2.122761
5.6354171446	0.6674548
5.6375004781	2.366981
5.6395838116	-0.3565142
5.6416671451	-3.951765
5.6437504786	-1.710889
5.6458338121	4.154266
5.6479171456	4.478902
5.6500004791	4.072157
5.6520838126	2.849873
5.6541671461	-0.1065688
5.6562504797	-2.732979
5.6583338132	-3.305844
5.6604171467	0.07750157
5.6625004802	1.652213
5.6645838137	0.4643831
5.6666671472	-2.208571
5.6687504807	-0.5046764
5.6708338142	3.069291
5.6729171477	-0.08363807
5.6750004812	-3.134928
5.6770838148	-2.41117
5.6791671483	3.256315
5.6812504818	4.044429
5.6833338153	3.305165
5.6854171488	4.157736
5.6875004823	1.356682
5.6895838158	-2.372663
5.6916671493	-4.017472
5.6937504828	-0.4285744
5.6958338163	1.44363
5.6979171499	0.8451961
5.7000004834	-2.043616
5.7020838169	-0.6907303
5.7041671504	2.872046
5.7062504839	0.8566939
5.7083338174	-3.491438
5.7104171509	-2.902255
5.7125004844	2.223992
5.7145838179	4.211287
5.7166671514	2.717682
5.718750485	5.000717
5.7208338185	2.278926
5.722917152	-1.918277
5.7250004855	-4.451794
5.727083819	-1.204259
5.7291671525	2.061167
5.731250486	0.7604685
5.7333338195	-1.790648
5.735417153	-1.449636
5.7375004865	2.77428
5.7395838201	1.08115
5.7416671536	-2.102489
5.7437504871	-3.137944
5.7458338206	0.9170339
5.7479171541	3.774556
5.7500004876	2.116449
5.7520838211	5.182941
5.7541671546	3.965567
5.7562504881	-1.152582
5.7583338216	-4.664729
5.7604171552	-2.067329
5.7625004887	2.133253
5.7645838222	0.879059
5.7666671557	-1.375649
5.7687504892	-1.901835
5.7708338227	1.934697
5.7729171562	2.076688
5.7750004897	-1.906137
5.7770838232	-3.053312
5.7791671567	-0.0529249
5.7812504903	3.10954
5.7833338238	1.893747
5.7854171573	4.966567
5.7875004908	5.28781
5.7895838243	-0.19245
5.7916671578	-4.719633
5.7937504913	-2.878923
5.7958338248	1.913359
5.7979171583	1.417366
5.8000004918	-1.397563
5.8020838254	-1.852602
5.8041671589	1.259412
5.8062504924	2.552113
5.8083338259	-1.419789
5.8104171594	-2.539165
5.8125004929	-0.8103879
5.8145838264	2.10276
5.8166671599	1.795853
5.8187504934	3.841626
5.8208338269	6.68014
5.8229171605	1.200804
5.825000494	-4.348229
5.8270838275	-3.701509
5.829167161	0.5632418
5.8312504945	1.970501
5.833333828	-1.451192
5.8354171615	-1.029604
5.837500495	0.27658
5.8395838285	2.50799
5.841667162	-1.569803
5.8437504956	-1.788206
5.8458338291	-0.9230415
5.8479171626	1.193851
5.8500004961	1.603163
5.8520838296	3.644391
5.8541671631	6.564037
5.8562504966	2.597978
5.8583338301	-3.597389
5.8604171636	-3.562296
5.8625004971	0.2171204
5.8645838307	1.663019
5.8666671642	-1.68824
5.8687504977	-0.7968116
5.8708338312	0.5525988
5.8729171647	1.976641
5.8750004982	-0.329063
5.8770838317	-1.458306
5.8791671652	-1.571258
5.8812504987	-0.03335045
5.8833338322	1.586439
5.8854171658	2.844956
5.8875004993	6.93822
5.8895838328	4.214629
5.8916671663	-3.065043
5.8937504998	-4.329273
5.8958338333	-0.2409513
5.8979171668	1.814849
5.9000005003	-1.13718
5.9020838338	-0.8282452
5.9041671673	0.1791514
5.9062505009	1.277124
5.9083338344	-0.09633361
5.9104171679	-0.5832491
5.9125005014	-0.5013442
5.9145838349	-0.8940936
5.9166671684	0.6246669
5.9187505019	2.417238
5.9208338354	6.405016
5.9229171689	5.536051
5.9250005024	-1.643853
5.927083836	-3.796924
5.9291671695	-1.118954
5.931250503	0.9358364
5.9333338365	-0.5183772
5.93541717	-1.075296
5.9375005035	0.7946672
5.939583837	0.2582644
5.9416671705	0.4452106
5.943750504	-0.8035964
5.9458338375	-0.4443507
5.9479171711	-1.358933
5.9500005046	-0.2229946
5.9520838381	2.118766
5.9541671716	5.816572
5.9562505051	6.337105
5.9583338386	-0.363362
5.9604171721	-3.694487
5.9625005056	-1.638212
5.9645838391	0.6042964
5.9666671726	-0.8527486
5.9687505062	-0.5621051
5.9708338397	0.8482781
5.9729171732	0.04629504
5.9750005067	0.05585233
5.9770838402	0.3057531
5.9791671737	-0.1889322
5.9812505072	-1.383547
5.9833338407	-1.69483
5.9854171742	2.224576
5.9875005077	5.116458
5.9895838413	6.70889
5.9916671748	1.318412
5.9937505083	-2.926283
5.9958338418	-2.14041
5.9979171753	-0.6250378
