LabVIEW Measurement	
Writer_Version	2
Reader_Version	2
Separator	Tab
Decimal_Separator	.
Multi_Headings	No
X_Columns	One
Time_Pref	Absolute
Operator	AlunosGDS-JT
Date	2019/10/09
Time	15:00:21.5558046812497091865
***End_of_Header***	
	
Channels	2		
Samples	2048	2048	
Date	2019/10/09	2019/10/09	
Time	15:04:11.8997304624997075104	15:04:11.8997304624997075104	
Y_Unit_Label	g	Newtons	
X_Dimension	Time	Time	
X0	0.0000000000000000E+0	0.0000000000000000E+0	
Delta_X	0.000605	0.000605	
***End_of_Header***			
X_Value	Acceleration (Trigger)	Force (Trigger)	Comment
0.000000	-4.975534	-0.589847
0.000605	-3.825545	-4.753236
0.001211	-2.743596	-8.808988
0.001816	-1.627019	-12.833019
0.002422	-0.456375	-16.911817
0.003027	0.718521	-20.974618
0.003633	1.917110	-24.936832
0.004238	2.970507	-28.845906
0.004844	4.188536	-32.699671
0.005449	5.240718	-36.612269
0.006055	6.466036	-40.388221
0.006660	7.534621	-43.997702
0.007266	8.611711	-47.659510
0.007871	9.753802	-51.344093
0.008477	10.838789	-54.652897
0.009082	11.959011	-57.887955
0.009687	12.895161	-61.170460
0.010293	13.911501	-64.311709
0.010898	14.898074	-67.399547
0.011504	15.865207	-70.330675
0.012109	16.804395	-73.122715
0.012715	17.660356	-75.816067
0.013320	18.574637	-78.351081
0.013926	19.330969	-80.749178
0.014531	20.252540	-82.970230
0.015137	20.983964	-85.229511
0.015742	21.736044	-86.989381
0.016348	22.463823	-88.715359
0.016953	23.071319	-90.525116
0.017559	23.766294	-91.973463
0.018164	24.300890	-93.291400
0.018770	24.847028	-94.368578
0.019375	25.355502	-95.439248
0.019980	25.782571	-96.280277
0.020586	26.184733	-96.926367
0.021191	26.507313	-97.382398
0.021797	26.787976	-97.755737
0.022402	27.084434	-97.981583
0.023008	27.281263	-97.911362
0.023613	27.495709	-97.540735
0.024219	27.612348	-97.388092
0.024824	27.690715	-96.775621
0.025430	27.742959	-95.963061
0.026035	27.677350	-95.070519
0.026641	27.645152	-93.992528
0.027246	27.475054	-92.798495
0.027852	27.357807	-91.424436
0.028457	27.185278	-89.846220
0.029062	26.852978	-88.196698
0.029668	26.561380	-86.263038
0.030273	26.136134	-84.280033
0.030879	25.762524	-82.129744
0.031484	25.341529	-79.946649
0.032090	24.861001	-77.442814
0.032695	24.313647	-74.713132
0.033301	23.723769	-72.152632
0.033906	23.144218	-69.309348
0.034512	22.548265	-66.352464
0.035117	21.822308	-63.171631
0.035723	21.064154	-60.086504
0.036328	20.288989	-56.756553
0.036934	19.538125	-53.281549
0.037539	18.647536	-49.811426
0.038145	17.776995	-46.236649
0.038750	16.859677	-42.661329
0.039355	15.939321	-38.879684
0.039961	14.952749	-35.022937
0.040566	14.009916	-31.310700
0.041172	12.975958	-27.275282
0.041777	11.924384	-23.128432
0.042383	10.877669	-19.225051
0.042988	9.843711	-15.151676
0.043594	8.753864	-11.085350
0.044199	7.674952	-6.975915
0.044805	6.484261	-2.958120
0.045410	5.381049	1.191441
0.046016	4.260828	5.303858
0.046621	3.077426	9.398652
0.047227	1.968140	13.470401
0.047832	0.788991	17.385439
0.048438	-0.379223	21.469931
0.049043	-1.518885	25.544933
0.049648	-2.676771	29.333085
0.050254	-3.794563	33.256258
0.050859	-4.912355	37.253989
0.051465	-6.032576	40.971649
0.052070	-7.172238	44.617732
0.052676	-8.239000	48.271407
0.053281	-9.320950	51.770811
0.053887	-10.382852	55.223853
0.054492	-11.492138	58.506087
0.055098	-12.483571	61.733283
0.055703	-13.469536	64.840099
0.056309	-14.465829	67.910856
0.056914	-15.381325	70.653823
0.057520	-16.301680	73.555398
0.058125	-17.276711	76.260679
0.058730	-18.148467	78.581505
0.059336	-18.969193	80.972552
0.059941	-19.726740	83.296361
0.060547	-20.504334	85.397576
0.061152	-21.203562	87.274572
0.061758	-21.860264	88.976692
0.062363	-22.506032	90.669593
0.062969	-23.059461	92.183282
0.063574	-23.686396	93.435606
0.064180	-24.233142	94.480249
0.064785	-24.776243	95.463889
0.065391	-25.213032	96.332572
0.065996	-25.653466	96.779385
0.066602	-25.940204	97.379384
0.067207	-26.305917	97.798814
0.067812	-26.571392	97.858461
0.068418	-26.764576	97.832162
0.069023	-26.879392	97.596012
0.069629	-27.028229	97.295064
0.070234	-27.137578	96.709164
0.070840	-27.125428	95.969536
0.071445	-27.170990	95.051508
0.072051	-27.041594	94.035876
0.072656	-26.962619	92.957613
0.073262	-26.801025	91.375059
0.073867	-26.564102	89.836970
0.074473	-26.291944	88.330602
0.075078	-26.060488	86.372269
0.075684	-25.657111	84.377335
0.076289	-25.236117	82.384840
0.076895	-24.828488	80.069708
0.077500	-24.285387	77.623351
0.078105	-23.736818	75.072611
0.078711	-23.180352	72.448668
0.079316	-22.495705	69.728204
0.079922	-21.921014	66.824460
0.080527	-21.188374	63.646338
0.081133	-20.424145	60.557145
0.081738	-19.788097	57.312597
0.082344	-18.876854	53.805872
0.082949	-18.105335	50.421966
0.083555	-17.246943	47.112891
0.084160	-16.394627	43.386827
0.084766	-15.374642	39.663473
0.085371	-14.450034	35.851462
0.085977	-13.471966	32.077950
0.086582	-12.455019	28.209816
0.087188	-11.437464	24.284746
0.087793	-10.412011	20.236585
0.088398	-9.266275	16.315582
0.089004	-8.160026	12.270946
0.089609	-7.123031	8.094543
0.090215	-6.013744	4.084069
0.090820	-4.890485	0.096911
0.091426	-3.766618	-4.215867
0.092031	-2.663406	-8.284362
0.092637	-1.506127	-12.178524
0.093242	-0.360391	-16.222347
0.093848	0.751934	-20.300603
0.094453	1.929260	-24.349577
0.095059	3.038547	-28.286305
0.095664	4.146011	-32.152541
0.096270	5.338525	-35.935813
0.096875	6.433839	-39.760296
0.097480	7.594156	-43.428883
0.098086	8.702227	-47.095029
0.098691	9.772027	-50.830854
0.099297	10.857621	-54.085976
0.099902	11.956581	-57.323474
0.100508	12.913994	-60.755640
0.101113	13.890239	-63.910987
0.101719	14.922981	-66.968459
0.102324	15.822682	-69.941069
0.102930	16.725421	-72.769440
0.103535	17.668254	-75.449506
0.104141	18.550945	-78.002415
0.104746	19.393541	-80.414610
0.105352	20.177210	-82.689887
0.105957	20.976674	-84.885996
0.106563	21.681369	-86.799864
0.107168	22.346577	-88.633751
0.107773	23.068281	-90.497190
0.108379	23.624140	-91.898091
0.108984	24.241355	-93.121947
0.109590	24.734641	-94.368849
0.110195	25.289285	-95.429759
0.110801	25.624622	-96.308474
0.111406	26.123984	-96.999299
0.112012	26.397964	-97.516876
0.112617	26.711432	-97.901331
0.113223	26.992095	-98.065632
0.113828	27.170698	-98.038520
0.114434	27.343835	-97.878827
0.115039	27.520616	-97.626952
0.115645	27.574075	-96.898712
0.116250	27.575898	-96.131972
0.116855	27.568001	-95.475308
0.117461	27.495101	-94.433647
0.118066	27.369957	-93.161802
0.118672	27.219298	-91.762799
0.119277	26.905223	-90.338040
0.119883	26.734517	-88.625346
0.120488	26.334785	-86.816403
0.121094	26.048654	-84.785951
0.121699	25.586958	-82.683380
0.122305	25.233395	-80.437113
0.122910	24.748614	-77.966084
0.123516	24.215233	-75.460080
0.124121	23.629607	-72.941875
0.124727	23.030617	-69.927241
0.125332	22.376951	-66.883868
0.125938	21.699594	-63.880350
0.126543	20.971814	-60.744524
0.127148	20.165668	-57.476930
0.127754	19.400223	-54.021177
0.128359	18.540010	-50.556747
0.128965	17.732041	-46.964618
0.129570	16.846920	-43.281120
0.130176	15.866422	-39.547735
0.130781	14.921766	-35.785068
0.131387	13.957671	-32.030806
0.131992	12.958948	-27.934928
0.132598	11.940178	-23.949126
0.133203	10.884351	-20.116238
0.133809	9.835814	-15.982673
0.134414	8.793959	-11.898724
0.135020	7.670700	-7.808539
0.135625	6.557161	-3.719980
0.136230	5.467921	0.423887
0.136836	4.341017	4.575618
0.137441	3.205000	8.654687
0.138047	2.046507	12.700407
0.138652	0.949977	16.758328
0.139258	-0.221274	20.797542
0.139863	-1.342711	24.808830
0.140469	-2.464755	28.624366
0.141074	-3.582547	32.731089
0.141680	-4.725853	36.612508
0.142285	-5.841215	40.264285
0.142891	-6.914660	44.070332
0.143496	-8.090164	47.706654
0.144102	-9.071269	51.228291
0.144707	-10.179948	54.618703
0.145313	-11.271010	57.914765
0.145918	-12.275808	61.219231
0.146523	-13.225323	64.356142
0.147129	-14.179091	67.365896
0.147734	-15.129822	70.182880
0.148340	-16.101814	73.106145
0.148945	-17.036750	75.749880
0.149551	-17.889674	78.131981
0.150156	-18.737737	80.643950
0.150762	-19.478275	82.996226
0.151367	-20.185399	85.038336
0.151973	-20.890702	86.984740
0.152578	-21.614836	88.778771
0.153184	-22.231444	90.492007
0.153789	-22.868099	91.994308
0.154395	-23.431855	93.262357
0.155000	-23.994396	94.370444
0.155605	-24.521702	95.342967
0.156211	-25.042326	96.212464
0.156816	-25.441450	96.760406
0.157422	-25.756741	97.448792
0.158027	-26.149183	97.709885
0.158633	-26.400078	97.650237
0.159238	-26.598122	97.769532
0.159844	-26.770043	97.637494
0.160449	-26.955937	97.248160
0.161055	-26.957759	96.681238
0.161660	-26.956544	96.027828
0.162266	-27.011826	95.150740
0.162871	-26.942572	94.156255
0.163477	-26.828363	92.927248
0.164082	-26.637002	91.536379
0.164687	-26.537372	90.101859
0.165293	-26.246990	88.396214
0.165898	-25.938989	86.495360
0.166504	-25.577529	84.804085
0.167109	-25.180835	82.670063
0.167715	-24.760448	80.366318
0.168320	-24.289031	77.977982
0.168926	-23.763548	75.467368
0.169531	-23.153622	72.843967
0.170137	-22.594119	70.042979
0.170742	-21.936809	67.145742
0.171348	-21.266134	64.095049
0.171953	-20.551112	61.030799
0.172559	-19.848847	57.665872
0.173164	-19.039663	54.229911
0.173770	-18.202534	50.967198
0.174375	-17.404285	47.374526
0.174980	-16.511874	43.624603
0.175586	-15.585443	39.992618
0.176191	-14.593403	36.354669
0.176797	-13.618373	32.518799
0.177402	-12.586845	28.628704
0.178008	-11.570505	24.757045
0.178613	-10.525006	20.811098
0.179219	-9.445486	16.819874
0.179824	-8.434006	12.712879
0.180430	-7.313177	8.643299
0.181035	-6.187488	4.636349
0.181641	-5.005909	0.466183
0.182246	-3.878397	-3.737332
0.182852	-2.829860	-7.600044
0.183457	-1.696881	-11.602656
0.184062	-0.527452	-15.746252
0.184668	0.553890	-19.864634
0.185273	1.706917	-23.783198
0.185879	2.931020	-27.757070
0.186484	4.027549	-31.710337
0.187090	5.196371	-35.502014
0.187695	6.293508	-39.317008
0.188301	7.427094	-43.026534
0.188906	8.544886	-46.740669
0.189512	9.628051	-50.327647
0.190117	10.747057	-53.667359
0.190723	11.748817	-57.114708
0.191328	12.791280	-60.554465
0.191934	13.786357	-63.629289
0.192539	14.781435	-66.608405
0.193145	15.722446	-69.622768
0.193750	16.600277	-72.465780
0.194355	17.518202	-75.175941
0.194961	18.400286	-77.815610
0.195566	19.251994	-80.235397
0.196172	20.045384	-82.504167
0.196777	20.864288	-84.623819
0.197383	21.598750	-86.616313
0.197988	22.349007	-88.585762
0.198594	22.974119	-90.413955
0.199199	23.567643	-91.688511
0.199805	24.126538	-93.027596
0.200410	24.676322	-94.389725
0.201016	25.158066	-95.456872
0.201621	25.614295	-96.312812
0.202227	26.047439	-97.011771
0.202832	26.331140	-97.581675
0.203437	26.672552	-97.899162
0.204043	26.973262	-98.114163
0.204648	27.196213	-98.128262
0.205254	27.380284	-98.070241
0.205859	27.507251	-97.769835
0.206465	27.557066	-97.086330
0.207070	27.596553	-96.530525
0.207676	27.586225	-95.890129
0.208281	27.518793	-94.662205
0.208887	27.390612	-93.435096
0.209492	27.250280	-92.111466
0.210098	27.025507	-90.665287
0.210703	26.701712	-89.047216
0.211309	26.430769	-87.275417
0.211914	26.079029	-85.311662
0.212520	25.645885	-83.160288
0.213125	25.227320	-80.955504
0.213730	24.782026	-78.496946
0.214336	24.262010	-76.067399
0.214941	23.687319	-73.447251
0.215547	23.039729	-70.389237
0.216152	22.388494	-67.528602
0.216758	21.726931	-64.668238
0.217363	21.054434	-61.375973
0.217969	20.239175	-58.107024
0.218574	19.392933	-54.730981
0.219180	18.609264	-51.221816
0.219785	17.725358	-47.659239
0.220391	16.872435	-44.003396
0.220996	15.911984	-40.334809
0.221602	14.984946	-36.533372
0.222207	14.014168	-32.689639
0.222812	12.995398	-28.695161
0.223418	12.005788	-24.841939
0.224023	10.969401	-20.934221
0.224629	9.834599	-16.678921
0.225234	8.803679	-12.606088
0.225840	7.764862	-8.539219
0.226445	6.614265	-4.445781
0.227051	5.477641	-0.387046
0.227656	4.330082	3.774445
0.228262	3.252993	7.921023
0.228867	2.168613	12.029645
0.229473	1.013157	16.110070
0.230078	-0.140477	20.110783
0.230684	-1.305654	24.027449
0.231289	-2.430128	27.943030
0.231895	-3.523012	32.075781
0.232500	-4.679684	35.801033
0.233105	-5.773176	39.501069
0.233711	-6.841153	43.418006
0.234316	-7.991142	47.017184
0.234922	-8.990472	50.584370
0.235527	-10.098544	53.998913
0.236133	-11.095444	57.431892
0.236738	-12.145804	60.713312
0.237344	-13.112329	63.816062
0.237949	-14.049695	66.888987
0.238555	-14.991313	69.831231
0.239160	-15.943258	72.683733
0.239766	-16.849034	75.261585
0.240371	-17.694668	77.771385
0.240977	-18.522077	80.398853
0.241582	-19.327616	82.582219
0.242187	-20.048105	84.597217
0.242793	-20.774062	86.670235
0.243398	-21.445345	88.536928
0.244004	-22.052841	90.180756
0.244609	-22.639681	91.718845
0.245215	-23.219839	93.099412
0.245820	-23.797568	94.207769
0.246426	-24.295106	95.234789
0.247031	-24.756196	96.005053
0.247637	-25.166863	96.721093
0.248242	-25.570240	97.348747
0.248848	-25.867305	97.482682
0.249453	-26.073246	97.686297
0.250059	-26.307132	97.923802
0.250664	-26.509428	97.741877
0.251270	-26.649759	97.357965
0.251875	-26.663731	96.897867
0.252480	-26.717191	96.185080
0.253086	-26.763361	95.350288
0.253691	-26.666769	94.322183
0.254297	-26.558027	93.234432
0.254902	-26.418303	91.888840
0.255508	-26.242737	90.348040
0.256113	-25.985159	88.708278
0.256719	-25.688094	86.960881
0.257324	-25.386776	85.135128
0.257930	-25.035036	82.862562
0.258535	-24.608574	80.576168
0.259141	-24.087343	78.380060
0.259746	-23.564289	75.867548
0.260352	-23.016328	73.252281
0.260957	-22.416730	70.462951
0.261562	-21.752130	67.604214
0.262168	-21.115475	64.602323
0.262773	-20.425968	61.430166
0.263379	-19.721880	58.181822
0.263984	-18.915734	54.886846
0.264590	-18.093792	51.466338
0.265195	-17.253626	47.709365
0.265801	-16.380655	44.262830
0.266406	-15.478524	40.770475
0.267012	-14.592796	36.879566
0.267617	-13.639028	33.039358
0.268223	-12.606893	29.207555
0.268828	-11.622143	25.290618
0.269434	-10.596083	21.320812
0.270039	-9.518993	17.320098
0.270645	-8.494756	13.242114
0.271250	-7.465051	9.169010
0.271855	-6.314454	5.060931
0.272461	-5.222177	0.932246
0.273066	-4.108638	-3.069281
0.273672	-3.004819	-7.166245
0.274277	-1.887027	-11.471974
0.274883	-0.759515	-15.418463
0.275488	0.410521	-19.313709
0.276094	1.471816	-23.361328
0.276699	2.586570	-27.394305
0.277305	3.704362	-31.311513
0.277910	4.859211	-35.110239
0.278516	5.958778	-38.947465
0.279121	7.102692	-42.632319
0.279727	8.208334	-46.317444
0.280332	9.267806	-49.870802
0.280938	10.288398	-53.457780
0.281543	11.391003	-56.983484
0.282148	12.344163	-60.184109
0.282754	13.341671	-63.229651
0.283359	14.396283	-66.512699
0.283965	15.300844	-69.516759
0.284570	16.288631	-72.284940
0.285176	17.176182	-75.003777
0.285781	18.007844	-77.669474
0.286387	18.893572	-80.081398
0.286992	19.693036	-82.402766
0.287598	20.528950	-84.534890
0.288203	21.269487	-86.582151
0.288809	22.019744	-88.484632
0.289414	22.653969	-90.157471
0.290020	23.280905	-91.686071
0.290625	23.892045	-93.277030
0.291230	24.396266	-94.383761
0.291836	24.952125	-95.377161
0.292441	25.322090	-96.380322
0.293047	25.727289	-97.107749
0.293652	26.096646	-97.683346
0.294258	26.430769	-98.077833
0.294863	26.748489	-98.315338
0.295469	26.927093	-98.379865
0.296074	27.156119	-98.233187
0.296680	27.318320	-97.885063
0.297285	27.430707	-97.442588
0.297891	27.504214	-96.923384
0.298496	27.476876	-95.967670
0.299102	27.465334	-94.872598
0.299707	27.294628	-93.968940
0.300312	27.214438	-92.528455
0.300918	26.961113	-90.987383
0.301523	26.700497	-89.380699
0.302129	26.441704	-87.617305
0.302734	26.065664	-85.647314
0.303340	25.746121	-83.506786
0.303945	25.315407	-81.286818
0.304551	24.867683	-78.920985
0.305156	24.358602	-76.426097
0.305762	23.819753	-73.706989
0.306367	23.213473	-70.874821
0.306973	22.602332	-68.164389
0.307578	21.931050	-65.006059
0.308184	21.169250	-61.790251
0.308789	20.437826	-58.698075
0.309395	19.695466	-55.235002
0.310000	18.808523	-51.744273
0.310605	17.993264	-48.178985
0.311211	17.124545	-44.569233
0.311816	16.120355	-40.928572
0.312422	15.243739	-37.087279
0.313027	14.222539	-33.204234
0.313633	13.291856	-29.260727
0.314238	12.284628	-25.421603
0.314844	11.267681	-21.356633
0.315449	10.239191	-17.199751
0.316055	9.222851	-13.321314
0.316660	8.101414	-9.118070
0.317266	7.003062	-4.907777
0.317871	5.845176	-0.889440
0.318477	4.779629	3.260935
0.319082	3.595013	7.357356
0.319688	2.446846	11.472755
0.320293	1.307184	15.529863
0.320898	0.162663	19.527052
0.321504	-0.976999	23.524784
0.322109	-2.119698	27.523058
0.322715	-3.247817	31.464124
0.323320	-4.344954	35.183140
0.323926	-5.522280	39.112277
0.324531	-6.593295	42.935946
0.325137	-7.669777	46.381940
0.325742	-8.686117	50.042392
0.326348	-9.805731	53.541526
0.326953	-10.869456	56.927058
0.327559	-11.906450	60.223390
0.328164	-12.898491	63.335358
0.328770	-13.826136	66.491790
0.329375	-14.746492	69.419935
0.329980	-15.719092	72.238004
0.330586	-16.674683	74.863303
0.331191	-17.503307	77.425159
0.331797	-18.385390	79.915167
0.332402	-19.131395	82.060846
0.333008	-19.915064	84.369472
0.333613	-20.631908	86.459029
0.334219	-21.315341	88.254145
0.334824	-21.948959	89.922916
0.335430	-22.563744	91.501675
0.336035	-23.201615	92.880885
0.336641	-23.737426	94.037503
0.337246	-24.216740	95.056389
0.337852	-24.676614	95.931036
0.338457	-25.120693	96.726516
0.339062	-25.495518	97.255751
0.339668	-25.808378	97.498679
0.340273	-26.117593	97.806134
0.340879	-26.357554	97.834331
0.341484	-26.513073	97.553988
0.342090	-26.633964	97.352814
0.342695	-26.730556	96.994658
0.343301	-26.805885	96.291632
0.343906	-26.825933	95.447892
0.344512	-26.716584	94.471302
0.345117	-26.594477	93.382737
0.345723	-26.469333	92.074561
0.346328	-26.260354	90.599101
0.346934	-26.113948	88.901590
0.347539	-25.813845	87.200555
0.348145	-25.492480	85.244120
0.348750	-25.073308	83.116877
0.349355	-24.629229	81.132245
0.349961	-24.193047	78.787289
0.350566	-23.650554	76.209436
0.351172	-23.087405	73.611521
0.351777	-22.461685	70.950162
0.352383	-21.860264	68.022017
0.352988	-21.202954	65.051034
0.353594	-20.502512	61.907887
0.354199	-19.786275	58.717293
0.354805	-18.988633	55.324441
0.355410	-18.194029	51.892546
0.356016	-17.302226	48.373349
0.356621	-16.448694	44.904040
0.357227	-15.587266	41.147880
0.357832	-14.628638	37.216032
0.358438	-13.666972	33.580523
0.359043	-12.732037	29.852831
0.359648	-11.663452	25.833681
0.360254	-10.649542	21.928674
0.360859	-9.565770	17.917928
0.361465	-8.540925	13.819609
0.362070	-7.418274	9.760061
0.362676	-6.370951	5.672588
0.363281	-5.304189	1.578607
0.363887	-4.165135	-2.484195
0.364492	-3.094121	-6.679847
0.365098	-1.959926	-10.811243
0.365703	-0.850032	-14.639251
0.366309	0.244067	-18.784745
0.366914	1.435974	-22.884691
0.367520	2.494231	-26.866697
0.368125	3.659407	-30.699856
0.368730	4.735889	-34.602423
0.369336	5.851251	-38.412536
0.369941	6.991520	-42.127485
0.370547	8.057067	-45.841620
0.371152	9.149952	-49.455439
0.371758	10.197274	-53.008798
0.372363	11.262821	-56.473498
0.372969	12.251824	-59.651892
0.373574	13.255406	-63.002720
0.374180	14.282074	-66.207412
0.374785	15.198177	-68.980474
0.375391	16.080260	-71.893436
0.375996	16.984214	-74.657280
0.376602	17.889382	-77.280139
0.377207	18.783615	-79.744661
0.377812	19.556957	-82.135709
0.378418	20.298102	-84.351068
0.379023	21.017984	-86.394533
0.379629	21.767633	-88.271529
0.380234	22.399429	-90.060680
0.380840	23.053094	-91.720504
0.381445	23.639327	-93.134419
0.382051	24.144156	-94.248198
0.382656	24.619825	-95.534413
0.383262	25.103391	-96.503141
0.383867	25.529853	-97.086872
0.384473	25.885845	-97.734047
0.385078	26.137956	-98.176522
0.385684	26.479976	-98.412671
0.386289	26.715684	-98.504040
0.386895	27.004245	-98.348144
0.387500	27.083827	-98.128804
0.388105	27.216261	-97.644847
0.388711	27.297665	-96.959715
0.389316	27.290983	-96.160982
0.389922	27.247243	-95.394242
0.390527	27.158549	-94.115076
0.391133	26.957468	-92.769756
0.391738	26.806201	-91.497369
0.392344	26.585680	-89.822632
0.392949	26.311700	-88.013147
0.393555	25.930193	-86.080029
0.394160	25.598500	-83.999419
0.394766	25.178721	-81.767522
0.395371	24.715809	-79.423379
0.395977	24.234673	-76.889449
0.396582	23.715871	-74.266861
0.397187	23.143003	-71.556971
0.397793	22.501488	-68.518749
0.398398	21.870300	-65.582199
0.399004	21.198410	-62.580579
0.399609	20.454228	-59.088495
0.400215	19.642007	-55.682086
0.400820	18.839505	-52.350779
0.401426	17.980506	-48.779255
0.402031	17.150060	-45.162724
0.402637	16.229704	-41.406294
0.403242	15.334863	-37.664504
0.403848	14.415115	-33.765732
0.404453	13.373868	-29.878891
0.405059	12.419492	-25.864892
0.405664	11.369740	-21.901322
0.406270	10.328493	-17.970558
0.406875	9.265376	-13.716614
0.407480	8.264831	-9.612873
0.408086	7.144001	-5.774833
0.408691	6.031070	-1.522245
0.409297	4.915708	2.684795
0.409902	3.781514	6.831103
0.410508	2.624235	10.877908
0.411113	1.562333	14.962670
0.411719	0.398371	19.019778
0.412324	-0.761338	23.014799
0.412930	-1.845110	27.023375
0.413535	-2.953182	30.925129
0.414141	-4.062468	34.852097
0.414746	-5.204560	38.636995
0.415352	-6.273752	42.239970
0.415957	-7.362991	46.095632
0.416563	-8.478961	49.758254
0.417168	-9.545723	53.146497
0.417773	-10.571783	56.516304
0.418379	-11.633077	59.827548
0.418984	-12.616005	63.040646
0.419590	-13.505379	66.129296
0.420195	-14.489521	69.085096
0.420801	-15.468804	71.902623
0.421406	-16.372150	74.634474
0.422012	-17.287646	77.190094
0.422617	-18.085895	79.585479
0.423223	-18.844049	82.023160
0.423828	-19.636831	84.230385
0.424434	-20.347601	86.034177
0.425039	-21.060800	87.994136
0.425645	-21.632454	89.846730
0.426250	-22.268501	91.401901
0.426855	-22.904549	92.747492
0.427461	-23.474987	93.999545
0.428066	-23.916029	95.075638
0.428672	-24.453055	95.906093
0.429277	-24.850357	96.664971
0.429883	-25.272567	97.259547
0.430488	-25.600614	97.656473
0.431094	-25.899502	97.840567
0.431699	-26.147360	97.759229
0.432305	-26.290729	97.853581
0.432910	-26.491810	97.643730
0.433516	-26.563495	97.025837
0.434121	-26.603589	96.444275
0.434727	-26.602982	95.714950
0.435332	-26.633357	94.720194
0.435937	-26.545270	93.576049
0.436543	-26.385499	92.343516
0.437148	-26.284047	90.884595
0.437754	-25.948709	89.321562
0.438359	-25.741553	87.447007
0.438965	-25.409253	85.570012
0.439570	-25.107935	83.649907
0.440176	-24.650491	81.368123
0.440781	-24.128653	78.919868
0.441387	-23.666956	76.611514
0.441992	-23.154837	74.043964
0.442598	-22.549772	71.285543
0.443203	-21.937416	68.449309
0.443809	-21.339033	65.502999
0.444414	-20.593029	62.385880
0.445020	-19.866464	59.102561
0.445625	-19.088870	55.777219
0.446230	-18.319781	52.424492
0.446836	-17.486297	48.939457
0.447441	-16.641270	45.303677
0.448047	-15.730027	41.574901
0.448652	-14.839439	37.995786
0.449258	-13.878381	34.098642
0.449863	-12.910641	30.142934
0.450469	-11.838411	26.428257
0.451074	-10.875531	22.520267
0.451680	-9.861621	18.462617
0.452285	-8.769344	14.328510
0.452891	-7.695292	10.345148
0.453496	-6.629137	6.268519
0.454102	-5.502840	2.133328
0.454707	-4.432433	-1.963364
0.455313	-3.346839	-6.063852
0.455918	-2.199887	-10.098186
0.456523	-1.162892	-14.274046
0.457129	0.015649	-18.406526
0.457734	1.094561	-22.256766
0.458340	2.262775	-26.286762
0.458945	3.324070	-30.341158
0.459551	4.497751	-34.073730
0.460156	5.591243	-37.929392
0.460762	6.681090	-41.696668
0.461367	7.788554	-45.427613
0.461973	8.861999	-49.050379
0.462578	9.963388	-52.549242
0.463184	10.959073	-55.959989
0.463789	12.004573	-59.367482
0.464395	13.000866	-62.642938
0.465000	13.932764	-65.650794
0.465605	14.932701	-68.735378
0.466211	15.897404	-71.789867
0.466816	16.755188	-74.348469
0.467422	17.619047	-77.008201
0.468027	18.490803	-79.540776
0.468633	19.222835	-81.949446
0.469238	20.018046	-84.116545
0.469844	20.810828	-86.178989
0.470449	21.496083	-88.163621
0.471055	22.219003	-89.858421
0.471660	22.833788	-91.553491
0.472266	23.407871	-92.916163
0.472871	23.926065	-94.253892
0.473477	24.498326	-95.469614
0.474082	24.952125	-96.247471
0.474687	25.337885	-97.099615
0.475293	25.761309	-97.890214
0.475898	26.091786	-98.216377
0.476504	26.328710	-98.419178
0.477109	26.662225	-98.487231
0.477715	26.829286	-98.447375
0.478320	26.966580	-98.179233
0.478926	27.089902	-97.711814
0.479531	27.154904	-97.111545
0.480137	27.146399	-96.397945
0.480742	27.131819	-95.512181
0.481348	27.047377	-94.311641
0.481953	26.884568	-93.119236
0.482559	26.745452	-91.716437
0.483164	26.497593	-89.934878
0.483770	26.188986	-88.168230
0.484375	25.862153	-86.318347
0.484980	25.554153	-84.316092
0.485586	25.084559	-82.100191
0.486191	24.717632	-79.669831
0.486797	24.260795	-77.227812
0.487402	23.718909	-74.620136
0.488008	23.183098	-71.856835
0.488613	22.541583	-68.881514
0.489219	21.924367	-65.956351
0.489824	21.238505	-62.925450
0.490430	20.517408	-59.538833
0.491035	19.737991	-56.251990
0.491641	18.961004	-52.941830
0.492246	18.189485	-49.316352
0.492852	17.321981	-45.546908
0.493457	16.407700	-41.925497
0.494063	15.511645	-38.159035
0.494668	14.579746	-34.276260
0.495273	13.641773	-30.374778
0.495879	12.643658	-26.403616
0.496484	11.626103	-22.421339
0.497090	10.614623	-18.369382
0.497695	9.563049	-14.255610
0.498301	8.475632	-10.260589
0.498906	7.424664	-6.215140
0.499512	6.373697	-1.828616
0.500117	5.170856	2.250725
0.500723	4.169096	6.326540
0.501328	2.992985	10.440584
0.501934	1.902530	14.530769
0.502539	0.850955	18.614989
0.503145	-0.351278	22.561478
0.503750	-1.422293	26.555414
0.504355	-2.564384	30.554230
0.504961	-3.645726	34.452459
0.505566	-4.824268	38.237358
0.506172	-5.860655	41.973725
0.506777	-6.943212	45.788448
0.507383	-8.037312	49.278363
0.507988	-9.076736	52.589336
0.508594	-10.133171	56.179839
0.509199	-11.174418	59.606582
0.509805	-12.189543	62.777926
0.510410	-13.095927	65.898569
0.511016	-14.066097	68.819123
0.511621	-15.004070	71.700906
0.512227	-15.992465	74.398053
0.512832	-16.917073	77.001391
0.513437	-17.689200	79.472691
0.514043	-18.497777	81.828764
0.514648	-19.288736	83.989355
0.515254	-19.943009	85.920305
0.515859	-20.665928	87.999559
0.516465	-21.371231	89.802266
0.517070	-21.991483	91.270134
0.517676	-22.605661	92.694623
0.518281	-23.188250	93.974331
0.518887	-23.745323	95.017347
0.519492	-24.285994	95.874643
0.520098	-24.741008	96.650330
0.520703	-25.111580	97.278797
0.521309	-25.444488	97.694702
0.521914	-25.773751	97.934376
0.522520	-26.072031	97.859817
0.523125	-26.223297	97.898858
0.523730	-26.410406	97.650508
0.524336	-26.533727	97.059186
0.524941	-26.596299	96.488469
0.525547	-26.597514	95.868678
0.526152	-26.629104	94.906186
0.526758	-26.580505	93.757702
0.527363	-26.484520	92.501311
0.527969	-26.257924	91.105290
0.528574	-26.067778	89.494268
0.529180	-25.826603	87.768018
0.529785	-25.532575	85.879907
0.530391	-25.200882	83.925370
0.530996	-24.838815	81.708927
0.531602	-24.407493	79.225155
0.532207	-23.838877	76.957469
0.532813	-23.366853	74.405645
0.533418	-22.776368	71.579713
0.534023	-22.166442	68.800687
0.534629	-21.522497	65.884200
0.535234	-20.876122	62.714483
0.535840	-20.184792	59.520635
0.536445	-19.378038	56.215627
0.537051	-18.623528	52.859376
0.537656	-17.844112	49.346415
0.538262	-16.932868	45.790346
0.538867	-16.072047	42.035813
0.539473	-15.143187	38.394068
0.540078	-14.214326	34.629503
0.540684	-13.230791	30.613606
0.541289	-12.196833	26.779092
0.541895	-11.225448	22.995278
0.542500	-10.175088	18.953624
0.543105	-9.115009	14.861270
0.543711	-8.108388	10.818260
0.544316	-6.947465	6.736480
0.544922	-5.890422	2.622165
0.545527	-4.771416	-1.439010
0.546133	-3.661521	-5.553867
0.546738	-2.538870	-9.570035
0.547344	-1.487295	-13.675403
0.547949	-0.305716	-17.877834
0.548555	0.778663	-21.857129
0.549160	1.884305	-25.713604
0.549766	3.050697	-29.843645
0.550371	4.149048	-33.622036
0.550977	5.323337	-37.388770
0.551582	6.418652	-41.187767
0.552187	7.506069	-44.937691
0.552793	8.595916	-48.528193
0.553398	9.701557	-52.046848
0.554004	10.753132	-55.506939
0.554609	11.753677	-58.854243
0.555215	12.788850	-62.123463
0.555820	13.759628	-65.245191
0.556426	14.737088	-68.217259
0.557031	15.664126	-71.318924
0.557637	16.600277	-73.987331
0.558242	17.465350	-76.509874
0.558848	18.276964	-79.172860
0.559453	19.089793	-81.529745
0.560059	19.931174	-83.736428
0.560664	20.670496	-85.827883
0.561270	21.417108	-87.814413
0.561875	22.114513	-89.581602
0.562480	22.767571	-91.192353
0.563086	23.329504	-92.626060
0.563691	23.899335	-93.954841
0.564297	24.400519	-95.231567
0.564902	24.920535	-96.141732
0.565508	25.300220	-96.902779
0.566113	25.737617	-97.677924
0.566719	26.089964	-98.065361
0.567324	26.368804	-98.249997
0.567930	26.589933	-98.468523
0.568535	26.815921	-98.387457
0.569141	26.997562	-98.110639
0.569746	27.116024	-97.707748
0.570352	27.171913	-97.132150
0.570957	27.215653	-96.403910
0.571562	27.176773	-95.486695
0.572168	27.117239	-94.401926
0.572773	26.975692	-93.071789
0.573379	26.817744	-91.834105
0.573984	26.577783	-90.223354
0.574590	26.289830	-88.335785
0.575195	26.038934	-86.518437
0.575801	25.666540	-84.536517
0.576406	25.267415	-82.333901
0.577012	24.806326	-80.006839
0.577617	24.383509	-77.549366
0.578223	23.888400	-74.921355
0.578828	23.317354	-72.167272
0.579434	22.763319	-69.244821
0.580039	22.102971	-66.245370
0.580645	21.448698	-63.229651
0.581250	20.737321	-60.036075
0.581855	19.912950	-56.586286
0.582461	19.122598	-53.282905
0.583066	18.321919	-49.776180
0.583672	17.437405	-45.997246
0.584277	16.567472	-42.281213
0.584883	15.664733	-38.612355
0.585488	14.703676	-34.772147
0.586094	13.798507	-30.808848
0.586699	12.781560	-26.913602
0.587305	11.770080	-22.893367
0.587910	10.786544	-18.843850
0.588516	9.774457	-14.764781
0.589121	8.694330	-10.675139
0.589727	7.595978	-6.612879
0.590332	6.599078	-2.567972
0.590938	5.458201	1.750771
0.591543	4.343447	5.867255
0.592148	3.244488	9.857666
0.592754	2.104826	14.028917
0.593359	0.985212	18.119102
0.593965	-0.144730	22.100838
0.594570	-1.210884	26.109143
0.595176	-2.427090	30.060784
0.595781	-3.495068	34.007273
0.596387	-4.587952	37.827146
0.596992	-5.705136	41.544535
0.597598	-6.779796	45.187907
0.598203	-7.908522	48.911803
0.598809	-8.920002	52.326616
0.599414	-9.949707	55.701846
0.600020	-10.981842	59.205860
0.600625	-12.058324	62.420041
0.601230	-12.948913	65.525231
0.601836	-13.880811	68.483471
0.602441	-14.880748	71.334617
0.603047	-15.764047	74.138045
0.603652	-16.698983	76.729724
0.604258	-17.554336	79.235457
0.604863	-18.367165	81.567671
0.605469	-19.100412	83.859216
0.606074	-19.855529	85.825953
0.606680	-20.557187	87.696984
0.607285	-21.195664	89.611123
0.607891	-21.884564	91.122914
0.608496	-22.412478	92.453593
0.609102	-23.072825	93.846089
0.609707	-23.603169	94.949566
0.610313	-24.141410	95.863255
0.610918	-24.544787	96.657650
0.611523	-24.965781	97.271747
0.612129	-25.261632	97.743775
0.612734	-25.609727	97.944407
0.613340	-25.868520	98.032252
0.613945	-26.111518	97.931665
0.614551	-26.319281	97.746486
0.615156	-26.387321	97.303469
0.615762	-26.508213	96.598274
0.616367	-26.500315	96.138718
0.616973	-26.544055	95.219334
0.617578	-26.431668	94.048890
0.618184	-26.396433	92.803615
0.618789	-26.217830	91.405968
0.619395	-26.062311	89.846188
0.620000	-25.769498	88.133765
0.620605	-25.527107	86.227489
0.621211	-25.187517	84.240417
0.621816	-24.836385	82.118867
0.622422	-24.427540	79.818918
0.623027	-23.923927	77.225069
0.623633	-23.451295	74.803384
0.624238	-22.896652	72.137417
0.624844	-22.251492	69.143930
0.625449	-21.583854	66.249676
0.626055	-20.980611	63.248327
0.626660	-20.254654	60.099486
0.627266	-19.556641	56.748929
0.627871	-18.792412	53.348756
0.628477	-17.930983	49.908728
0.629082	-17.133342	46.366485
0.629687	-16.275558	42.686241
0.630293	-15.329688	38.934419
0.630898	-14.412369	35.150063
0.631504	-13.490191	31.345101
0.632109	-12.472636	27.324052
0.632715	-11.476951	23.454291
0.633320	-10.442994	19.660174
0.633926	-9.424224	15.516849
0.634531	-8.357462	11.448083
0.635137	-7.248175	7.342173
0.635742	-6.252490	3.215386
0.636348	-5.057546	-0.818948
0.636953	-3.976811	-4.895576
0.637559	-2.886357	-9.034564
0.638164	-1.733331	-13.104144
0.638770	-0.633156	-17.123836
0.639375	0.463981	-21.283700
0.639980	1.629157	-25.294446
0.640586	2.736014	-29.056299
0.641191	3.831936	-33.125336
0.641797	4.993467	-37.047966
0.642402	6.117334	-40.664497
0.643008	7.236341	-44.335794
0.643613	8.297635	-47.985131
0.644219	9.437297	-51.545539
0.644824	10.449992	-54.995327
0.645430	11.475444	-58.326364
0.646035	12.527019	-61.555999
0.646641	13.489900	-64.798107
0.647246	14.413293	-67.839582
0.647852	15.379818	-70.735735
0.648457	16.275266	-73.641648
0.649062	17.215669	-76.381632
0.649668	18.084996	-78.646878
0.650273	18.892357	-81.068563
0.650879	19.741636	-83.403216
0.651484	20.496145	-85.494942
0.652090	21.246402	-87.451919
0.652695	21.946237	-89.252999
0.653301	22.618735	-90.862124
0.653906	23.232305	-92.385844
0.654512	23.805173	-93.708389
0.655117	24.342807	-94.895373
0.655723	24.878010	-95.949234
0.656328	25.252228	-96.850723
0.656934	25.676260	-97.353117
0.657539	25.973325	-97.942813
0.658145	26.310485	-98.397488
0.658750	26.599045	-98.361429
0.659355	26.826249	-98.255690
0.659961	27.040694	-98.096540
0.660566	27.184063	-97.711272
0.661172	27.253318	-97.142724
0.661777	27.294628	-96.412314
0.662383	27.276403	-95.521941
0.662988	27.266075	-94.475672
0.663594	27.156726	-93.267270
0.664199	26.956253	-91.790725
0.664805	26.777041	-90.380335
0.665410	26.555306	-88.713190
0.666016	26.210248	-86.614686
0.666621	25.871266	-84.607009
0.667227	25.518311	-82.535075
0.667832	25.084559	-80.218858
0.668438	24.650200	-77.723970
0.669043	24.099201	-75.162656
0.669648	23.530585	-72.437583
0.670254	23.016037	-69.535195
0.670859	22.331997	-66.613015
0.671465	21.628517	-63.523821
0.672070	20.974244	-60.382301
0.672676	20.183893	-57.134771
0.673281	19.392326	-53.522579
0.673887	18.549730	-50.090955
0.674492	17.730218	-46.640895
0.675098	16.804395	-42.916186
0.675703	15.897404	-38.934993
0.676309	14.997096	-35.196186
0.676914	14.101647	-31.281418
0.677520	13.050680	-27.372073
0.678125	12.002143	-23.423957
0.678730	11.016785	-19.356276
0.679336	9.970678	-15.286967
0.679941	8.934898	-11.204374
0.680547	7.819536	-7.046950
0.681152	6.689595	-3.025359
0.681758	5.659890	0.975355
0.682363	4.492891	5.311721
0.682969	3.356874	9.549669
0.683574	2.209315	13.520559
0.684180	1.107926	17.484671
0.684785	-0.035988	21.591395
0.685391	-1.150135	25.581264
0.685996	-2.294656	29.511214
0.686602	-3.383896	33.438724
0.687207	-4.516268	37.273510
0.687813	-5.619479	40.996864
0.688418	-6.678344	44.721030
0.689023	-7.775481	48.298790
0.689629	-8.802756	51.909085
0.690234	-9.877415	55.387613
0.690840	-10.914410	58.490091
0.691445	-11.937433	61.811909
0.692051	-12.936155	65.087636
0.692656	-13.820669	68.101456
0.693262	-14.764109	70.958567
0.693867	-15.677783	73.735696
0.694473	-16.690478	76.346354
0.695078	-17.560411	78.853172
0.695684	-18.305201	81.256962
0.696289	-19.125320	83.455240
0.696895	-19.828192	85.626405
0.697500	-20.554149	87.478728
0.698105	-21.217534	89.053691
0.698711	-21.878489	90.897067
0.699316	-22.470190	92.455220
0.699922	-23.085583	93.576320
0.700527	-23.572794	94.718025
0.701133	-24.067903	95.743961
0.701738	-24.527170	96.557605
0.702344	-25.030784	97.169805
0.702949	-25.377663	97.693888
0.703555	-25.663186	97.933834
0.704160	-25.956607	98.044452
0.704766	-26.166193	97.996192
0.705371	-26.318067	97.809116
0.705977	-26.406761	97.506541
0.706582	-26.575037	96.944771
0.707187	-26.605412	95.987159
0.707793	-26.525830	95.209032
0.708398	-26.573822	94.290462
0.709004	-26.474193	93.027835
0.709609	-26.332039	91.616089
0.710215	-26.126705	90.046278
0.710820	-25.963897	88.343074
0.711426	-25.671691	86.478008
0.712031	-25.346074	84.530249
0.712637	-24.943304	82.450724
0.713242	-24.505907	80.126102
0.713848	-24.016873	77.710382
0.714453	-23.450688	75.017031
0.715059	-22.906372	72.502621
0.715664	-22.369346	69.753961
0.716270	-21.688343	66.663141
0.716875	-21.095428	63.730929
0.717480	-20.341526	60.631975
0.718086	-19.650196	57.309344
0.718691	-18.932136	53.869857
0.719297	-18.036688	50.467244
0.719902	-17.217176	46.934220
0.720508	-16.377617	43.287324
0.721113	-15.483384	39.568851
0.721719	-14.530224	35.750061
0.722324	-13.613513	31.965705
0.722930	-12.608715	28.027349
0.723535	-11.611815	23.946925
0.724141	-10.576035	20.202152
0.724746	-9.568808	16.121457
0.725352	-8.509336	11.949934
0.725957	-7.417059	7.902858
0.726562	-6.364269	3.880183
0.727168	-5.298114	-0.233590
0.727773	-4.166958	-4.360377
0.728379	-3.057063	-8.447037
0.728984	-1.875485	-12.443955
0.729590	-0.775918	-16.502419
0.730195	0.265330	-20.607244
0.730801	1.442048	-24.673028
0.731406	2.504558	-28.508085
0.732012	3.609592	-32.487922
0.732617	4.820939	-36.457186
0.733223	5.929010	-40.024101
0.733828	7.018250	-43.688620
0.734434	8.078329	-47.490600
0.735039	9.212524	-51.004645
0.735645	10.261061	-54.456603
0.736250	11.299878	-57.853251
0.736855	12.291311	-61.117049
0.737461	13.375690	-64.318487
0.738066	14.303943	-67.405783
0.738672	15.222477	-70.317932
0.739277	16.145870	-73.127053
0.739883	17.096600	-75.944580
0.740488	17.905177	-78.328036
0.741094	18.753241	-80.853018
0.741699	19.594014	-83.238101
0.742305	20.350346	-85.225986
0.742910	21.104248	-87.154224
0.743516	21.836280	-88.956389
0.744121	22.504525	-90.725477
0.744727	23.065851	-92.224796
0.745332	23.646009	-93.528091
0.745938	24.147801	-94.739747
0.746543	24.645340	-95.849460
0.747148	25.119186	-96.667443
0.747754	25.517096	-97.350948
0.748359	25.893135	-97.973992
0.748965	26.240623	-98.326996
0.749570	26.468434	-98.258944
0.750176	26.682272	-98.289039
0.750781	26.931345	-98.175709
0.751387	27.086257	-97.774986
0.751992	27.233271	-97.162516
0.752598	27.253925	-96.485789
0.753203	27.240560	-95.653708
0.753809	27.176166	-94.600389
0.754414	27.094762	-93.386836
0.755020	26.937420	-91.993255
0.755625	26.727227	-90.562260
0.756230	26.517033	-88.824623
0.756836	26.226650	-86.901265
0.757441	25.876126	-85.071988
0.758047	25.462421	-82.962910
0.758652	25.062082	-80.520078
0.759258	24.596740	-78.092157
0.759863	24.182428	-75.515660
0.760469	23.604092	-72.846168
0.761074	22.968045	-69.994209
0.761680	22.395784	-67.014550
0.762285	21.746371	-63.967381
0.762891	21.039246	-60.804984
0.763496	20.272587	-57.466899
0.764102	19.525975	-54.042867
0.764707	18.679734	-50.704239
0.765312	17.913682	-46.989019
0.765918	17.005476	-43.165892
0.766523	16.045026	-39.527672
0.767129	15.191494	-35.738435
0.767734	14.236511	-31.845900
0.768340	13.305828	-27.856573
0.768945	12.232991	-23.900866
0.769551	11.226371	-19.876835
0.770156	10.194236	-15.794241
0.770762	9.177289	-11.710292
0.771367	8.086227	-7.652100
0.771973	6.981800	-3.574387
0.772578	5.882233	0.562432
0.773184	4.716449	4.799566
0.773789	3.651510	8.760154
0.774395	2.558018	12.803977
0.775000	1.354569	17.118924
0.775605	0.251965	21.058093
0.776211	-0.808115	25.057993
0.776816	-1.961749	29.072806
0.777422	-3.044306	32.962630
0.778027	-4.181537	36.840795
0.778633	-5.251337	40.581501
0.779238	-6.391606	44.321935
0.779844	-7.446826	47.975067
0.780449	-8.541533	51.541982
0.781055	-9.589463	54.829910
0.781660	-10.607018	58.207850
0.782266	-11.670135	61.645167
0.782871	-12.655492	64.576837
0.783477	-13.603185	67.586049
0.784082	-14.515644	70.615594
0.784687	-15.516189	73.389470
0.785293	-16.469349	76.014498
0.785898	-17.364190	78.565780
0.786504	-18.110195	80.971739
0.787109	-18.937604	83.256235
0.787715	-19.689683	85.284517
0.788320	-20.372508	87.262913
0.788926	-21.008556	89.099782
0.789531	-21.736335	90.794582
0.790137	-22.313456	92.127430
0.790742	-22.888147	93.501489
0.791348	-23.478632	94.808039
0.791953	-24.017481	95.636324
0.792559	-24.483430	96.458645
0.793164	-24.940267	97.182547
0.793770	-25.341821	97.668131
0.794375	-25.698421	97.939798
0.794980	-25.977869	98.049604
0.795586	-26.167408	98.047706
0.796191	-26.414051	97.927055
0.796797	-26.491203	97.499492
0.797402	-26.595084	96.817343
0.798008	-26.675881	96.172608
0.798613	-26.729341	95.402886
0.799219	-26.623637	94.186621
0.799824	-26.556205	93.127609
0.800430	-26.450501	91.881249
0.801035	-26.251849	90.275107
0.801641	-26.084181	88.600642
0.802246	-25.768283	86.785734
0.802852	-25.522247	84.866986
0.803457	-25.081813	82.729711
0.804063	-24.682081	80.471243
0.804668	-24.250759	78.026513
0.805273	-23.696116	75.538403
0.805879	-23.170632	72.864302
0.806484	-22.544912	69.996617
0.807090	-21.916762	67.272629
0.807695	-21.343286	64.212988
0.808301	-20.590599	60.840199
0.808906	-19.875577	57.664246
0.809512	-19.134432	54.393399
0.810117	-18.343473	50.946864
0.810723	-17.500877	47.395403
0.811328	-16.681365	43.745795
0.811934	-15.794422	40.027593
0.812539	-14.889861	36.263029
0.813145	-13.885671	32.390015
0.813750	-12.866293	28.522694
0.814355	-11.939863	24.636395
0.814961	-10.909550	20.661437
0.815566	-9.828208	16.438944
0.816172	-8.797288	12.612021
0.816777	-7.731741	8.640588
0.817383	-6.601192	4.493738
0.817988	-5.579385	0.364782
0.818594	-4.507155	-3.730554
0.819199	-3.338334	-7.835109
0.819805	-2.260029	-11.961896
0.820410	-1.116723	-15.987011
0.821016	0.014434	-19.969017
0.821621	1.128581	-23.993590
0.822227	2.225718	-28.107092
0.822832	3.368417	-32.068493
0.823438	4.485601	-35.720269
0.824043	5.560261	-39.456637
0.824648	6.724222	-43.413429
0.825254	7.835331	-46.994713
0.825859	8.870504	-50.561628
0.826465	9.950023	-53.965596
0.827070	11.036225	-57.296904
0.827676	12.036770	-60.575342
0.828281	13.048250	-63.786541
0.828887	14.014168	-66.937280
0.829492	15.014106	-69.860273
0.830098	15.916237	-72.698134
0.830703	16.766730	-75.349190
0.831309	17.664609	-77.978827
0.831914	18.528467	-80.602499
0.832520	19.322464	-82.695581
0.833125	20.137723	-84.708410
0.833730	20.864288	-86.800407
0.834336	21.630947	-88.664930
0.834941	22.297369	-90.458148
0.835547	22.898790	-91.988104
0.836152	23.475911	-93.323935
0.836758	24.049994	-94.470249
0.837363	24.522626	-95.523297
0.837969	24.984930	-96.486603
0.838574	25.391344	-97.301061
0.839180	25.820843	-97.811046
0.839785	26.162256	-97.915700
0.840391	26.442919	-98.239694
0.840996	26.688955	-98.438699
0.841602	26.907653	-98.160254
0.842207	27.111771	-97.698800
0.842812	27.225373	-97.132150
0.843418	27.300703	-96.425600
0.844023	27.293413	-95.679465
0.844629	27.238130	-94.684709
0.845234	27.162194	-93.528905
0.845840	27.028545	-92.108212
0.846445	26.817136	-90.588559
0.847051	26.608158	-88.919245
0.847656	26.326280	-87.185946
0.848262	26.059589	-85.362091
0.848867	25.598500	-82.989480
0.849473	25.237648	-80.707153
0.850078	24.833056	-78.409102
0.850684	24.347059	-75.849144
0.851289	23.837371	-73.098585
0.851895	23.277867	-70.289735
0.852500	22.684952	-67.286217
0.853105	22.008202	-64.240946
0.853711	21.290749	-61.104848
0.854316	20.562970	-57.858945
0.854922	19.805423	-54.499169
0.855527	18.996846	-51.007627
0.856133	18.146960	-47.278038
0.856738	17.261839	-43.744743
0.857344	16.440505	-40.110047
0.857949	15.433278	-36.047788
0.858555	14.440022	-32.232794
0.859160	13.565836	-28.347579
0.859766	12.528842	-24.354457
0.860371	11.506427	-20.344796
0.860977	10.471254	-16.276843
0.861582	9.457344	-12.198859
0.862187	8.405162	-8.102438
0.862793	7.312885	-3.993003
0.863398	6.196308	0.078203
0.864004	5.064544	4.123382
0.864609	3.985025	8.225496
0.865215	2.838681	12.573521
0.865820	1.688084	16.486390
0.866426	0.576367	20.386246
0.867031	-0.569977	24.557497
0.867637	-1.727863	28.592102
0.868242	-2.847477	32.434479
0.868848	-3.935502	36.280110
0.869453	-5.073341	40.077209
0.870059	-6.203283	43.789718
0.870664	-7.335654	47.416280
0.871270	-8.384191	50.999733
0.871875	-9.494693	54.430543
0.872480	-10.521361	57.830445
0.873086	-11.586908	60.992571
0.873691	-12.516376	64.100200
0.874297	-13.507809	67.348001
0.874902	-14.446997	70.213246
0.875508	-15.438429	72.883009
0.876113	-16.349673	75.622181
0.876719	-17.288861	78.176174
0.877324	-18.098045	80.587827
0.877930	-18.903584	82.879100
0.878535	-19.650196	85.007970
0.879141	-20.343956	86.977148
0.879746	-21.041968	88.760876
0.880352	-21.746055	90.391962
0.880957	-22.309811	91.911886
0.881563	-22.969551	93.328512
0.882168	-23.552139	94.399725
0.882773	-24.051501	95.256207
0.883379	-24.535067	96.362667
0.883984	-25.032606	97.063795
0.884590	-25.443273	97.432253
0.885195	-25.765246	97.782275
0.885801	-26.081143	97.945492
0.886406	-26.345404	97.950914
0.887012	-26.502138	97.798814
0.887617	-26.667984	97.478615
0.888223	-26.805885	96.936909
0.888828	-26.867850	96.292988
0.889434	-26.880607	95.388245
0.890039	-26.852663	94.292360
0.890645	-26.793735	93.357522
0.891250	-26.641862	92.004611
0.891855	-26.488773	90.290832
0.892461	-26.273112	88.735933
0.893066	-26.089041	86.974437
0.893672	-25.720898	85.074396
0.894277	-25.345466	82.970469
0.894883	-24.990081	80.698717
0.895488	-24.480393	78.382228
0.896094	-24.053931	75.813866
0.896699	-23.464053	73.154676
0.897305	-22.918522	70.396255
0.897910	-22.292194	67.600961
0.898516	-21.659183	64.490620
0.899121	-20.885842	61.236312
0.899727	-20.177502	58.253670
0.900332	-19.457012	54.903655
0.900937	-18.635678	51.388526
0.901543	-17.751772	47.901050
0.902148	-16.959598	44.257950
0.902754	-16.045317	40.569300
0.903359	-15.131037	36.817207
0.903965	-14.227083	33.002214
0.904570	-13.213781	29.122150
0.905176	-12.208983	25.210094
0.905781	-11.183531	21.248964
0.906387	-10.094291	17.147663
0.906992	-9.019024	13.208766
0.907598	-7.971702	9.213745
0.908203	-6.926202	4.926182
0.908809	-5.753736	0.865278
0.909414	-4.655991	-3.131911
0.910020	-3.555210	-7.172209
0.910625	-2.447138	-11.306588
0.911230	-1.328131	-15.372372
0.911836	-0.218237	-19.400469
0.912441	0.968202	-23.399014
0.913047	2.104219	-27.385901
0.913652	3.216543	-31.346217
0.914258	4.375644	-35.120542
0.914863	5.533531	-38.883751
0.915469	6.645248	-42.808008
0.916074	7.827434	-46.321782
0.916680	8.807932	-49.727106
0.917285	9.890489	-53.378341
0.917891	10.988233	-56.747063
0.918496	12.099342	-60.003269
0.919102	13.024558	-63.254324
0.919707	14.029356	-66.332401
0.920312	14.947889	-69.318024
0.920918	15.870674	-72.220684
0.921523	16.802573	-74.893972
0.922129	17.685871	-77.577292
0.922734	18.586787	-80.045338
0.923340	19.389288	-82.227620
0.923945	20.229455	-84.407461
0.924551	20.968169	-86.620651
0.925156	21.729969	-88.437728
0.925762	22.364194	-89.999405
0.926367	22.993559	-91.541291
0.926973	23.627785	-92.976895
0.927578	24.169063	-94.221628
0.928184	24.690294	-95.302331
0.928789	25.194516	-96.223070
0.929395	25.546863	-96.971373
0.930000	26.006130	-97.518774
0.930605	26.317167	-97.814571
0.931211	26.592363	-98.149138
0.931816	26.875456	-98.319947
0.932422	27.080789	-97.961249
0.933027	27.219298	-97.581946
0.933633	27.362667	-97.217283
0.934238	27.414304	-96.609422
0.934844	27.459866	-95.707933
0.935449	27.456829	-94.713448
0.936055	27.333507	-93.572014
0.936660	27.205933	-92.257873
0.937266	27.017002	-90.774008
0.937871	26.814706	-89.113913
0.938477	26.500023	-87.353501
0.939082	26.218753	-85.393541
0.939688	25.856686	-83.196619
0.940293	25.433869	-81.046330
0.940898	25.033529	-78.843443
0.941504	24.484353	-76.116744
0.942109	23.948542	-73.398991
0.942715	23.404834	-70.633250
0.943320	22.739626	-67.763396
0.943926	22.133346	-64.736562
0.944531	21.437763	-61.579587
0.945137	20.677786	-58.331244
0.945742	19.902015	-54.962792
0.946348	19.068531	-51.506768
0.946953	18.271497	-47.872072
0.947559	17.368151	-44.327932
0.948164	16.501862	-40.736345
0.948770	15.579077	-36.687642
0.949375	14.574279	-32.894609
0.949980	13.677008	-29.132756
0.950586	12.627256	-25.098965
0.951191	11.600588	-21.043755
0.951797	10.561771	-16.964686
0.952402	9.510196	-12.872061
0.953008	8.454977	-8.781334
0.953613	7.345690	-4.666476
0.954219	6.218786	-0.594457
0.954824	5.113144	3.558901
0.955430	4.012362	7.667522
0.956035	2.798586	11.829555
0.956641	1.714814	15.767639
0.957246	0.564217	19.681051
0.957852	-0.537172	23.896225
0.958457	-1.707208	27.854101
0.959063	-2.854767	31.763175
0.959668	-3.996859	35.601214
0.960273	-5.106146	39.387197
0.960879	-6.120663	43.155828
0.961484	-7.297989	46.744975
0.962090	-8.328302	50.368284
0.962695	-9.483758	53.791774
0.963301	-10.449676	57.211468
0.963906	-11.521906	60.458184
0.964512	-12.509086	63.539786
0.965117	-13.440377	66.750172
0.965723	-14.454894	69.601589
0.966328	-15.363707	72.332897
0.966934	-16.322335	75.204649
0.967539	-17.237831	77.776807
0.968145	-18.062202	80.154570
0.968750	-18.966156	82.432016
0.969355	-19.686645	84.613213
0.969961	-20.410780	86.588084
0.970566	-21.123980	88.373168
0.971172	-21.763065	90.075017
0.971777	-22.390608	91.617987
0.972383	-22.931279	93.093989
0.972988	-23.590412	94.143241
0.973594	-24.083091	95.100311
0.974199	-24.614042	96.230358
0.974805	-25.052046	96.773963
0.975410	-25.446310	97.257649
0.976016	-25.807770	97.661082
0.976621	-26.124275	97.859274
0.977227	-26.394003	97.854936
0.977832	-26.578075	97.732659
0.978437	-26.696536	97.535009
0.979043	-26.831400	97.062439
0.979648	-26.919487	96.391948
0.980254	-26.921310	95.466600
0.980859	-26.929207	94.453950
0.981465	-26.869065	93.495253
0.982070	-26.737238	92.039043
0.982676	-26.555597	90.510172
0.983281	-26.350264	89.060198
0.983887	-26.128528	87.292466
0.984492	-25.871557	85.304852
0.985098	-25.542902	83.223429
0.985703	-25.066626	81.041418
0.986309	-24.632874	78.664469
0.986914	-24.056968	76.198049
0.987520	-23.595272	73.609894
0.988125	-22.964084	70.899191
0.988730	-22.409440	68.036387
0.989336	-21.699278	64.934179
0.989941	-21.031641	61.770156
0.990547	-20.308113	58.755251
0.991152	-19.535379	55.295430
0.991758	-18.760215	51.759966
0.992363	-17.921871	48.363860
0.992969	-17.088995	44.865540
0.993574	-16.121862	41.168214
0.994180	-15.236133	37.370573
0.994785	-14.287833	33.568593
0.995391	-13.317663	29.690970
0.995996	-12.335342	25.798706
0.996602	-11.292880	21.843541
0.997207	-10.255278	17.866414
0.997812	-9.178796	13.822863
0.998418	-8.075584	9.606876
0.999023	-6.991204	5.554648
0.999629	-5.930517	1.690039
1.000234	-4.819408	-2.502631
1.000840	-3.741711	-6.648668
1.001445	-2.555879	-10.678934
1.002051	-1.418648	-14.720588
1.002656	-0.319689	-18.801284
1.003262	0.841843	-22.775428
1.003867	1.966317	-26.750385
1.004473	3.108409	-30.657018
1.005078	4.224378	-34.547113
1.005684	5.319692	-38.410096
1.006289	6.404072	-42.055366
1.006895	7.541911	-45.686266
1.007500	8.640870	-49.488245
1.008105	9.755017	-52.977347
1.008711	10.817527	-56.189089
1.009316	11.828399	-59.508467
1.009922	12.852029	-62.780940
1.010527	13.863509	-65.875014
1.011133	14.780220	-68.864975
1.011738	15.712118	-71.808032
1.012344	16.654344	-74.496503
1.012949	17.511520	-77.125869
1.013555	18.445848	-79.566532
1.014160	19.284192	-81.889799
1.014766	20.073936	-84.230959
1.015371	20.854568	-86.112293
1.015977	21.567767	-87.903070
1.016582	22.276107	-89.809618
1.017187	22.913977	-91.414404
1.017793	23.483808	-92.776534
1.018398	24.101631	-93.997137
1.019004	24.566365	-95.132607
1.019609	25.071194	-96.062564
1.020215	25.529246	-96.848283
1.020820	25.907108	-97.443943
1.021426	26.201743	-97.845208
1.022031	26.556521	-98.140462
1.022637	26.808631	-98.187638
1.023242	27.021255	-97.985379
1.023848	27.189531	-97.895637
1.024453	27.337760	-97.407070
1.025059	27.402762	-96.596137
1.025664	27.439819	-95.840242
1.026270	27.466549	-94.869345
1.026875	27.323180	-93.750142
1.027480	27.274580	-92.454980
1.028086	27.094154	-90.974912
1.028691	26.826856	-89.405371
1.029297	26.614233	-87.591819
1.029902	26.314130	-85.650567
1.030508	25.961175	-83.572127
1.031113	25.543825	-81.496939
1.031719	25.151991	-79.053836
1.032324	24.636227	-76.421217
1.032930	24.092519	-73.985434
1.033535	23.548203	-71.172516
1.034141	22.948605	-68.135108
1.034746	22.245125	-65.121830
1.035352	21.542860	-62.037245
1.035957	20.818118	-58.818997
1.036563	20.047206	-55.435634
1.037168	19.225265	-51.970662
1.037773	18.370518	-48.453092
1.038379	17.561334	-44.836833
1.038984	16.627006	-41.112395
1.039590	15.695716	-37.298485
1.040195	14.746808	-33.616885
1.040801	13.830097	-29.530496
1.041406	12.773662	-25.540898
1.042012	11.785267	-21.659208
1.042617	10.739767	-17.538928
1.043223	9.679688	-13.471788
1.043828	8.608673	-9.387568
1.044434	7.503639	-5.348354
1.045039	6.441129	-1.174663
1.045645	5.249223	2.920131
1.046250	4.134469	7.027939
1.046855	2.992985	11.147677
1.047461	1.905568	15.122634
1.048066	0.672959	19.201161
1.048672	-0.461235	23.242001
1.049277	-1.578419	27.058350
1.049883	-2.738128	31.131183
1.050488	-3.864425	35.101260
1.051094	-5.031424	38.775811
1.051699	-6.079353	42.475306
1.052305	-7.191678	46.215740
1.052910	-8.272412	49.755542
1.053516	-9.372587	53.215363
1.054121	-10.422946	56.609571
1.054727	-11.487886	59.931118
1.055332	-12.470206	63.089719
1.055937	-13.430049	66.153155
1.056543	-14.415407	69.004844
1.057148	-15.364922	71.998872
1.057754	-16.378225	74.756480
1.058359	-17.266991	77.134242
1.058965	-18.083465	79.613947
1.059570	-18.923631	82.000115
1.060176	-19.678141	84.217371
1.060781	-20.424753	86.165672
1.061387	-21.089960	88.029925
1.061992	-21.829282	89.729062
1.062598	-22.399720	91.334662
1.063203	-23.052171	92.710348
1.063809	-23.612889	93.880250
1.064414	-24.171177	94.970984
1.065020	-24.665679	95.914769
1.065625	-25.101860	96.449427
1.066230	-25.524070	97.169805
1.066836	-25.895250	97.678976
1.067441	-26.199605	97.798542
1.068047	-26.384284	97.863070
1.068652	-26.678919	97.728592
1.069258	-26.825933	97.474006
1.069863	-26.914020	97.037767
1.070469	-27.038556	96.374325
1.071074	-27.093231	95.544955
1.071680	-27.046454	94.633977
1.072285	-26.998461	93.531584
1.072891	-26.880000	92.155898
1.073496	-26.640647	90.810036
1.074102	-26.517933	89.221517
1.074707	-26.253064	87.272945
1.075312	-25.950532	85.426044
1.075918	-25.559912	83.543898
1.076523	-25.166863	81.359176
1.077129	-24.773205	78.968942
1.077734	-24.198515	76.522043
1.078340	-23.674854	73.945275
1.078945	-23.089228	71.256262
1.079551	-22.485985	68.385053
1.080156	-21.851759	65.368792
1.080762	-21.130662	62.324063
1.081367	-20.426575	59.130758
1.081973	-19.693935	55.655213
1.082578	-18.829469	52.392229
1.083184	-18.056128	49.070139
1.083789	-17.257271	45.390979
1.084395	-16.324765	41.668439
1.085000	-15.404410	37.905230
1.085605	-14.495596	34.149613
1.086211	-13.444022	30.343295
1.086816	-12.446514	26.435577
1.087422	-11.397369	22.469838
1.088027	-10.408366	18.475089
1.088633	-9.323380	14.467055
1.089238	-8.272412	10.328067
1.089844	-7.160695	6.243305
1.090449	-6.065381	2.291935
1.091055	-4.929364	-2.005389
1.091660	-3.770871	-6.130278
1.092266	-2.649434	-9.982415
1.092871	-1.582672	-14.049284
1.093477	-0.424178	-18.120761
1.094082	0.719129	-22.197661
1.094688	1.838743	-26.163129
1.095293	3.009387	-30.082505
1.095898	4.095589	-33.968263
1.096504	5.250438	-37.779189
1.097109	6.362762	-41.509321
1.097715	7.518826	-45.145915
1.098320	8.654843	-48.947894
1.098926	9.753802	-52.353490
1.099531	10.738552	-55.578516
1.100137	11.789520	-59.007157
1.100742	12.849599	-62.299965
1.101348	13.861687	-65.415186
1.101953	14.792370	-68.378578
1.102559	15.715156	-71.302656
1.103164	16.673783	-74.038845
1.103770	17.569839	-76.679598
1.104375	18.416081	-79.203497
1.104980	19.266574	-81.560111
1.105586	20.107956	-83.823730
1.106191	20.870970	-85.799144
1.106797	21.567767	-87.698100
1.107402	22.305874	-89.661313
1.108008	22.944352	-91.223804
1.108613	23.528763	-92.494294
1.109219	24.080976	-93.849916
1.109824	24.602207	-94.996773
1.110430	25.055399	-95.990987
1.111035	25.564480	-96.741189
1.111641	25.950240	-97.327631
1.112246	26.262493	-97.804810
1.112852	26.579605	-98.089491
1.113457	26.891858	-98.140462
1.114062	27.124529	-98.076477
1.114668	27.289160	-97.916785
1.115273	27.376639	-97.454517
1.115879	27.464119	-96.637077
1.116484	27.470194	-96.028402
1.117090	27.499961	-95.078924
1.117695	27.444679	-93.925289
1.118301	27.346872	-92.626873
1.118906	27.150044	-91.204012
1.119512	26.920410	-89.651010
1.120117	26.670730	-87.893310
1.120723	26.317167	-85.959649
1.121328	25.981222	-83.940585
1.121934	25.585743	-81.781891
1.122539	25.124046	-79.459981
1.123145	24.695154	-76.878875
1.123750	24.124108	-74.424113
1.124355	23.588297	-71.691178
1.124961	23.007532	-68.655938
1.125566	22.303444	-65.664892
1.126172	21.665574	-62.551298
1.126777	20.909850	-59.365042
1.127383	20.143190	-56.021263
1.127988	19.298164	-52.561713
1.128594	18.481690	-49.072340
1.129199	17.605074	-45.425986
1.129805	16.746075	-41.681485
1.130410	15.769830	-37.978195
1.131016	14.881064	-34.261348
1.131621	13.899959	-30.335465
1.132227	12.881189	-26.182108
1.132832	11.890971	-22.307195
1.133438	10.855191	-18.380770
1.134043	9.820019	-14.176983
1.134648	8.631150	-10.115809
1.135254	7.563781	-6.038366
1.135859	6.513421	-1.906699
1.136465	5.359180	2.193517
1.137070	4.226200	6.329251
1.137676	3.090184	10.432992
1.138281	1.973000	14.462717
1.138887	0.871610	18.473733
1.139492	-0.297819	22.576661
1.140098	-1.499445	26.408736
1.140703	-2.548590	30.288257
1.141309	-3.737458	34.365157
1.141914	-4.860717	38.227597
1.142520	-5.945704	41.847110
1.143125	-7.092048	45.559890
1.143730	-8.155166	49.188350
1.144336	-9.274172	52.643561
1.144941	-10.268643	56.025840
1.145547	-11.396154	59.361214
1.146152	-12.412494	62.559399
1.146758	-13.312195	65.661335
1.147363	-14.348582	68.593276
1.147969	-15.253143	71.315096
1.148574	-16.261586	74.258695
1.149180	-17.133949	76.801301
1.149785	-18.022108	79.128906
1.150391	-18.798487	81.629487
1.150996	-19.601596	83.790892
1.151602	-20.328161	85.806161
1.152207	-21.043183	87.755004
1.152813	-21.693811	89.451973
1.153418	-22.340186	91.070044
1.154023	-22.970159	92.491821
1.154629	-23.582514	93.715678
1.155234	-24.067903	94.775504
1.155840	-24.615864	95.700309
1.156445	-25.033213	96.482233
1.157051	-25.497948	96.896240
1.157656	-25.866697	97.487291
1.158262	-26.213577	97.798814
1.158867	-26.458398	97.745944
1.159473	-26.675274	97.688466
1.160078	-26.903085	97.473193
1.160684	-26.957152	97.050239
1.161289	-27.126036	96.423941
1.161895	-27.059211	95.635782
1.162500	-27.079866	94.747849
1.163105	-27.008181	93.650879
1.163711	-26.862990	92.419160
1.164316	-26.686209	90.898965
1.164922	-26.480875	89.393139
1.165527	-26.315637	87.680987
1.166133	-25.976047	85.628574
1.166738	-25.615802	83.755104
1.167344	-25.247659	81.711096
1.167949	-24.785355	79.361530
1.168555	-24.277489	76.866913
1.169160	-23.757473	74.311293
1.169766	-23.185212	71.632040
1.170371	-22.575894	68.837017
1.170977	-21.931341	65.877151
1.171582	-21.180477	62.750271
1.172187	-20.478820	59.627459
1.172793	-19.757115	56.328686
1.173398	-19.013540	52.795662
1.174004	-18.068277	49.410130
1.174609	-17.332600	45.959527
1.175215	-16.428647	42.183305
1.175820	-15.467589	38.491402
1.176426	-14.536906	34.704605
1.177031	-13.548511	30.881749
1.177637	-12.537031	26.964270
1.178242	-11.527981	23.012901
1.178848	-10.485518	19.040113
1.179453	-9.420579	15.023673
1.180059	-8.296105	10.993407
1.180664	-7.246960	6.792603
1.181270	-6.132206	2.799481
1.181875	-5.028386	-1.257085
1.182480	-3.928212	-5.533261
1.183086	-2.743596	-9.445047
1.183691	-1.656179	-13.434102
1.184297	-0.496470	-17.495277
1.184902	0.628004	-21.567025
1.185508	1.676542	-25.604070
1.186113	2.859943	-29.478440
1.186719	3.968015	-33.382905
1.187324	5.113751	-37.177022
1.187930	6.312340	-40.919083
1.188535	7.390037	-44.641623
1.189141	8.518156	-48.279572
1.189746	9.640808	-51.851638
1.190352	10.660185	-55.197044
1.190957	11.648581	-58.515066
1.191563	12.767587	-61.924729
1.192168	13.726823	-65.003619
1.192773	14.706713	-68.010391
1.193379	15.592441	-70.916846
1.193984	16.558359	-73.716207
1.194590	17.459275	-76.373499
1.195195	18.299441	-78.911224
1.195801	19.168768	-81.239642
1.196406	20.001036	-83.496483
1.197012	20.732461	-85.671715
1.197617	21.468138	-87.484183
1.198223	22.131523	-89.372837
1.198828	22.850190	-91.144093
1.199434	23.456471	-92.366323
1.200039	23.997749	-93.574996
1.200645	24.550570	-94.814849
1.201250	25.059044	-95.850002
1.201855	25.480038	-96.653344
1.202461	25.820843	-97.328444
1.203066	26.238193	-97.775800
1.203672	26.527361	-98.094913
1.204277	26.778864	-98.231289
1.204883	27.061957	-98.152121
1.205488	27.212616	-97.926816
1.206094	27.309207	-97.606618
1.206699	27.460474	-96.862381
1.207305	27.420379	-96.213851
1.207910	27.446501	-95.489949
1.208516	27.347480	-94.299441
1.209121	27.246028	-92.866548
1.209727	27.052844	-91.518787
1.210332	26.841436	-90.017571
1.210937	26.568670	-88.291050
1.211543	26.315952	-86.415410
1.212148	25.985475	-84.342392
1.212754	25.559620	-82.224095
1.213359	25.117364	-79.869650
1.213965	24.654452	-77.425191
1.214570	24.130183	-74.851948
1.215176	23.566428	-72.255930
1.215781	22.981409	-69.187071
1.216387	22.308912	-66.094082
1.216992	21.665574	-63.148585
1.217598	20.936580	-59.917865
1.218203	20.201510	-56.591980
1.218809	19.362559	-53.157645
1.219414	18.521785	-49.655800
1.220020	17.692553	-46.029781
1.220625	16.808647	-42.404574
1.221230	15.840300	-38.608559
1.221836	14.889569	-34.831523
1.222441	13.967391	-30.940615
1.223047	12.912779	-26.920651
1.223652	11.851484	-22.953285
1.224258	10.874631	-19.130700
1.224863	9.819412	-15.005811
1.225469	8.772089	-10.761898
1.226074	7.634250	-6.660326
1.226680	6.508561	-2.662324
1.227285	5.398667	1.452805
1.227891	4.299707	5.612669
1.228496	3.139998	9.719393
1.229102	2.055011	13.813102
1.229707	0.915957	17.836591
1.230312	-0.280201	21.948466
1.230918	-1.359721	25.850490
1.231523	-2.554057	29.616682
1.232129	-3.620212	33.676229
1.232734	-4.798753	37.667725
1.233340	-5.934162	41.264464
1.233945	-7.003354	44.978057
1.234551	-8.117501	48.588893
1.235156	-9.192160	52.078538
1.235762	-10.257100	55.510161
1.236367	-11.303815	58.808391
1.236973	-12.402167	62.038298
1.237578	-13.261773	65.178192
1.238184	-14.279935	68.166526
1.238789	-15.197861	70.934979
1.239395	-16.161349	73.777991
