LabVIEW Measurement	
Writer_Version	2
Reader_Version	2
Separator	Tab
Decimal_Separator	.
Multi_Headings	No
X_Columns	One
Time_Pref	Absolute
Operator	AlunosGDS-JT
Date	2019/10/09
Time	15:05:07.5680753937497769649
***End_of_Header***	
	
Channels	2		
Samples	2048	2048	
Date	2019/10/09	2019/10/09	
Time	15:06:48.006258987499776246	15:06:48.006258987499776246	
Y_Unit_Label	g	Newtons	
X_Dimension	Time	Time	
X0	0.0000000000000000E+0	0.0000000000000000E+0	
Delta_X	0.000605	0.000605	
***End_of_Header***			
X_Value	Acceleration (Trigger)	Force (Trigger)	Comment
0.000000	0.337014	6.680086
0.000605	0.575760	16.087566
0.001211	0.864320	25.272995
0.001816	1.151666	34.615676
0.002422	1.305969	43.617554
0.003027	1.534388	52.085587
0.003633	1.769489	60.403417
0.004238	1.955382	68.362007
0.004844	2.169221	75.813594
0.005449	2.390956	82.839787
0.006055	2.579280	89.283333
0.006660	2.746341	95.200627
0.007266	2.925553	100.459359
0.007871	3.052519	105.051395
0.008477	3.149111	109.050754
0.009082	3.209860	112.401040
0.009687	3.300377	114.737591
0.010293	3.356874	116.621365
0.010898	3.388464	117.815126
0.011504	3.397577	117.958280
0.012109	3.389679	117.573554
0.012715	3.406081	116.468179
0.013320	3.338649	114.528283
0.013926	3.312527	111.843608
0.014531	3.204393	108.428523
0.015137	3.076819	104.427809
0.015742	3.002704	99.704548
0.016348	2.883635	94.331402
0.016953	2.701994	88.357443
0.017559	2.528250	81.961615
0.018164	2.361189	74.822905
0.018770	2.188053	67.297843
0.019375	2.026459	59.595737
0.019980	1.744581	51.253506
0.020586	1.543500	42.556643
0.021191	1.291390	33.590825
0.021797	1.052644	24.490258
0.022402	0.789598	15.168454
0.023008	0.559965	5.793238
0.023613	0.320004	-3.649488
0.024219	0.041164	-13.070524
0.024824	-0.181787	-22.462008
0.025430	-0.419318	-31.678073
0.026035	-0.656849	-40.666937
0.026641	-0.913819	-49.425345
0.027246	-1.144060	-58.103499
0.027852	-1.346963	-66.057752
0.028457	-1.538325	-73.632158
0.029062	-1.750340	-80.912395
0.029668	-1.938664	-87.600495
0.030273	-2.104510	-93.750956
0.030879	-2.252132	-99.311449
0.031484	-2.394286	-104.204163
0.032090	-2.518215	-108.416083
0.032695	-2.651864	-112.026106
0.033301	-2.725978	-114.881319
0.033906	-2.781260	-117.098034
0.034512	-2.787943	-118.411361
0.035117	-2.838365	-118.883389
0.035723	-2.807383	-118.888269
0.036328	-2.809813	-117.890531
0.036934	-2.718081	-116.130932
0.037539	-2.662799	-113.737174
0.038145	-2.606302	-110.595653
0.038750	-2.476298	-106.696882
0.039355	-2.401576	-102.136567
0.039961	-2.273394	-96.970560
0.040566	-2.061986	-91.156565
0.041172	-1.912542	-84.774564
0.041777	-1.735761	-77.757318
0.042383	-1.521315	-70.392491
0.042988	-1.314766	-62.501411
0.043594	-1.135555	-54.068624
0.044199	-0.846995	-45.671083
0.044805	-0.634371	-36.648058
0.045410	-0.310576	-27.414098
0.046016	-0.064540	-18.071416
0.046621	0.142008	-8.717077
0.047227	0.394726	0.757642
0.047832	0.696651	10.260557
0.048438	0.914135	19.649329
0.049043	1.182648	28.881392
0.049648	1.511303	38.064380
0.050254	1.697197	46.894636
0.050859	1.968747	55.322543
0.051465	2.223288	63.468751
0.052070	2.408574	71.446049
0.052676	2.590822	78.713000
0.053281	2.849616	85.383207
0.053887	3.041584	91.728064
0.054492	3.202570	97.482682
0.055098	3.324070	102.467578
0.055703	3.540945	106.933000
0.056309	3.606555	110.641170
0.056914	3.680669	113.609984
0.057520	3.746886	115.922677
0.058125	3.835581	117.391901
0.058730	3.858058	118.250823
0.059336	3.897545	118.350868
0.059941	3.890863	117.402474
0.060547	3.839226	116.158013
0.061152	3.795486	114.064931
0.061758	3.716512	111.071716
0.062363	3.622957	107.462235
0.062969	3.526366	103.179551
0.063574	3.421269	98.234511
0.064180	3.230515	92.662630
0.064785	3.121166	86.524099
0.065391	2.945600	79.805090
0.065996	2.747556	72.606733
0.066602	2.537363	64.861247
0.067207	2.310160	56.798545
0.067812	2.146743	48.458754
0.068418	1.822341	39.523031
0.069023	1.615792	30.626349
0.069629	1.343027	21.537712
0.070234	1.090916	12.063807
0.070840	0.849133	2.610507
0.071445	0.505290	-6.826797
0.072051	0.289629	-16.229939
0.072656	0.018079	-25.561232
0.073262	-0.195759	-34.751270
0.073867	-0.480067	-43.695669
0.074473	-0.737645	-52.371113
0.075078	-1.012233	-60.776516
0.075684	-1.241259	-68.753814
0.076289	-1.439303	-76.156328
0.076895	-1.638561	-83.428160
0.077500	-1.829922	-90.021095
0.078105	-1.998806	-95.788728
0.078711	-2.207177	-101.081079
0.079316	-2.354798	-105.833622
0.079922	-2.487840	-109.866599
0.080527	-2.578357	-113.166185
0.081133	-2.631209	-115.784977
0.081738	-2.790373	-117.669564
0.082344	-2.845655	-118.781988
0.082949	-2.877852	-119.095408
0.083555	-2.874207	-118.691161
0.084160	-2.897899	-117.613984
0.084766	-2.860842	-115.505719
0.085371	-2.856590	-112.869575
0.085977	-2.777008	-109.660274
0.086582	-2.653686	-105.429646
0.087188	-2.538262	-100.621794
0.087793	-2.428913	-95.265729
0.088398	-2.314704	-89.247306
0.089004	-2.116660	-82.672807
0.089609	-1.981189	-75.559040
0.090215	-1.813520	-67.961046
0.090820	-1.588139	-59.924101
0.091426	-1.358506	-51.493754
0.092031	-1.130088	-42.752969
0.092637	-0.954521	-33.894517
0.093242	-0.706663	-24.536653
0.093848	-0.447870	-15.157912
0.094453	-0.254079	-5.858882
0.095059	0.036911	3.721846
0.095664	0.293882	13.212019
0.096270	0.512580	22.578830
0.096875	0.773196	31.738773
0.097480	1.079981	40.779151
0.098086	1.258585	49.499330
0.098691	1.494901	57.920729
0.099297	1.693552	65.972586
0.099902	1.960242	73.539673
0.100508	2.106649	80.718780
0.101113	2.341749	87.200555
0.101719	2.565308	93.402800
0.102324	2.624842	99.026466
0.102930	2.830176	103.699026
0.103535	2.993592	107.822831
0.104141	3.048874	111.333351
0.104746	3.129671	114.125121
0.105352	3.229908	116.190548
0.105957	3.285190	117.455073
0.106563	3.302200	117.994882
0.107168	3.379959	117.813770
0.107773	3.314350	116.823624
0.108379	3.291265	115.155936
0.108984	3.279722	112.790104
0.109590	3.187991	109.465574
0.110195	3.134531	105.583613
0.110801	3.023359	101.340242
0.111406	2.886065	96.101303
0.112012	2.785221	90.330959
0.112617	2.665544	83.971732
0.113223	2.479651	77.091404
0.113828	2.312590	69.742845
0.114434	2.098144	61.946116
0.115039	1.954775	53.773879
0.115645	1.709347	45.250537
0.116250	1.500368	36.361447
0.116855	1.234285	27.219398
0.117461	1.081804	18.086025
0.118066	0.793243	8.608866
0.118672	0.523515	-0.853652
0.119277	0.258647	-10.071344
0.119883	0.015042	-19.472317
0.120488	-0.201227	-28.819336
0.121094	-0.406560	-37.865949
0.121699	-0.688438	-46.730095
0.122305	-0.835452	-55.267265
0.122910	-1.077843	-63.486948
0.123516	-1.290466	-71.282593
0.124121	-1.498230	-78.615970
0.124727	-1.715106	-85.544016
0.125332	-1.815950	-91.893482
0.125938	-1.977544	-97.481359
0.126543	-2.117875	-102.656584
0.127148	-2.293441	-107.277902
0.127754	-2.376061	-110.799268
0.128359	-2.479943	-113.902831
0.128965	-2.538262	-116.219319
0.129570	-2.563777	-117.823292
0.130176	-2.619667	-118.652662
0.130781	-2.564384	-118.713122
0.131387	-2.572282	-118.013892
0.131992	-2.578357	-116.562020
0.132598	-2.483588	-114.285930
0.133203	-2.416156	-111.425294
0.133809	-2.308021	-107.841841
0.134414	-2.186522	-103.313790
0.135020	-2.113015	-98.470150
0.135625	-1.927122	-92.945445
0.136230	-1.771603	-86.502712
0.136836	-1.600289	-79.703179
0.137441	-1.423508	-72.459273
0.138047	-1.208454	-64.750389
0.138652	-0.986111	-56.526097
0.139258	-0.720028	-48.031764
0.139863	-0.505582	-39.186868
0.140469	-0.247397	-30.103653
0.141074	0.002284	-20.832007
0.141680	0.228272	-11.436456
0.142285	0.469448	-2.054191
0.142891	0.798711	7.552294
0.143496	1.050821	17.003967
0.144102	1.298680	26.089351
0.144707	1.516770	35.327107
0.145313	1.762806	44.312175
0.145918	2.048937	52.972435
0.146523	2.260952	61.209199
0.147129	2.503343	69.082927
0.147734	2.728116	76.516620
0.148340	2.927983	83.492384
0.148945	3.106586	89.956807
0.149551	3.277900	95.790594
0.150156	3.460149	101.062340
0.150762	3.566460	105.429343
0.151367	3.652725	109.486451
0.151973	3.785766	112.826434
0.152578	3.798524	115.150785
0.153184	3.881143	117.013411
0.153789	3.917593	118.052902
0.154395	3.900583	118.286341
0.155000	3.895115	117.807806
0.155605	3.903620	116.600488
0.156211	3.878713	114.647307
0.156816	3.754176	111.909491
0.157422	3.681277	108.452653
0.158027	3.507533	104.387140
0.158633	3.421876	99.705904
0.159238	3.279722	94.135921
0.159844	3.088969	88.256314
0.160449	2.890318	81.795687
0.161055	2.724472	74.538767
0.161660	2.501521	67.045969
0.162266	2.317450	59.176578
0.162871	2.051366	50.826213
0.163477	1.767059	42.106848
0.164082	1.481536	33.196339
0.164687	1.265267	24.032600
0.165293	0.940257	14.663891
0.165898	0.731279	5.261563
0.166504	0.452438	-4.181163
0.167109	0.142616	-13.565598
0.167715	-0.108888	-23.093728
0.168320	-0.430860	-32.292984
0.168926	-0.664138	-41.114564
0.169531	-1.015271	-49.986572
0.170137	-1.196305	-58.476838
0.170742	-1.444770	-66.510801
0.171348	-1.658001	-74.181457
0.171953	-1.939272	-81.476605
0.172559	-2.124558	-88.137864
0.173164	-2.312881	-94.243589
0.173770	-2.529757	-99.857223
0.174375	-2.710791	-104.738007
0.174980	-2.818318	-108.982462
0.175586	-2.948929	-112.452314
0.176191	-3.056456	-115.404861
0.176797	-3.116598	-117.479235
0.177402	-3.210760	-118.580271
0.178008	-3.241134	-119.320713
0.178613	-3.273332	-119.091341
0.179219	-3.304314	-118.125596
0.179824	-3.220480	-116.380909
0.180430	-3.185852	-113.945397
0.181035	-3.075896	-110.742874
0.181641	-2.952574	-106.818346
0.182246	-2.898507	-102.270774
0.182852	-2.742988	-97.108291
0.183457	-2.649434	-91.232480
0.184062	-2.453820	-84.739047
0.184668	-2.261852	-78.002415
0.185273	-2.051658	-70.434244
0.185879	-1.883382	-62.282071
0.186484	-1.619729	-54.098176
0.187090	-1.416218	-45.516000
0.187695	-1.202987	-36.574041
0.188301	-0.930221	-27.419520
0.188906	-0.644699	-18.028037
0.189512	-0.398663	-8.587751
0.190117	-0.108280	0.949869
0.190723	0.172383	10.382834
0.191328	0.449401	19.676171
0.191934	0.705156	29.006922
0.192539	1.009512	38.244136
0.193145	1.256155	46.912801
0.193750	1.530135	55.322543
0.194355	1.793788	63.724151
0.194961	1.976645	71.435204
0.195566	2.266420	78.686430
0.196172	2.393386	85.512533
0.196777	2.624235	91.787982
0.197383	2.824101	97.399718
0.197988	3.005742	102.403051
0.198594	3.161868	106.802318
0.199199	3.287012	110.509404
0.199805	3.399399	113.463848
0.200410	3.540338	115.669175
0.201016	3.579825	117.314359
0.201621	3.627817	118.048293
0.202227	3.655155	117.937132
0.202832	3.683099	117.424707
0.203437	3.689174	115.947349
0.204043	3.641182	113.723314
0.204648	3.579825	110.779986
0.205254	3.489308	107.173216
0.205859	3.435849	102.844170
0.206465	3.313135	97.892351
0.207070	3.194066	92.320471
0.207676	3.034294	86.143711
0.208281	2.856298	79.390270
0.208887	2.724472	72.092952
0.209492	2.511241	64.494415
0.210098	2.308945	56.468586
0.210703	2.083564	47.815104
0.211309	1.858790	39.186836
0.211914	1.638270	30.257078
0.212520	1.364897	21.020949
0.213125	1.138301	11.673387
0.213730	0.894695	2.286242
0.214336	0.589125	-7.170854
0.214941	0.424493	-16.571013
0.215547	0.086118	-25.878177
0.216152	-0.097345	-35.000976
0.216758	-0.356138	-43.921245
0.217363	-0.571192	-52.783764
0.217969	-0.836667	-60.899065
0.218574	-1.052936	-68.739173
0.219180	-1.232754	-76.439382
0.219785	-1.443555	-83.416230
0.220391	-1.638561	-89.829139
0.220996	-1.772210	-95.752668
0.221602	-1.951421	-101.072132
0.222207	-2.061378	-105.761774
0.222812	-2.229047	-109.735375
0.223418	-2.341434	-113.076985
0.224023	-2.373631	-115.636401
0.224629	-2.455035	-117.454020
0.225234	-2.463540	-118.448505
0.225840	-2.524290	-118.834857
0.226445	-2.457465	-118.445251
0.227051	-2.482373	-117.033777
0.227656	-2.438025	-115.161933
0.228262	-2.422838	-112.477258
0.228867	-2.305591	-108.928237
0.229473	-2.218719	-104.774880
0.230078	-2.119090	-100.025591
0.230684	-1.947776	-94.588188
0.231289	-1.818987	-88.572206
0.231895	-1.653749	-81.957851
0.232500	-1.474537	-74.850592
0.233105	-1.261914	-67.211658
0.233711	-1.086955	-59.104762
0.234316	-0.859752	-50.741383
0.234922	-0.608249	-42.142668
0.235527	-0.383476	-32.888916
0.236133	-0.171460	-23.659836
0.236738	0.114063	-14.379242
0.237344	0.371034	-4.928383
0.237949	0.590947	4.527357
0.238555	0.889835	14.006956
0.239160	1.095169	23.348824
0.239766	1.419571	32.571397
0.240371	1.604857	41.574359
0.240977	1.897063	50.302672
0.241582	2.042254	58.601523
0.242187	2.304085	66.701369
0.242793	2.525213	74.303702
0.243398	2.701387	81.187012
0.244004	2.855083	88.010133
0.244609	3.020322	94.073020
0.245215	3.194673	99.424476
0.245820	3.308275	104.200878
0.246426	3.427344	108.284285
0.247031	3.516646	111.703707
0.247637	3.605340	114.423900
0.248242	3.660015	116.381691
0.248848	3.681884	117.624525
0.249453	3.768756	118.151320
0.250059	3.701324	117.752767
0.250664	3.671557	116.786751
0.251270	3.645435	115.184676
0.251875	3.585293	112.436828
0.252480	3.523328	109.355769
0.253086	3.427344	105.637567
0.253691	3.307060	101.006488
0.254297	3.124811	95.763481
0.254902	2.986302	90.004525
0.255508	2.810736	83.614932
0.256113	2.601757	76.642693
0.256719	2.380022	69.246687
0.257324	2.185623	61.412000
0.257930	1.933512	53.209127
0.258535	1.668644	44.549409
0.259141	1.406206	35.673062
0.259746	1.148021	26.698568
0.260352	0.918387	17.223578
0.260957	0.627397	7.782208
0.261562	0.309677	-1.476967
0.262168	0.107988	-10.921862
0.262773	-0.148982	-20.357539
0.263379	-0.491610	-29.601530
0.263984	-0.718813	-38.663326
0.264590	-0.951484	-47.528286
0.265195	-1.228502	-56.053798
0.265801	-1.499445	-64.250164
0.266406	-1.679263	-72.006495
0.267012	-1.938664	-79.460794
0.267617	-2.109370	-86.358474
0.268223	-2.357228	-92.462301
0.268828	-2.525505	-98.312626
0.269434	-2.669481	-103.378047
0.270039	-2.804345	-107.658290
0.270645	-2.975659	-111.494431
0.271250	-3.046736	-114.550818
0.271855	-3.136038	-116.812268
0.272461	-3.216227	-118.372048
0.273066	-3.242957	-119.170781
0.273672	-3.261182	-119.223650
0.274277	-3.286089	-118.479142
0.274883	-3.208937	-116.911771
0.275488	-3.193750	-114.759584
0.276094	-3.103840	-111.854485
0.276699	-2.955004	-107.954900
0.277305	-2.926452	-103.680893
0.277910	-2.803738	-98.777063
0.278516	-2.595974	-92.958188
0.279121	-2.478120	-86.670267
0.279727	-2.254562	-79.878597
0.280332	-2.113015	-72.599445
0.280938	-1.902822	-64.760149
0.281543	-1.616084	-56.563512
0.282148	-1.424115	-48.032035
0.282754	-1.144667	-39.190935
0.283359	-0.910782	-30.057833
0.283965	-0.627081	-20.813570
0.284570	-0.346418	-11.482548
0.285176	-0.108280	-1.826175
0.285781	0.191823	7.709275
0.286387	0.428746	16.991224
0.286992	0.776841	26.392739
0.287598	0.977314	35.558918
0.288203	1.287745	44.496539
0.288809	1.570230	53.116945
0.289414	1.805331	61.405222
0.290020	2.089639	69.331006
0.290625	2.339927	76.727826
0.291230	2.526428	83.643129
0.291836	2.728116	90.150119
0.292441	2.924945	95.992311
0.293047	3.118129	101.041463
0.293652	3.300985	105.798344
0.294258	3.389679	109.734801
0.294863	3.557348	112.832399
0.295469	3.647865	115.368227
0.296074	3.727447	117.125385
0.296680	3.788196	118.104145
0.297285	3.812496	118.309657
0.297891	3.831328	117.839798
0.298496	3.850161	116.587203
0.299102	3.833151	114.616399
0.299707	3.799131	111.818664
0.300312	3.803991	108.400326
0.300918	3.652725	104.322341
0.301523	3.553703	99.378385
0.302129	3.469869	94.175234
0.302734	3.355052	88.301591
0.303340	3.212290	81.608068
0.303945	3.057379	74.537140
0.304551	2.859943	66.982254
0.305156	2.630917	59.004143
0.305762	2.477221	50.693633
0.306367	2.263382	42.032017
0.306973	2.006412	33.035020
0.307578	1.755516	23.903545
0.308184	1.491256	14.494709
0.308789	1.211808	5.104582
0.309395	1.018624	-4.218307
0.310000	0.735531	-13.869257
0.310605	0.476131	-23.221699
0.311211	0.234347	-32.186432
0.311816	-0.029913	-41.259615
0.312422	-0.280809	-50.019650
0.313027	-0.531704	-58.444574
0.313633	-0.764375	-66.524357
0.314238	-1.012841	-74.181728
0.314844	-1.204809	-81.364088
0.315449	-1.418040	-88.007724
0.316055	-1.606364	-94.092302
0.316660	-1.736976	-99.589623
0.317266	-1.927122	-104.551745
0.317871	-2.069883	-108.563304
0.318477	-2.196850	-112.196644
0.319082	-2.302554	-115.112317
0.319688	-2.416156	-116.927767
0.320293	-2.496952	-118.223472
0.320898	-2.535225	-118.789037
0.321504	-2.606909	-118.582712
0.322109	-2.557702	-117.557861
0.322715	-2.601442	-115.850589
0.323320	-2.545552	-113.339163
0.323926	-2.467793	-110.134199
0.324531	-2.356621	-106.211569
0.325137	-2.277039	-101.617635
0.325742	-2.144605	-96.471691
0.326348	-2.028573	-90.455979
0.326953	-1.893709	-84.062320
0.327559	-1.748518	-77.272548
0.328164	-1.562624	-69.641476
0.328770	-1.390703	-61.678005
0.329375	-1.157425	-53.348517
0.329980	-1.049291	-44.834935
0.330586	-0.756478	-35.858001
0.331191	-0.542639	-26.695889
0.331797	-0.313006	-17.397943
0.332402	-0.042671	-7.953590
0.333008	0.165700	1.511639
0.333613	0.431783	10.881432
0.334219	0.692399	20.155248
0.334824	0.925070	29.651928
0.335430	1.188723	38.641333
0.336035	1.397094	47.352565
0.336641	1.620045	55.926337
0.337246	1.825378	64.072274
0.337852	2.034357	71.747811
0.338457	2.327777	79.018558
0.339062	2.449276	85.796129
0.339668	2.640030	92.039043
0.340273	2.800408	97.630987
0.340879	2.926768	102.572504
0.341484	3.068314	106.950894
0.342090	3.148503	110.595621
0.342695	3.263928	113.383595
0.343301	3.356874	115.754579
0.343906	3.392109	117.257423
0.344512	3.426129	117.792894
0.345117	3.467439	117.878027
0.345723	3.399399	117.109118
0.346328	3.355052	115.572655
0.346934	3.341687	113.308494
0.347539	3.291872	110.303349
0.348145	3.192243	106.663502
0.348750	3.126026	102.335541
0.349355	2.965647	97.251142
0.349961	2.836251	91.687666
0.350566	2.661899	85.470509
0.351172	2.503343	78.585843
0.351777	2.317450	71.500274
0.352383	2.104826	63.904448
0.352988	1.951130	55.642199
0.353594	1.671074	47.246827
0.354199	1.495508	38.502518
0.354805	1.231248	29.430690
0.355410	0.977314	20.184258
0.356016	0.730064	10.833172
0.356621	0.477953	1.431657
0.357227	0.214908	-8.002664
0.357832	-0.070615	-17.485787
0.358438	-0.283846	-26.763399
0.359043	-0.537779	-35.843360
0.359648	-0.776525	-44.946638
0.360254	-1.040178	-53.482995
0.360859	-1.260699	-61.632999
0.361465	-1.483042	-69.666419
0.362070	-1.711461	-77.170063
0.362676	-1.900392	-84.108140
0.363281	-2.061378	-90.591813
0.363887	-2.232084	-96.465455
0.364492	-2.445923	-101.765940
0.365098	-2.486018	-106.342251
0.365703	-2.677986	-110.286029
0.366309	-2.754531	-113.563112
0.366914	-2.834112	-116.138524
0.367520	-2.879675	-117.755239
0.368125	-2.948322	-118.958490
0.368730	-2.973229	-119.171052
0.369336	-2.965331	-118.472093
0.369941	-2.938602	-117.234680
0.370547	-2.925237	-115.257911
0.371152	-2.859627	-112.533109
0.371758	-2.763643	-109.014184
0.372363	-2.634246	-104.849439
0.372969	-2.529150	-100.011222
0.373574	-2.383958	-94.548875
0.374180	-2.227832	-88.424172
0.374785	-2.040723	-81.826627
0.375391	-1.839642	-74.728044
0.375996	-1.595429	-66.848893
0.376602	-1.382198	-58.900334
0.377207	-1.163500	-50.580606
0.377812	-0.907744	-41.584965
0.378418	-0.661101	-32.559770
0.379023	-0.359783	-23.297613
0.379629	-0.176927	-13.955475
0.380234	0.132896	-4.479129
0.380840	0.371034	5.004266
0.381445	0.631042	14.419879
0.382051	0.948155	23.852031
0.382656	1.188115	33.000587
0.383262	1.437796	41.921669
0.383867	1.705702	50.568916
0.384473	1.932297	59.097410
0.385078	2.153426	67.006113
0.385684	2.380022	74.482644
0.386289	2.629702	81.756374
0.386895	2.795548	88.301049
0.387500	3.058594	94.308627
0.388105	3.166121	99.715664
0.388711	3.341079	104.495319
0.389316	3.501458	108.618852
0.389922	3.629032	112.005469
0.390527	3.748709	114.723764
0.391133	3.834973	116.724934
0.391738	3.874461	117.869080
0.392344	3.873246	118.258144
0.392949	3.921845	118.126106
0.393555	3.851983	117.061671
0.394160	3.862311	115.067821
0.394766	3.833151	112.709037
0.395371	3.718942	109.494042
0.395977	3.619920	105.603405
0.396582	3.522721	100.937894
0.397187	3.393324	95.779207
0.397793	3.274255	89.972532
0.398398	3.137568	83.536849
0.399004	2.941347	76.592806
0.399609	2.764566	69.206831
0.400215	2.530680	61.308702
0.400820	2.342964	52.945865
0.401426	2.135201	44.596313
0.402031	1.836921	35.658421
0.402637	1.608502	26.417954
0.403242	1.364289	17.259909
0.403848	1.084841	7.906654
0.404453	0.829693	-1.553695
0.405059	0.566647	-11.042241
0.405664	0.358884	-20.366757
0.406270	0.072754	-29.611833
0.406875	-0.148982	-38.717551
0.407480	-0.435720	-47.562177
0.408086	-0.681756	-56.055424
0.408691	-0.946624	-64.213562
0.409297	-1.106395	-72.143142
0.409902	-1.374908	-79.384337
0.410508	-1.579634	-86.176278
0.411113	-1.769780	-92.581596
0.411719	-1.941094	-98.167846
0.412324	-2.083855	-103.208051
0.412930	-2.287974	-107.631449
0.413535	-2.313489	-111.329316
0.414141	-2.470223	-114.316024
0.414746	-2.554057	-116.578830
0.415352	-2.575927	-118.108515
0.415957	-2.651256	-118.883389
0.416563	-2.672519	-118.886100
0.417168	-2.700463	-118.132645
0.417773	-2.624526	-116.760212
0.418379	-2.641536	-114.282947
0.418984	-2.599619	-111.228729
0.419590	-2.532187	-107.687571
0.420195	-2.415548	-103.235164
0.420801	-2.269749	-98.147512
0.421406	-2.179840	-92.473417
0.422012	-2.049228	-86.213151
0.422617	-1.839642	-79.365629
0.423223	-1.709638	-72.002971
0.423828	-1.456313	-64.209767
0.424434	-1.261307	-56.062203
0.425039	-1.070553	-47.468639
0.425645	-0.841527	-38.547285
0.426250	-0.576659	-29.659009
0.426855	-0.331838	-20.195677
0.427461	-0.083373	-10.722585
0.428066	0.154158	-1.414879
0.428672	0.378931	8.137381
0.429277	0.607350	17.593392
0.429883	0.877078	26.902182
0.430488	1.130403	35.983499
0.431094	1.343027	44.883434
0.431699	1.582380	53.474016
0.432305	1.838743	61.745212
0.432910	2.014309	69.524047
0.433516	2.243335	76.898906
0.434121	2.398246	83.900969
0.434727	2.588393	90.061190
0.435332	2.747556	96.014814
0.435937	2.889103	101.373862
0.436543	3.031864	105.744119
0.437148	3.164298	109.554774
0.437754	3.285797	112.703073
0.438359	3.298555	115.173288
0.438965	3.378744	116.872968
0.439570	3.457719	117.824887
0.440176	3.478373	118.007082
0.440781	3.482626	117.465375
0.441387	3.449214	116.108126
0.441992	3.417016	114.070625
0.442598	3.308882	111.416315
0.443203	3.252993	107.707332
0.443809	3.177056	103.564006
0.444414	3.000274	98.949737
0.445020	2.867233	93.472479
0.445625	2.754239	87.428299
0.446230	2.543438	80.789543
0.446836	2.398854	73.701805
0.447441	2.223895	66.100015
0.448047	1.966925	58.082049
0.448652	1.773134	49.788348
0.449258	1.558688	41.063831
0.449863	1.308399	32.052465
0.450469	1.079374	22.868662
0.451074	0.857638	13.642294
0.451680	0.538095	4.160255
0.452285	0.329724	-5.328562
0.452891	0.089156	-14.515889
0.453496	-0.206087	-23.931503
0.454102	-0.408383	-33.088463
0.454707	-0.683578	-42.142668
0.455313	-0.896202	-50.824347
0.455918	-1.100320	-59.225955
0.456523	-1.363366	-67.268865
0.457129	-1.600289	-74.912408
0.457734	-1.791650	-82.016414
0.458340	-1.988479	-88.716986
0.458945	-2.090538	-94.780958
0.459551	-2.273394	-100.111809
0.460156	-2.424053	-105.030551
0.460762	-2.563169	-109.313776
0.461367	-2.649434	-112.599806
0.461973	-2.707753	-115.276077
0.462578	-2.763035	-117.270469
0.463184	-2.795233	-118.553701
0.463789	-2.821355	-119.023018
0.464395	-2.864487	-118.727492
0.465000	-2.829860	-117.667937
0.465605	-2.775185	-115.854114
0.466211	-2.695603	-113.325606
0.466816	-2.628779	-110.114949
0.467422	-2.532187	-106.234073
0.468027	-2.394893	-101.370911
0.468633	-2.260637	-96.066902
0.469238	-2.151287	-90.385758
0.469844	-1.957496	-83.755136
0.470449	-1.750948	-76.718369
0.471055	-1.622766	-69.244278
0.471660	-1.349393	-61.291382
0.472266	-1.130088	-52.934239
0.472871	-0.894987	-44.210264
0.473477	-0.667176	-35.297586
0.474082	-0.369503	-26.089383
0.474687	-0.102205	-16.765952
0.475293	0.133503	-7.277948
0.475898	0.409914	2.061751
0.476504	0.699081	11.690739
0.477109	0.965772	21.125874
0.477715	1.206948	30.135885
0.478320	1.486396	39.374183
0.478926	1.699627	48.181122
0.479531	1.975430	56.659458
0.480137	2.217820	64.812173
0.480742	2.415864	72.465477
0.481348	2.644282	79.717246
0.481953	2.836251	86.422698
0.482559	3.008172	92.621148
0.483164	3.214720	98.227461
0.483770	3.412764	103.164911
0.484375	3.504496	107.273532
0.484980	3.631462	111.106691
0.485586	3.735952	114.135152
0.486191	3.822216	116.131443
0.486797	3.877498	117.573283
0.487402	3.903620	118.292034
0.488008	3.881143	118.199852
0.488613	3.905443	117.390816
0.489219	3.919415	115.868723
0.489824	3.881143	113.563080
0.490430	3.816141	110.516724
0.491035	3.771186	106.779001
0.491641	3.625387	102.361569
0.492246	3.517253	97.457739
0.492852	3.347154	91.562678
0.493457	3.196496	85.392967
0.494063	3.006957	78.763158
0.494668	2.810128	71.409718
0.495273	2.619982	63.631697
0.495879	2.437126	55.539985
0.496484	2.174688	47.043755
0.497090	1.935942	38.231935
0.497695	1.719674	29.184509
0.498301	1.433544	19.939975
0.498906	1.198443	10.590516
0.499512	0.978529	1.155652
0.500117	0.663847	-8.292225
0.500723	0.403839	-17.657409
0.501328	0.137756	-27.127248
0.501934	-0.087018	-36.165727
0.502539	-0.360391	-44.891329
0.503145	-0.623436	-53.643500
0.503750	-0.872509	-61.970820
0.504355	-1.055366	-69.814453
0.504961	-1.340888	-77.301287
0.505566	-1.562017	-84.309314
0.506172	-1.762490	-90.735237
0.506777	-1.945347	-96.605084
0.507383	-2.134278	-101.861376
0.507988	-2.291619	-106.485405
0.508594	-2.390033	-110.394479
0.509199	-2.546767	-113.517020
0.509805	-2.664621	-116.192749
0.510410	-2.726586	-117.914118
0.511016	-2.735698	-118.701464
0.511621	-2.800700	-119.032236
0.512227	-2.809813	-118.435220
0.512832	-2.792803	-117.167713
0.513437	-2.779438	-115.112860
0.514043	-2.701071	-112.322717
0.514648	-2.656116	-108.815449
0.515254	-2.521860	-104.588347
0.515859	-2.414941	-99.731692
0.516465	-2.307414	-94.245487
0.517070	-2.158577	-88.273155
0.517676	-1.972076	-81.428345
0.518281	-1.846932	-74.328677
0.518887	-1.623374	-66.800904
0.519492	-1.486687	-58.527809
0.520098	-1.249157	-50.049202
0.520703	-1.022561	-41.315196
0.521309	-0.742505	-32.282410
0.521914	-0.545069	-23.031369
0.522520	-0.302071	-13.693026
0.523125	-0.043278	-4.243793
0.523730	0.235562	5.242313
0.524336	0.478561	14.686666
0.524941	0.734924	24.057001
0.525547	0.949977	33.075689
0.526152	1.278025	42.241596
0.526758	1.446301	50.895079
0.527363	1.739721	59.048065
0.527969	1.926830	67.195629
0.528574	2.128518	74.781152
0.529180	2.350862	81.821986
0.529785	2.577458	88.371542
0.530391	2.715967	94.340620
0.530996	2.903075	99.712953
0.531602	3.040369	104.424284
0.532207	3.143643	108.485730
0.532813	3.284582	111.870720
0.533418	3.288835	114.514727
0.534023	3.393932	116.260769
0.534629	3.475336	117.597684
0.535234	3.485056	118.048564
0.535840	3.451644	117.553491
0.536445	3.469261	116.641157
0.537051	3.430381	114.817573
0.537656	3.423091	112.273340
0.538262	3.364772	109.004663
0.538867	3.245703	105.074170
0.539473	3.138783	100.475897
0.540078	2.994807	95.175955
0.540684	2.923123	89.300414
0.541289	2.739659	82.929258
0.541895	2.527035	75.981149
0.542500	2.321094	68.394542
0.543105	2.169221	60.585342
0.543711	1.927437	52.452147
0.544316	1.724534	43.617011
0.544922	1.447516	34.823357
0.545527	1.185078	25.794368
0.546133	0.940865	16.458193
0.546738	0.717306	7.075115
0.547344	0.463981	-2.373576
0.547949	0.160233	-11.746081
0.548555	-0.000146	-21.149494
0.549160	-0.290529	-30.392130
0.549766	-0.535349	-39.452299
0.550371	-0.748580	-48.207453
0.550977	-0.937511	-56.837890
0.551582	-1.210277	-64.980574
0.552187	-1.397993	-72.511058
0.552793	-1.679263	-79.894051
0.553398	-1.790435	-86.690601
0.554004	-2.015208	-92.887153
0.554609	-2.165867	-98.582938
0.555215	-2.312274	-103.568376
0.555820	-2.399753	-107.916129
0.556426	-2.517000	-111.575769
0.557031	-2.649434	-114.521537
0.557637	-2.654294	-116.745572
0.558242	-2.719903	-118.317281
0.558848	-2.776400	-118.884473
0.559453	-2.793410	-118.951712
0.560059	-2.759998	-118.170873
0.560664	-2.751493	-116.380367
0.561270	-2.721726	-114.128406
0.561875	-2.589899	-111.105096
0.562480	-2.534010	-107.346768
0.563086	-2.391248	-102.856403
0.563691	-2.263674	-97.793694
0.564297	-2.068061	-92.039889
0.564902	-1.939879	-85.725127
0.565508	-1.748518	-78.883299
0.566113	-1.483042	-71.436320
0.566719	-1.309299	-63.721471
0.567324	-1.071768	-55.368937
0.567930	-0.847602	-46.881925
0.568535	-0.582127	-38.112672
0.569141	-0.377401	-28.697872
0.569746	-0.130150	-19.445476
0.570352	0.118316	-10.052908
0.570957	0.415989	-0.580900
0.571562	0.647444	8.822242
0.572168	0.941472	18.309161
0.572773	1.235500	27.591652
0.573379	1.497938	36.737768
0.573984	1.732431	45.618995
0.574590	1.990617	54.139898
0.575195	2.287075	62.331113
0.575801	2.454136	70.252288
0.576406	2.725687	77.625249
0.577012	2.910365	84.295184
0.577617	3.117521	90.864261
0.578223	3.296125	96.647619
0.578828	3.419446	101.780278
0.579434	3.546413	106.268745
0.580039	3.640575	110.059066
0.580645	3.766934	113.170491
0.581250	3.836796	115.545000
0.581855	3.927313	117.209163
0.582461	3.981987	118.176535
0.583066	3.977735	118.234556
0.583672	3.961332	117.556202
0.584277	3.956472	116.382504
0.584883	3.869601	114.255532
0.585488	3.848946	111.309492
0.586094	3.745064	107.983336
0.586699	3.636930	103.829437
0.587305	3.541553	98.887650
0.587910	3.385427	93.413103
0.588516	3.255423	87.393595
0.589121	3.063454	80.761618
0.589727	2.867233	73.599591
0.590332	2.666152	66.039283
0.590938	2.450491	57.995018
0.591543	2.227540	49.566026
0.592148	1.984542	40.740922
0.592754	1.745189	31.938863
0.593359	1.434759	22.644442
0.593965	1.209985	13.142069
0.594570	0.942080	3.924376
0.595176	0.668099	-5.463040
0.595781	0.402624	-14.955111
0.596387	0.148691	-24.292641
0.596992	-0.175105	-33.504097
0.597598	-0.398055	-42.486183
0.598203	-0.681148	-51.234016
0.598809	-0.962419	-59.638607
0.599414	-1.142845	-67.627292
0.600020	-1.396171	-75.271920
0.600625	-1.575382	-82.522332
0.601230	-1.801370	-88.979977
0.601836	-1.995161	-94.961798
0.602441	-2.143998	-100.584108
0.603047	-2.303769	-105.234165
0.603652	-2.465363	-109.337093
0.604258	-2.582002	-112.798811
0.604863	-2.688314	-115.542863
0.605469	-2.766680	-117.501467
0.606074	-2.844440	-118.705531
0.606680	-2.876030	-119.175661
0.607285	-2.910657	-118.861970
0.607891	-2.878460	-117.769338
0.608496	-2.914302	-115.926233
0.609102	-2.845655	-113.488823
0.609707	-2.766680	-110.075094
0.610313	-2.702893	-105.984367
0.610918	-2.603872	-101.524097
0.611523	-2.493915	-96.160440
0.612129	-2.309236	-90.085352
0.612734	-2.157362	-83.624454
0.613340	-1.970861	-76.638116
0.613945	-1.783753	-69.063709
0.614551	-1.606971	-61.064722
0.615156	-1.385236	-52.682093
0.615762	-1.113078	-44.043251
0.616367	-0.898632	-35.115391
0.616973	-0.669606	-25.830730
0.617578	-0.473385	-16.646657
0.618184	-0.196974	-7.223181
0.618789	0.072146	2.563060
0.619395	0.327294	11.874562
0.620000	0.615855	21.203958
0.620605	0.814506	30.505157
0.621211	1.126758	39.571562
0.621816	1.285922	48.324818
0.622422	1.615185	56.793122
0.623027	1.827201	64.911676
0.623633	2.067161	72.573385
0.624238	2.298617	79.774453
0.624844	2.486333	86.424325
0.625449	2.678302	92.679440
0.626055	2.871485	98.236137
0.626660	3.004527	102.961296
0.627266	3.139391	107.381440
0.627871	3.260283	111.047315
0.628477	3.378137	113.842067
0.629082	3.441924	115.981782
0.629687	3.500243	117.376989
0.630293	3.584685	117.996780
0.630898	3.546413	117.879925
0.631504	3.591975	117.045675
0.632109	3.562815	115.457156
0.632715	3.515431	113.139854
0.633320	3.520291	109.956039
0.633926	3.407296	106.299111
0.634531	3.315565	101.893608
0.635137	3.155186	96.686118
0.635742	3.094436	91.261729
0.636348	2.901860	85.032372
0.636953	2.788259	78.147706
0.637559	2.606010	70.817040
0.638164	2.431659	63.139335
0.638770	2.165576	54.966285
0.639375	1.987579	46.490932
0.639980	1.725749	37.683179
0.640586	1.495508	28.624095
0.641191	1.301717	19.394201
0.641797	1.018624	9.977503
0.642402	0.813898	0.652445
0.643008	0.484636	-8.762084
0.643613	0.292059	-18.366400
0.644219	0.049669	-27.610121
0.644824	-0.271696	-36.565636
0.645430	-0.467310	-45.516542
0.646035	-0.744935	-54.100616
0.646641	-0.988541	-62.370186
0.647246	-1.175042	-70.237950
0.647852	-1.388881	-77.699569
0.648457	-1.568699	-84.605111
0.649062	-1.745480	-91.010971
0.649668	-1.953851	-96.820086
0.650273	-2.084463	-102.163680
0.650879	-2.226617	-106.695798
0.651484	-2.331714	-110.370078
0.652090	-2.460503	-113.774046
0.652695	-2.504242	-116.217963
0.653301	-2.563169	-117.675529
0.653906	-2.649434	-118.685468
0.654512	-2.616629	-118.883389
0.655117	-2.657939	-118.309418
0.655723	-2.670089	-116.995277
0.656328	-2.555272	-114.873728
0.656934	-2.577749	-112.080331
0.657539	-2.455643	-108.545681
0.658145	-2.350546	-104.235342
0.658750	-2.238159	-99.384653
0.659355	-2.075351	-93.872420
0.659961	-1.900392	-87.534341
0.660566	-1.753985	-81.060971
0.661172	-1.538325	-73.881051
0.661777	-1.387058	-66.055583
0.662383	-1.184762	-57.923744
0.662988	-0.922324	-49.458422
0.663594	-0.715776	-40.667208
0.664199	-0.450300	-31.589687
0.664805	-0.191507	-22.346780
0.665410	0.027799	-12.963972
0.666016	0.361921	-3.514468
0.666621	0.586695	6.062194
0.667227	0.840628	15.338720
0.667832	1.129796	24.696042
0.668438	1.355177	34.084543
0.669043	1.604250	42.901785
0.669648	1.873370	51.558521
0.670254	2.038002	59.927322
0.670859	2.339927	67.934444
0.671465	2.549513	75.409348
0.672070	2.752416	82.427678
0.672676	2.907328	88.944157
0.673281	3.092006	94.921369
0.673887	3.242665	100.226734
0.674492	3.414586	104.868386
0.675098	3.556740	108.988937
0.675703	3.669735	112.268731
0.676309	3.737167	114.786123
0.676914	3.869601	116.874053
0.677520	3.839226	117.888601
0.678125	3.858058	118.215577
0.678730	3.879928	117.917069
0.679336	3.831936	116.818201
0.679941	3.850161	114.915991
0.680547	3.800954	112.268189
0.681152	3.698287	108.976737
0.681758	3.595013	104.991748
0.682363	3.463186	100.340877
0.682969	3.343509	94.982643
0.683574	3.200140	89.184373
0.684180	2.964432	82.627226
0.684785	2.927983	75.580156
0.685391	2.691059	68.351433
0.685996	2.426191	60.390403
0.686602	2.185623	51.996387
0.687207	1.953560	43.416921
0.687813	1.758554	34.518071
0.688418	1.477891	25.367346
0.689023	1.242182	16.086753
0.689629	0.942080	6.682255
0.690234	0.719736	-2.721158
0.690840	0.411129	-12.209975
0.691445	0.205188	-21.629655
0.692051	-0.067578	-30.774686
0.692656	-0.350671	-39.809099
0.693262	-0.571192	-48.870353
0.693867	-0.848210	-57.176796
0.694473	-1.098498	-65.182290
0.695078	-1.346356	-73.043818
0.695684	-1.558372	-80.341949
0.696289	-1.736976	-87.097559
0.696895	-1.958711	-93.268354
0.697500	-2.163437	-98.975797
0.698105	-2.304376	-103.909993
0.698711	-2.442885	-108.247986
0.699316	-2.566814	-111.855840
0.699922	-2.674341	-114.901111
0.700527	-2.741166	-117.041640
0.701133	-2.790980	-118.375844
0.701738	-2.849907	-119.246696
0.702344	-2.890002	-119.024373
0.702949	-2.905189	-118.065406
0.703555	-2.877245	-116.553887
0.704160	-2.873600	-114.174769
0.704766	-2.751493	-111.093167
0.705371	-2.715651	-107.293356
0.705977	-2.616022	-102.851252
0.706582	-2.506065	-97.717508
0.707187	-2.318956	-91.929270
0.707793	-2.199887	-85.590920
0.708398	-1.992124	-78.781356
0.709004	-1.857867	-71.363930
0.709609	-1.654356	-63.418625
0.710215	-1.450845	-55.394423
0.710820	-1.216959	-46.723317
0.711426	-1.014056	-37.723880
0.712031	-0.742505	-28.602165
0.712637	-0.478245	-19.350040
0.713242	-0.212162	-9.883455
0.713848	0.013827	-0.412803
0.714453	0.272012	9.063813
0.715059	0.562395	18.482138
0.715664	0.769551	27.768154
0.716270	1.066009	36.838084
0.716875	1.310222	45.624689
0.717480	1.584810	54.301217
0.718086	1.762806	62.587868
0.718691	1.996084	70.160919
0.719297	2.234223	77.688421
0.719902	2.430444	84.648459
0.720508	2.601757	90.878901
0.721113	2.814988	96.667411
0.721719	2.976582	101.750725
0.722324	3.095651	106.230245
0.722930	3.259068	110.008094
0.723535	3.345939	113.109488
0.724141	3.452251	115.480201
0.724746	3.506926	117.111016
0.725352	3.573143	117.877214
0.725957	3.630247	118.040159
0.726562	3.681277	117.574096
0.727168	3.612630	115.978799
0.727773	3.625995	113.793536
0.728379	3.525151	111.126483
0.728984	3.489916	107.636026
0.729590	3.409726	103.420039
0.730195	3.279115	98.509973
0.730801	3.105371	93.015634
0.731406	3.045229	86.916958
0.732012	2.877560	80.294470
0.732617	2.666759	73.136239
0.733223	2.556803	65.552072
0.733828	2.266420	57.283316
0.734434	2.087816	49.007510
0.735039	1.918325	40.431027
0.735645	1.618830	31.321242
0.736250	1.440226	22.174855
0.736855	1.168676	12.923543
0.737461	0.935397	3.500066
0.738066	0.675389	-5.938864
0.738672	0.429961	-15.375896
0.739277	0.225842	-24.641036
0.739883	-0.065148	-33.885570
0.740488	-0.301464	-42.893683
0.741094	-0.491610	-51.508123
0.741699	-0.732178	-59.792876
0.742305	-0.980036	-67.929867
0.742910	-1.173220	-75.565547
0.743516	-1.391918	-82.431235
0.744121	-1.606364	-89.168680
0.744727	-1.758238	-95.132878
0.745332	-1.916794	-100.467253
0.745938	-2.067453	-105.202173
0.746543	-2.195027	-109.317572
0.747148	-2.287366	-112.754618
0.747754	-2.399753	-115.399438
0.748359	-2.474475	-117.248779
0.748965	-2.478728	-118.439558
0.749570	-2.529757	-118.924871
0.750176	-2.619059	-118.440371
0.750781	-2.509710	-117.471643
0.751387	-2.473260	-115.632063
0.751992	-2.444708	-112.773597
0.752598	-2.422838	-109.495159
0.753203	-2.290404	-105.587441
0.753809	-2.145213	-100.797754
0.754414	-2.034648	-95.392615
0.755020	-1.924692	-89.490505
0.755625	-1.690198	-82.945016
0.756230	-1.536502	-75.864869
0.756836	-1.401638	-68.318659
0.757441	-1.146490	-60.352478
0.758047	-0.931436	-51.981507
0.758652	-0.709093	-43.204663
0.759258	-0.525022	-34.300390
0.759863	-0.224312	-25.261911
0.760469	0.069109	-15.706668
0.761074	0.265937	-6.275872
0.761680	0.568470	3.111545
0.762285	0.790206	12.603887
0.762891	1.062971	22.015433
0.763496	1.280455	31.229059
0.764102	1.587240	40.198402
0.764707	1.786498	49.006425
0.765312	2.054404	57.456564
0.765918	2.271280	65.490798
0.766523	2.454744	73.079032
0.767129	2.683769	80.355202
0.767734	2.879383	86.963050
0.768340	3.064062	93.005874
0.768945	3.203178	98.748834
0.769551	3.309490	103.608199
0.770156	3.472298	107.733088
0.770762	3.596228	111.251743
0.771367	3.663660	114.127290
0.771973	3.705577	116.212780
0.772578	3.790626	117.565420
0.773184	3.795486	118.143187
0.773789	3.822823	117.999220
0.774395	3.825861	117.071703
0.775000	3.840441	115.405371
0.775605	3.748101	113.161273
0.776211	3.672165	109.923504
0.776816	3.647257	106.084651
0.777422	3.488701	101.787056
0.778027	3.361127	96.677713
0.778633	3.172196	90.904116
0.779238	3.051912	84.667167
0.779844	2.831998	77.802564
0.780449	2.665544	70.456173
0.781055	2.457173	62.662698
0.781660	2.218428	54.511880
0.782266	1.948700	45.987996
0.782871	1.714206	37.132796
0.783477	1.497331	28.009726
0.784082	1.225173	18.861170
0.784687	0.960305	9.365033
0.785293	0.696651	-0.133816
0.785898	0.370426	-9.347713
0.786504	0.157195	-18.750855
0.787109	-0.114963	-28.110617
0.787715	-0.399270	-37.226366
0.788320	-0.623436	-46.123047
0.788926	-0.867649	-54.711731
0.789531	-1.083918	-62.930601
0.790137	-1.327524	-70.801347
0.790742	-1.566877	-78.226906
0.791348	-1.778285	-85.192638
0.791953	-1.967216	-91.636998
0.792559	-2.130025	-97.244396
0.793164	-2.292834	-102.468966
0.793770	-2.433165	-107.194938
0.794375	-2.537655	-110.844003
0.794980	-2.725371	-114.000435
0.795586	-2.766073	-116.411817
0.796191	-2.820140	-118.049410
0.796797	-2.947714	-118.990212
0.797402	-2.931312	-119.143939
0.798008	-2.922807	-118.552617
0.798613	-2.858412	-117.096949
0.799219	-2.847477	-114.965368
0.799824	-2.795840	-112.220774
0.800430	-2.705931	-108.641930
0.801035	-2.593544	-104.235885
0.801641	-2.535832	-99.253971
0.802246	-2.356013	-93.866726
0.802852	-2.198065	-87.513735
0.803457	-2.025536	-80.753245
0.804063	-1.877914	-73.537807
0.804668	-1.614261	-65.781476
0.805273	-1.450845	-57.677292
0.805879	-1.209669	-49.155304
0.806484	-0.966064	-40.371140
0.807090	-0.757693	-31.354351
0.807695	-0.532919	-22.068877
0.808301	-0.227349	-12.616390
0.808906	0.002284	-3.259340
0.809512	0.282340	6.275569
0.810117	0.547815	15.803699
0.810723	0.793243	24.942765
0.811328	1.011942	34.170218
0.811934	1.271950	43.153117
0.812539	1.547145	51.858384
0.813145	1.745189	60.118736
0.813750	2.028282	68.076784
0.814355	2.270672	75.606455
0.814961	2.471753	82.613941
0.815566	2.669797	89.113881
0.816172	2.835643	95.010569
0.816777	3.049482	100.317290
0.817383	3.167336	104.843985
0.817988	3.311920	109.007103
0.818594	3.375707	112.359287
0.819199	3.499028	114.788834
0.819805	3.560385	116.768585
0.820410	3.645435	117.855795
0.821016	3.681884	118.200394
0.821621	3.697072	117.760901
0.822227	3.692212	116.619196
0.822832	3.636930	114.752774
0.823438	3.570105	112.091687
0.824043	3.545805	108.751161
0.824648	3.477766	104.770781
0.825254	3.357482	100.127502
0.825859	3.266965	94.673290
0.826465	3.138783	88.851703
0.827070	2.949245	82.469431
0.827676	2.811343	75.243691
0.828281	2.633955	67.860969
0.828887	2.418901	59.987783
0.829492	2.233008	51.707368
0.830098	2.005804	43.070695
0.830703	1.790751	34.202753
0.831309	1.578735	25.046335
0.831914	1.291997	15.746492
0.832520	1.103673	6.335758
0.833125	0.830908	-3.054912
0.833730	0.573937	-12.453173
0.834336	0.343697	-21.980219
0.834941	0.093408	-31.116846
0.835547	-0.135617	-39.984516
0.836152	-0.405345	-48.912106
0.836758	-0.649559	-57.338386
0.837363	-0.831807	-65.413017
0.837969	-1.084525	-73.193208
0.838574	-1.264952	-80.438740
0.839180	-1.411358	-87.167781
0.839785	-1.599682	-93.318512
0.840391	-1.766135	-98.896900
0.840996	-1.914972	-103.892912
0.841602	-2.034648	-108.111068
0.842207	-2.108763	-111.646532
0.842812	-2.222364	-114.688007
0.843418	-2.284936	-116.796814
0.844023	-2.323816	-118.030431
0.844629	-2.404613	-118.794189
0.845234	-2.407043	-118.674894
0.845840	-2.438633	-117.705895
0.846445	-2.410081	-116.095144
0.847051	-2.362696	-113.700301
0.847656	-2.301946	-110.613548
0.848262	-2.229654	-106.715319
0.848867	-2.109978	-102.175609
0.849473	-1.990301	-97.128083
0.850078	-1.805623	-91.377260
0.850684	-1.691413	-84.876778
0.851289	-1.496407	-78.111678
0.851895	-1.320234	-70.729228
0.852500	-1.120368	-62.551840
0.853105	-0.955129	-54.381230
0.853711	-0.735823	-45.821828
0.854316	-0.458805	-36.935721
0.854922	-0.243144	-27.815362
0.855527	-0.000146	-18.481899
0.856133	0.220983	-9.066014
0.856738	0.504683	0.382134
0.857344	0.692399	9.816455
0.857949	0.932967	19.147478
0.858555	1.199050	28.393368
0.859160	1.446908	37.631394
0.859766	1.709347	46.384651
0.860371	1.980897	54.792765
0.860977	2.197773	63.160754
0.861582	2.381844	70.941486
0.862187	2.610262	78.214131
0.862793	2.768819	85.048639
0.863398	2.923123	91.310803
0.864004	3.080464	97.035327
0.864609	3.257245	102.073634
0.865215	3.398792	106.555052
0.865820	3.513001	110.265663
0.866426	3.567675	113.262403
0.867031	3.669735	115.476677
0.867637	3.711652	117.158734
0.868242	3.739597	117.989459
0.868848	3.749316	117.880738
0.869453	3.749924	117.387020
0.870059	3.740204	115.970395
0.870664	3.639360	113.764796
0.871270	3.521506	110.830686
0.871875	3.446176	107.238286
0.872480	3.363557	103.033144
0.873086	3.242058	98.068311
0.873691	3.088969	92.549842
0.874297	2.951067	86.447913
0.874902	2.775501	79.719144
0.875508	2.545868	72.458428
0.876113	2.392171	64.939331
0.876719	2.187445	56.852770
0.877324	1.894633	48.239414
0.877930	1.671074	39.670522
0.878535	1.427469	30.724768
0.879141	1.184470	21.526867
0.879746	0.874040	12.138366
0.880352	0.626790	2.752305
0.880957	0.388651	-6.704248
0.881563	0.094623	-16.137485
0.882168	-0.182395	-25.455494
0.882773	-0.419925	-34.579106
0.883379	-0.662316	-43.605656
0.883984	-0.938726	-52.396327
0.884590	-1.145275	-60.594049
0.885195	-1.416218	-68.526341
0.885801	-1.616084	-76.246883
0.886406	-1.840857	-83.237288
0.887012	-2.034041	-89.664838
0.887617	-2.194420	-95.713626
0.888223	-2.384566	-101.075928
0.888828	-2.549197	-105.781837
0.889434	-2.701071	-109.821050
0.890039	-2.787335	-113.140157
0.890645	-2.842617	-115.803414
0.891250	-2.919162	-117.681222
0.891855	-2.965331	-118.714207
0.892461	-3.026689	-119.270283
0.893066	-2.976874	-118.783886
0.893672	-3.040661	-117.486013
0.894277	-2.979911	-115.829713
0.894883	-2.938602	-113.061260
0.895488	-2.806168	-109.611471
0.896094	-2.705931	-105.527793
0.896699	-2.591114	-100.801279
0.897305	-2.503635	-95.444400
0.897910	-2.332929	-89.415674
0.898516	-2.160400	-82.894315
0.899121	-1.976329	-75.771873
0.899727	-1.698703	-68.136192
0.900332	-1.499445	-60.127986
0.900937	-1.269811	-51.868177
0.901543	-1.067515	-43.057984
0.902148	-0.802647	-33.843545
0.902754	-0.532312	-24.797203
0.903359	-0.254686	-15.439339
0.903965	0.012612	-5.912565
0.904570	0.307247	3.611228
0.905176	0.533843	13.015996
0.905781	0.801141	22.429983
0.906387	1.107926	31.627070
0.906992	1.352747	40.655518
0.907598	1.632802	49.317947
0.908203	1.921970	57.749108
0.908809	2.098751	66.007019
0.909414	2.352077	73.471621
0.910020	2.592645	80.582404
0.910625	2.783399	87.449447
0.911230	3.014854	93.539989
0.911836	3.174018	98.932928
0.912441	3.292480	103.818050
0.913047	3.478981	108.053558
0.913652	3.640575	111.534797
0.914258	3.718334	114.336869
0.914863	3.826468	116.464655
0.915469	3.870208	117.735415
0.916074	3.947360	118.291492
0.916680	3.981987	118.076219
0.917285	3.966192	117.233564
0.917891	3.880535	115.432755
0.918496	3.935818	113.044961
0.919102	3.836188	110.163178
0.919707	3.803384	106.250037
0.920312	3.669127	101.687824
0.920918	3.583470	96.636774
0.921523	3.443139	90.889204
0.922129	3.317995	84.490665
0.922734	3.122989	77.649108
0.923340	2.929197	70.258252
0.923945	2.720827	62.540963
0.924551	2.553158	54.210661
0.925156	2.304085	45.738290
0.925762	2.062301	37.056610
0.926367	1.851500	27.870368
0.926973	1.619437	18.504370
0.927578	1.370364	9.281255
0.928184	1.105496	-0.125953
0.928789	0.833945	-9.604197
0.929395	0.598237	-18.951487
0.930000	0.317574	-28.276545
0.930605	0.083081	-37.404766
0.931211	-0.152627	-46.280029
0.931816	-0.425393	-54.812589
0.932422	-0.628904	-63.024952
0.933027	-0.853677	-70.933384
0.933633	-1.103965	-78.396088
0.934238	-1.283176	-85.160103
0.934844	-1.489117	-91.588738
0.935449	-1.649496	-97.408426
0.936055	-1.804408	-102.358347
0.936660	-1.970861	-106.863895
0.937266	-2.117875	-110.728504
0.937871	-2.213252	-113.865415
0.938477	-2.315919	-116.187868
0.939082	-2.334751	-117.819767
0.939688	-2.377276	-118.664320
0.940293	-2.435595	-118.777650
0.940898	-2.409473	-118.065135
0.941504	-2.439848	-116.741234
0.942109	-2.390641	-114.638392
0.942715	-2.314704	-111.574955
0.943320	-2.251524	-108.013192
0.943926	-2.157362	-103.927616
0.944531	-2.068668	-98.791704
0.945137	-1.934412	-93.094021
0.945742	-1.845110	-86.988567
0.946348	-1.673189	-80.220485
0.946953	-1.485472	-72.963565
0.947559	-1.348786	-65.229195
0.948164	-1.130695	-57.127451
0.948770	-0.885874	-48.588112
0.949375	-0.650774	-39.777648
0.949980	-0.417495	-30.729680
0.950586	-0.194544	-21.639145
0.951191	0.068501	-12.090951
0.951797	0.247712	-2.512392
0.952402	0.511973	6.725093
0.953008	0.820581	16.260815
0.953613	1.058111	25.634946
0.954219	1.296857	34.780249
0.954824	1.502191	43.672321
0.955430	1.726964	52.355627
0.956035	1.986972	60.644718
0.956641	2.161931	68.532002
0.957246	2.401891	75.942379
0.957852	2.594467	82.904044
0.958457	2.731154	89.442755
0.959063	2.910365	95.210659
0.959668	3.043407	100.469390
0.960273	3.214113	105.232507
0.960879	3.244488	108.943388
0.961484	3.405474	112.262224
0.962090	3.465009	114.941206
0.962695	3.502673	116.649019
0.963301	3.570105	117.702609
0.963906	3.597443	117.982139
0.964512	3.543983	117.571114
0.965117	3.581648	116.376810
0.965723	3.562815	114.441794
0.966328	3.481411	111.740309
0.966934	3.409726	108.406291
0.967539	3.232945	104.209825
0.968145	3.158223	99.506356
0.968750	3.019714	94.397285
0.969355	2.856298	88.367475
0.969961	2.715967	81.724110
0.970566	2.466286	74.709304
0.971172	2.299225	67.260699
0.971777	2.110294	59.293433
0.972383	1.899493	50.914871
0.972988	1.665607	42.292026
0.973594	1.442656	33.362538
0.974199	1.223350	24.231063
0.974805	0.949977	14.822499
0.975410	0.690577	5.555191
0.976016	0.411736	-3.985682
0.976621	0.211870	-13.447387
0.977227	-0.046923	-22.577778
0.977832	-0.365251	-31.896329
0.978437	-0.549929	-40.944840
0.979043	-0.782600	-49.669628
0.979648	-1.075413	-58.105397
0.980254	-1.274671	-66.246454
0.980859	-1.486687	-73.883220
0.981465	-1.719358	-81.134175
0.982070	-1.818987	-87.775371
0.982676	-2.053481	-93.940201
0.983281	-2.232084	-99.577965
0.983887	-2.329891	-104.391781
0.984492	-2.536440	-108.657926
0.985098	-2.581394	-112.368537
0.985703	-2.656116	-114.949643
0.986309	-2.782475	-117.059263
0.986914	-2.820140	-118.486733
0.987520	-2.800700	-119.035490
0.988125	-2.812243	-118.840822
0.988730	-2.814673	-117.915745
0.989336	-2.749671	-116.206847
0.989941	-2.732053	-113.752899
0.990547	-2.602657	-110.552002
0.991152	-2.513962	-106.659467
0.991758	-2.415548	-102.223056
0.992363	-2.294656	-96.881631
0.992969	-2.134278	-91.108847
0.993574	-1.942309	-84.901450
0.994180	-1.779500	-77.748642
0.994785	-1.534072	-70.211109
0.995391	-1.365796	-62.363137
0.995996	-1.142845	-54.107394
0.996602	-0.867649	-45.413515
0.997207	-0.629511	-36.522256
0.997812	-0.391980	-27.368820
0.998418	-0.076083	-18.047015
0.999023	0.168130	-8.563892
0.999629	0.436643	0.917605
1.000234	0.692399	10.212568
1.000840	0.957875	19.746663
1.001445	1.228818	29.061961
1.002051	1.489433	37.980874
1.002656	1.739114	46.906294
1.003262	1.997907	55.562217
1.003867	2.300440	63.717915
1.004473	2.474791	71.443067
1.005078	2.692274	78.737944
1.005684	2.940132	85.596582
1.006289	3.115091	91.864982
1.006895	3.264535	97.448249
1.007500	3.425521	102.529124
1.008105	3.571320	107.010813
1.008711	3.731092	110.559291
1.009316	3.827076	113.570129
1.009922	3.952827	116.022450
1.010527	4.003857	117.368855
1.011133	4.070682	118.119870
1.011738	4.100449	118.364424
1.012344	4.106524	117.654078
1.012949	4.115029	116.188108
1.013555	4.096804	113.959464
1.014160	3.976520	111.031861
1.014766	3.961332	107.439189
1.015371	3.872031	103.187143
1.015977	3.757214	98.189504
1.016582	3.575573	92.652056
1.017187	3.477158	86.359526
1.017793	3.288227	79.690404
1.018398	3.088361	72.650927
1.019004	2.940740	64.866127
1.019609	2.659469	56.708260
1.020215	2.448669	48.381754
1.020820	2.198988	39.620906
1.021426	1.975430	30.570769
1.022031	1.703879	21.363108
1.022637	1.495508	12.019071
1.023242	1.198443	2.591799
1.023848	0.944510	-6.892138
1.024453	0.708194	-16.318867
1.025059	0.420241	-25.567468
1.025664	0.146261	-34.803055
1.026270	-0.080943	-43.832858
1.026875	-0.324548	-52.305230
1.027480	-0.630119	-60.679454
1.028086	-0.840312	-68.802617
1.028691	-1.087563	-76.226278
1.029297	-1.268596	-83.230239
1.029902	-1.456313	-89.769763
1.030508	-1.678048	-95.743450
1.031113	-1.851185	-101.092195
1.031719	-1.944132	-105.760960
1.032324	-2.143390	-109.791227
1.032930	-2.269142	-113.146393
1.033535	-2.341434	-115.708791
1.034141	-2.498775	-117.599885
1.034746	-2.538262	-118.857632
1.035352	-2.566207	-118.939512
1.035957	-2.579572	-118.439558
1.036563	-2.605694	-117.385426
1.037168	-2.603264	-115.471557
1.037773	-2.594759	-112.784713
1.038379	-2.518822	-109.352005
1.038984	-2.402791	-105.241214
1.039590	-2.301946	-100.468067
1.040195	-2.243627	-95.094649
1.040801	-2.073528	-89.017121
1.041406	-1.939272	-82.528839
1.042012	-1.732116	-75.374405
1.042617	-1.566877	-67.659284
1.043223	-1.400423	-59.837883
1.043828	-1.183547	-51.361716
1.044434	-0.970924	-42.507059
1.045039	-0.775310	-33.610378
1.045645	-0.537779	-24.333038
1.046250	-0.268051	-14.997949
1.046855	-0.057858	-5.551698
1.047461	0.224627	3.900789
1.048066	0.428746	13.338905
1.048672	0.752541	22.750723
1.049277	0.956660	31.959198
1.049883	1.199658	40.878382
1.050488	1.476068	49.583378
1.051094	1.691729	58.145492
1.051699	1.923185	65.954963
1.052305	2.177118	73.712108
1.052910	2.370302	80.950320
1.053516	2.582925	87.456225
1.054121	2.705032	93.529957
1.054727	2.892140	98.974681
1.055332	3.016069	103.796902
1.055937	3.150933	107.936432
1.056543	3.279115	111.399506
1.057148	3.349584	114.165790
1.057754	3.425521	116.155573
1.058359	3.494168	117.343369
1.058965	3.533656	117.962618
1.059570	3.567068	117.745176
1.060176	3.596835	116.564157
1.060781	3.554310	115.001938
1.061387	3.517861	112.668911
1.061992	3.495383	109.474250
1.062598	3.324677	105.610454
1.063203	3.270002	101.054748
1.063809	3.127241	95.918294
1.064414	3.051912	90.172622
1.065020	2.866018	83.819360
1.065625	2.688022	76.934694
1.066230	2.497876	69.559835
1.066836	2.318057	61.657368
1.067441	2.075059	53.540170
1.068047	1.890988	45.057496
1.068652	1.673504	35.973468
1.069258	1.432936	27.128300
1.069863	1.183255	17.953174
1.070469	0.926892	8.438329
1.071074	0.686932	-1.010633
1.071680	0.412344	-10.408081
1.072285	0.190000	-19.768927
1.072891	-0.099775	-29.019426
1.073496	-0.276556	-38.112130
1.074102	-0.530489	-46.968685
1.074707	-0.761945	-55.468982
1.075312	-1.006158	-63.800097
1.075918	-1.187800	-71.563478
1.076523	-1.419255	-78.805486
1.077129	-1.623374	-85.878312
1.077734	-1.835997	-92.138036
1.078340	-1.956281	-97.709917
1.078945	-2.097220	-102.832002
1.079551	-2.201102	-107.250247
1.080156	-2.303161	-111.022403
1.080762	-2.467185	-114.124882
1.081367	-2.474475	-116.425374
1.081973	-2.586862	-118.000065
1.082578	-2.574104	-118.821301
1.083184	-2.634854	-118.877966
1.083789	-2.551627	-118.257362
1.084395	-2.568637	-116.738793
1.085000	-2.497560	-114.414443
1.085605	-2.421623	-111.612370
1.086211	-2.354798	-107.945953
1.086816	-2.275217	-103.428476
1.087422	-2.103903	-98.483706
1.088027	-1.989086	-92.853262
1.088633	-1.831137	-86.627700
1.089238	-1.611224	-79.784245
1.089844	-1.420470	-72.530308
1.090449	-1.219389	-64.772892
1.091055	-1.011018	-56.575170
1.091660	-0.774703	-47.973473
1.092266	-0.505582	-39.248142
1.092871	-0.271089	-30.209934
1.093477	-0.027483	-20.721388
1.094082	0.216123	-11.448115
1.094688	0.451223	-2.054462
1.095293	0.778056	7.542262
1.095898	1.014979	16.992309
1.096504	1.271342	26.248230
1.097109	1.546538	35.428507
1.097715	1.793181	44.349861
1.098320	2.048329	52.990872
1.098926	2.292542	61.276167
1.099531	2.531288	69.148811
1.100137	2.746341	76.626155
1.100742	2.971722	83.520310
1.101348	3.119344	89.926170
1.101953	3.320425	96.020236
1.102559	3.458326	101.185430
1.103164	3.675202	105.630789
1.103770	3.782121	109.658073
1.104375	3.876891	112.845955
1.104980	3.924275	115.361991
1.105586	3.973482	117.080650
1.106191	4.043952	118.126648
1.106797	4.053064	118.348428
1.107402	4.073112	117.838714
1.108008	4.058532	116.624618
1.108613	4.028764	114.673606
1.109219	3.981987	111.864213
1.109824	3.844086	108.323869
1.110430	3.785159	104.449228
1.111035	3.658800	99.612908
1.111641	3.566460	94.134565
1.112246	3.403651	88.228659
1.112852	3.203178	81.682085
1.113457	3.037939	74.570488
1.114062	2.859943	67.094771
1.114668	2.636385	59.120727
1.115273	2.373339	50.777411
1.115879	2.163753	42.077566
1.116484	1.953560	33.077586
1.117090	1.697197	24.026907
1.117695	1.375224	14.609395
1.118301	1.197228	5.107293
1.118906	0.932967	-4.089523
1.119512	0.651089	-13.469619
1.120117	0.326079	-23.002630
1.120723	0.042379	-32.215713
1.121328	-0.116785	-41.183971
1.121934	-0.440580	-49.989555
1.122539	-0.661708	-58.458944
1.123145	-0.899847	-66.485586
1.123750	-1.163500	-74.152717
1.124355	-1.388273	-81.447595
1.124961	-1.596644	-88.168501
1.125566	-1.786790	-94.166319
1.126172	-1.964786	-99.656862
1.126777	-2.147643	-104.741532
1.127383	-2.274002	-108.838495
1.127988	-2.333536	-112.260087
1.128594	-2.518822	-115.167627
1.129199	-2.554665	-117.162019
1.129805	-2.634246	-118.535807
1.130410	-2.694996	-119.098662
1.131016	-2.736306	-118.947916
1.131621	-2.710183	-117.927675
1.132227	-2.720511	-116.197629
1.132832	-2.654294	-113.745307
1.133438	-2.665836	-110.652589
1.134043	-2.564384	-106.757614
1.134648	-2.422230	-102.003445
1.135254	-2.340219	-96.946701
1.135859	-2.195635	-91.068449
1.136465	-2.054696	-84.521334
1.137070	-1.886419	-77.623383
1.137676	-1.677441	-70.142514
1.138281	-1.517062	-62.196667
1.138887	-1.317196	-53.902153
1.139492	-1.096675	-45.282832
1.140098	-0.878584	-36.394014
1.140703	-0.610071	-27.205603
1.141309	-0.357961	-17.849365
1.141914	-0.104028	-8.467371
1.142520	0.168738	0.979421
1.143125	0.384399	10.601361
1.143730	0.649267	19.834236
1.144336	0.877078	28.967880
1.144941	1.135263	38.227597
1.145547	1.389804	47.109638
1.146152	1.613362	55.579840
1.146758	1.881268	63.701647
1.147363	2.079919	71.454725
1.147969	2.298010	78.711103
1.148574	2.499698	85.554015
1.149180	2.715359	91.780662
1.149785	2.884850	97.417341
1.150391	3.038547	102.366720
1.150996	3.215935	106.684921
1.151602	3.335612	110.623547
1.152207	3.407904	113.452190
1.152813	3.509963	115.637454
1.153418	3.622350	117.250916
1.154023	3.648472	117.993255
1.154629	3.626602	117.972921
1.155234	3.692819	117.236817
1.155840	3.588938	115.799044
1.156445	3.627210	113.523767
1.157051	3.588330	110.577456
1.157656	3.460149	106.894500
1.158262	3.465009	102.663330
1.158867	3.300985	97.605773
1.159473	3.139998	91.897788
1.160078	3.049482	85.945248
1.160684	2.882420	79.174726
1.161289	2.691059	71.794173
1.161895	2.554373	64.162559
1.162500	2.393994	56.154624
1.163105	2.112116	47.699605
1.163711	1.929867	38.956651
1.164316	1.685047	29.921968
1.164922	1.425039	20.733014
1.165527	1.236108	11.353731
1.166133	0.935397	1.946252
1.166738	0.748289	-7.486172
1.167344	0.515618	-16.878740
1.167949	0.241030	-26.336377
1.168555	-0.006828	-35.320361
1.169160	-0.228564	-44.132993
1.169766	-0.452730	-52.904415
1.170371	-0.699373	-61.198928
1.170977	-0.910174	-69.106276
1.171582	-1.127658	-76.609106
1.172187	-1.330561	-83.704707
1.172793	-1.504912	-90.134154
1.173398	-1.676226	-96.006712
1.174004	-1.810482	-101.329158
1.174609	-1.960534	-106.071127
1.175215	-2.034041	-109.886391
1.175820	-2.140353	-113.130126
1.176426	-2.216289	-115.880955
1.177031	-2.264282	-117.573315
1.177637	-2.368163	-118.462875
1.178242	-2.392463	-118.901283
1.178848	-2.391248	-118.399974
1.179453	-2.328069	-117.106981
1.180059	-2.323816	-115.105539
1.180664	-2.289189	-112.438216
1.181270	-2.186522	-108.986800
1.181875	-2.103903	-104.814193
1.182480	-2.004881	-100.038334
1.183086	-1.863335	-94.620452
1.183691	-1.706601	-88.568952
1.184297	-1.519492	-81.884919
1.184902	-1.331169	-74.839205
1.185508	-1.146490	-67.215996
1.186113	-0.963026	-58.934767
1.186719	-0.726103	-50.601483
1.187324	-0.515302	-41.856089
1.187930	-0.316044	-32.877800
1.188535	-0.013511	-23.618896
1.189141	0.195468	-14.225244
1.189746	0.412951	-4.797429
1.190352	0.726419	4.708469
1.190957	0.952407	14.165835
1.191563	1.265267	23.461883
1.192168	1.490041	32.566517
1.192773	1.705702	41.749776
1.193379	1.887950	50.315415
1.193984	2.150388	58.563295
1.194590	2.400069	66.761288
1.195195	2.565308	74.355487
1.195801	2.768211	81.435362
1.196406	2.943777	88.007964
1.197012	3.185561	94.029369
1.197617	3.329537	99.433695
1.198223	3.437671	104.233413
1.198828	3.553703	108.330376
1.199434	3.655155	111.758475
1.200039	3.748709	114.469720
1.200645	3.826468	116.306047
1.201250	3.918200	117.764155
1.201855	3.916378	118.187651
1.202461	3.912125	117.766324
1.203066	3.871423	116.928007
1.203672	3.848338	115.174102
1.204277	3.789411	112.626615
1.204883	3.731699	109.420839
1.205488	3.634500	105.569514
1.206094	3.554918	100.994830
1.206699	3.457719	95.768091
1.207305	3.240843	89.938913
1.207910	3.121774	83.604630
1.208516	2.920085	76.696918
1.209121	2.742696	69.095399
1.209727	2.540400	61.412000
1.210332	2.226325	53.142159
1.210937	2.081134	44.436621
1.211543	1.817481	35.666013
1.212148	1.594530	26.644614
1.212754	1.342419	17.369985
1.213359	1.049606	7.909636
1.213965	0.816328	-1.511671
1.214570	0.532020	-10.925115
1.215176	0.257432	-20.319852
1.215781	0.038126	-29.591499
1.216387	-0.203657	-38.638654
1.216992	-0.456375	-47.515814
1.217598	-0.716991	-56.218099
1.218203	-0.956344	-64.181027
1.218809	-1.204809	-71.935461
1.219414	-1.414395	-79.440731
1.220020	-1.584494	-86.262224
1.220625	-1.826885	-92.503783
1.221230	-1.964786	-98.168388
1.221836	-2.133063	-103.283153
1.222441	-2.281292	-107.685673
1.223047	-2.389426	-111.406045
1.223652	-2.485410	-114.441284
1.224258	-2.602657	-116.734184
1.224863	-2.600834	-118.346291
1.225469	-2.753316	-119.023560
1.226074	-2.716866	-119.223379
1.226680	-2.710791	-118.422206
1.227285	-2.750886	-116.757772
1.227891	-2.690136	-114.578744
1.228496	-2.607517	-111.681236
1.229102	-2.519430	-107.878714
1.229707	-2.445315	-103.482701
1.230312	-2.320779	-98.499702
1.230918	-2.181662	-92.812594
1.231523	-2.075958	-86.552057
1.232129	-1.854222	-79.730292
1.232734	-1.688983	-72.441379
1.233340	-1.518277	-64.673932
1.233945	-1.253409	-56.394601
1.234551	-1.094245	-48.010617
1.235156	-0.840312	-39.112580
1.235762	-0.617969	-29.740888
1.236367	-0.367073	-20.590435
1.236973	-0.066970	-11.194071
1.237578	0.177850	-1.760563
1.238184	0.452438	7.765669
1.238789	0.702119	17.211106
1.239395	0.965165	26.471908
