LabVIEW Measurement	
Writer_Version	2
Reader_Version	2
Separator	Tab
Decimal_Separator	.
Multi_Headings	No
X_Columns	One
Time_Pref	Absolute
Operator	AlunosGDS-JT
Date	2019/10/09
Time	15:00:21.5558046812497091865
***End_of_Header***	
	
Channels	2		
Samples	2048	2048	
Date	2019/10/09	2019/10/09	
Time	15:01:57.9918398374997084683	15:01:57.9918398374997084683	
Y_Unit_Label	g	Newtons	
X_Dimension	Time	Time	
X0	0.0000000000000000E+0	0.0000000000000000E+0	
Delta_X	0.000605	0.000605	
***End_of_Header***			
X_Value	Acceleration (Trigger)	Force (Trigger)	Comment
0.000000	0.405661	2.240964
0.000605	0.310892	3.683076
0.001211	0.320004	4.916150
0.001816	0.380146	6.217277
0.002422	0.358276	7.454418
0.003027	0.349772	8.746598
0.003633	0.302387	10.009496
0.004238	0.333369	11.285408
0.004844	0.372249	12.579486
0.005449	0.386829	13.828556
0.006055	0.330939	15.157067
0.006660	0.298742	16.388243
0.007266	0.294489	17.443460
0.007871	0.335799	18.818062
0.008477	0.265937	20.244177
0.009082	0.241030	21.430076
0.009687	0.267152	22.609196
0.010293	0.219160	23.881042
0.010898	0.239815	25.159123
0.011504	0.233740	26.374574
0.012109	0.255002	27.618765
0.012715	0.192430	28.798428
0.013320	0.240422	30.084914
0.013926	0.159625	31.285995
0.014531	0.228272	32.486264
0.015137	0.206403	33.589741
0.015742	0.234955	34.994166
0.016348	0.140793	36.192265
0.016953	0.183925	37.288151
0.017559	0.190000	38.527732
0.018164	0.157195	39.784666
0.018770	0.179673	41.015571
0.019375	0.127428	42.137213
0.019980	0.141401	43.307658
0.020586	0.097053	44.523381
0.021191	0.097661	45.683523
0.021797	0.044809	46.887858
0.022402	0.081866	47.940906
0.023008	0.051491	49.073664
0.023613	0.050884	50.360963
0.024219	0.022939	51.446817
0.024824	0.067894	52.382739
0.025430	0.005929	53.597377
0.026035	-0.004398	54.789241
0.026641	0.033266	55.972971
0.027246	-0.009258	57.023036
0.027852	-0.008651	58.041922
0.028457	-0.023231	59.153533
0.029062	-0.013511	60.255654
0.029668	-0.031736	61.316022
0.030273	-0.000753	62.383711
0.030879	-0.036596	63.371960
0.031484	-0.040848	64.463236
0.032090	-0.075475	65.419492
0.032695	-0.026876	66.300376
0.033301	-0.008651	67.598520
0.033906	-0.094915	68.670005
0.034512	-0.075475	69.579628
0.035117	-0.161740	70.469458
0.035723	-0.076690	71.526844
0.036328	-0.057858	72.531903
0.036934	-0.074868	73.498462
0.037539	-0.080335	74.415947
0.038145	-0.081550	75.384947
0.038750	-0.094308	76.267186
0.039355	-0.070008	77.243505
0.039961	-0.127720	78.085347
0.040566	-0.083373	78.999037
0.041172	-0.105243	80.059405
0.041777	-0.075475	80.768938
0.042383	-0.082765	81.606442
0.042988	-0.090663	82.631564
0.043594	-0.054820	83.422434
0.044199	-0.057250	84.314434
0.044805	-0.087625	85.105304
0.045410	-0.052998	85.944435
0.046016	-0.109495	86.788445
0.046621	-0.111318	87.567657
0.047227	-0.052390	88.341447
0.047832	-0.051175	89.019258
0.048438	-0.093093	89.881977
0.049043	-0.117393	90.666340
0.049648	-0.069400	91.256849
0.050254	-0.035988	92.052329
0.050859	-0.060895	92.880343
0.051465	-0.055428	93.644101
0.052070	-0.070008	94.262265
0.052676	-0.110103	94.902661
0.053281	-0.092485	95.632528
0.053887	-0.043278	96.271840
0.054492	-0.091878	96.933384
0.055098	-0.014118	97.540974
0.055703	0.002284	98.216074
0.056309	0.016864	98.828816
0.056914	-0.025053	99.421223
0.057520	0.035089	99.823301
0.058125	-0.021408	100.558048
0.058730	-0.023838	101.163740
0.059336	-0.025661	101.643631
0.059941	-0.068793	102.119997
0.060547	-0.000753	102.648961
0.061152	0.032051	103.201784
0.061758	-0.022016	103.648868
0.062363	0.025976	104.133639
0.062969	0.004107	104.608920
0.063574	0.062426	104.993375
0.064180	-0.008043	105.524508
0.064785	0.002284	105.789396
0.065391	0.025369	106.206386
0.065996	0.057566	106.761649
0.066602	0.052706	107.117364
0.067207	0.005322	107.407197
0.067812	0.054529	107.836116
0.068418	0.051491	108.118627
0.069023	0.097661	108.527483
0.069629	0.058781	108.800506
0.070234	0.086118	109.109045
0.070840	0.120138	109.375019
0.071445	0.131681	109.654277
0.072051	0.111633	109.844335
0.072656	0.155980	110.082925
0.073262	0.157195	110.332088
0.073867	0.112848	110.628970
0.074473	0.161448	110.668825
0.075078	0.168738	110.769683
0.075684	0.173598	111.105607
0.076289	0.152943	111.308679
0.076895	0.168738	111.403301
0.077500	0.196683	111.470269
0.078105	0.254395	111.589293
0.078711	0.235562	111.708317
0.079316	0.187570	111.814326
0.079922	0.206403	111.859062
0.080527	0.224627	111.891597
0.081133	0.254395	111.932537
0.081738	0.195468	111.973476
0.082344	0.208225	111.831136
0.082949	0.251357	111.924132
0.083555	0.262292	112.087078
0.084160	0.197898	111.971036
0.084766	0.191823	111.828154
0.085371	0.208833	111.812700
0.085977	0.211263	111.732989
0.086582	0.179673	111.584142
0.087188	0.196683	111.435565
0.087793	0.224627	111.332538
0.088398	0.185140	111.184504
0.089004	0.150513	111.073885
0.089609	0.154765	110.818486
0.090215	0.154158	110.544379
0.090820	0.219768	110.547903
0.091426	0.156588	110.333986
0.092031	0.157195	109.934077
0.092637	0.154765	109.747273
0.093242	0.157803	109.577549
0.093848	0.111026	109.271449
0.094453	0.126821	108.971856
0.095059	0.177850	108.672806
0.095664	0.142008	108.366978
0.096270	0.104343	107.984963
0.096875	0.082474	107.715465
0.097480	0.077006	107.293595
0.098086	0.119531	106.853831
0.098691	0.066679	106.588943
0.099297	0.124391	106.187950
0.099902	0.081866	105.556229
0.100508	0.077614	105.277784
0.101113	0.061211	104.921256
0.101719	0.084904	104.455192
0.102324	0.081866	103.958763
0.102930	0.055744	103.426817
0.103535	0.050884	102.959127
0.104141	0.017472	102.468663
0.104746	0.068501	101.914755
0.105352	0.080044	101.379556
0.105957	0.107381	100.866588
0.106563	0.051491	100.357687
0.107168	0.033874	99.681774
0.107773	0.055136	98.952448
0.108379	0.015042	98.535459
0.108984	0.032051	97.953897
0.109590	-0.006828	97.234332
0.110195	0.066679	96.685305
0.110801	0.068501	96.037588
0.111406	0.005322	95.362217
0.112012	0.029621	94.662445
0.112617	0.006537	93.972162
0.113223	0.036304	93.310347
0.113828	0.003499	92.610845
0.114434	-0.035381	91.900499
0.115039	0.028406	91.009584
0.115645	-0.001968	90.312793
0.116250	-0.028698	89.752921
0.116855	0.016257	88.910266
0.117461	-0.000146	88.072762
0.118066	-0.039026	87.313885
0.118672	0.027799	86.558532
0.119277	-0.051783	85.768204
0.119883	-0.024446	84.902503
0.120488	0.019901	84.102685
0.121094	-0.131365	83.236443
0.121699	-0.098560	82.365862
0.122305	-0.066970	81.492569
0.122910	-0.094915	80.544989
0.123516	-0.099775	79.720770
0.124121	-0.088233	78.900348
0.124727	-0.130150	77.801209
0.125332	-0.025053	76.863389
0.125938	-0.091878	76.072790
0.126543	-0.071830	75.178621
0.127148	-0.054820	74.214773
0.127754	-0.054213	73.181788
0.128359	-0.061503	72.268641
0.128965	-0.083980	71.283374
0.129570	-0.083980	70.304886
0.130176	-0.057858	69.288982
0.130781	-0.077905	68.274705
0.131387	-0.088840	67.294861
0.131992	-0.070615	66.298207
0.132598	-0.043886	65.124238
0.133203	-0.047531	64.208108
0.133809	-0.046316	63.327766
0.134414	-0.099168	62.180910
0.135020	-0.088233	61.057912
0.135625	-0.044493	59.970160
0.136230	-0.023838	58.933380
0.136836	-0.079728	57.816618
0.137441	-0.029306	56.730764
0.138047	-0.035988	55.614544
0.138652	-0.076083	54.511609
0.139258	-0.029306	53.397287
0.139863	-0.023231	52.226843
0.140469	-0.000753	50.966385
0.141074	-0.017156	50.014466
0.141680	0.000462	48.973348
0.142285	-0.034166	47.660292
0.142891	0.018686	46.575794
0.143496	-0.015941	45.400469
0.144102	0.104343	44.302414
0.144707	0.033874	43.121396
0.145313	0.061819	41.934141
0.145918	0.059996	40.756918
0.146523	0.064249	39.574544
0.147129	0.055136	38.406811
0.147734	0.042379	37.133881
0.148340	0.089763	35.868814
0.148945	0.081866	34.872702
0.149551	0.104343	33.592181
0.150156	0.124391	32.210801
0.150762	0.165093	31.079398
0.151367	0.103736	29.952876
0.151973	0.118316	28.707872
0.152578	0.133503	27.477238
0.153184	0.148691	26.194276
0.153789	0.175420	25.020036
0.154395	0.145046	23.741684
0.155000	0.185140	22.523792
0.155605	0.202150	21.261436
0.156211	0.189393	19.989591
0.156816	0.206403	18.816164
0.157422	0.160840	17.416890
0.158027	0.191215	16.019514
0.158633	0.189393	14.977311
0.159238	0.207618	13.729325
0.159844	0.215515	12.438230
0.160449	0.224020	11.184279
0.161055	0.208833	9.898877
0.161660	0.223412	8.660651
0.162266	0.258647	7.364676
0.162871	0.248927	6.093915
0.163477	0.265330	4.791704
0.164082	0.278087	3.563510
0.164687	0.256217	2.269161
0.165293	0.312714	0.820543
0.165898	0.326687	-0.399789
0.166504	0.295097	-1.455819
0.167109	0.281125	-2.747186
0.167715	0.332762	-4.117449
0.168320	0.343697	-5.370587
0.168926	0.326079	-6.665478
0.169531	0.346127	-7.932714
0.170137	0.357061	-9.147352
0.170742	0.342482	-10.439531
0.171348	0.383791	-11.704870
0.171953	0.363136	-12.962345
0.172559	0.343697	-14.237715
0.173164	0.343697	-15.577342
0.173770	0.384399	-16.829124
0.174375	0.356454	-17.998755
0.174980	0.383184	-19.441138
0.175586	0.356454	-20.729793
0.176191	0.343697	-21.888037
0.176797	0.388044	-23.054686
0.177402	0.351594	-24.354999
0.178008	0.371641	-25.671038
0.178613	0.417204	-26.874017
0.179219	0.358884	-28.085673
0.179824	0.380146	-29.329050
0.180430	0.372249	-30.608758
0.181035	0.449401	-31.878706
0.181641	0.426316	-32.987063
0.182246	0.373464	-34.258908
0.182852	0.395334	-35.627545
0.183457	0.367389	-36.715568
0.184062	0.332154	-37.814164
0.184668	0.360099	-39.056457
0.185273	0.394726	-40.284651
0.185879	0.334584	-41.515015
0.186484	0.363136	-42.670276
0.187090	0.408699	-43.826080
0.187695	0.364959	-45.102806
0.188301	0.367996	-46.282740
0.188906	0.368604	-47.414143
0.189512	0.373464	-48.509486
0.190117	0.349772	-49.734969
0.190723	0.320004	-51.060497
0.191328	0.306639	-51.997232
0.191934	0.319397	-53.087153
0.192539	0.344912	-54.367674
0.193145	0.339444	-55.417197
0.193750	0.353417	-56.509016
0.194355	0.250750	-57.652890
0.194961	0.320612	-58.762332
0.195566	0.277480	-59.915696
0.196172	0.288415	-60.943800
0.196777	0.298742	-62.076559
0.197383	0.258647	-63.128251
0.197988	0.327902	-64.295171
0.198594	0.316359	-65.392683
0.199199	0.223412	-66.245099
0.199805	0.269582	-67.311974
0.200410	0.267760	-68.463982
0.201016	0.281125	-69.439488
0.201621	0.303602	-70.411741
0.202227	0.261077	-71.383180
0.202832	0.239815	-72.441108
0.203437	0.302994	-73.350460
0.204043	0.287807	-74.327322
0.204648	0.259862	-75.280324
0.205254	0.246497	-76.293788
0.205859	0.224020	-77.277970
0.206465	0.236777	-78.158312
0.207070	0.231917	-78.964094
0.207676	0.262292	-79.962103
0.208281	0.188178	-81.049584
0.208887	0.228880	-81.801683
0.209492	0.172383	-82.597976
0.210098	0.205795	-83.470184
0.210703	0.174813	-84.364624
0.211309	0.162663	-85.229511
0.211914	0.220375	-86.026617
0.212520	0.173598	-86.887980
0.213125	0.143831	-87.707318
0.213730	0.203365	-88.545364
0.214336	0.148083	-89.299633
0.214941	0.169953	-90.049021
0.215547	0.143223	-91.000939
0.216152	0.210655	-91.701525
0.216758	0.213085	-92.225067
0.217363	0.137756	-92.982047
0.217969	0.182103	-93.774001
0.218574	0.220983	-94.495464
0.219180	0.169953	-95.185747
0.219785	0.146261	-95.855967
0.220391	0.200328	-96.530254
0.220996	0.183925	-97.199389
0.221602	0.139578	-97.871236
0.222207	0.182103	-98.460118
0.222812	0.150513	-99.124102
0.223418	0.153550	-99.806523
0.224023	0.207618	-100.283702
0.224629	0.198505	-100.795585
0.225234	0.200328	-101.577779
0.225840	0.238600	-102.112437
0.226445	0.209440	-102.574433
0.227051	0.197290	-103.092824
0.227656	0.298134	-103.567834
0.228262	0.230702	-104.157259
0.228867	0.229487	-104.601632
0.229473	0.315144	-105.034075
0.230078	0.301779	-105.465977
0.230684	0.234347	-106.020969
0.231289	0.283555	-106.537461
0.231895	0.275050	-106.796656
0.232500	0.298134	-107.125530
0.233105	0.227665	-107.727969
0.233711	0.264722	-108.006685
0.234316	0.242852	-108.297330
0.234922	0.243460	-108.640303
0.235527	0.257432	-108.991952
0.236133	0.268975	-109.320283
0.236738	0.301172	-109.568905
0.237344	0.324864	-109.834878
0.237949	0.260470	-110.148298
0.238555	0.220983	-110.497235
0.239160	0.274442	-110.665875
0.239766	0.292667	-110.816349
0.240371	0.324864	-111.120822
0.240977	0.313929	-111.477079
0.241582	0.295704	-111.467048
0.242187	0.306032	-111.575497
0.242793	0.339444	-111.756609
0.243398	0.304817	-111.952361
0.244004	0.324864	-112.085212
0.244609	0.344912	-112.168989
0.245215	0.394119	-112.251411
0.245820	0.356454	-112.334917
0.246426	0.341267	-112.458821
0.247031	0.332762	-112.523078
0.247637	0.337014	-112.543954
0.248242	0.315144	-112.660267
0.248848	0.369211	-112.758414
0.249453	0.438466	-112.506268
0.250059	0.283555	-112.495423
0.250664	0.421456	-112.595197
0.251270	0.345519	-112.555613
0.251875	0.329117	-112.425202
0.252480	0.473093	-112.344136
0.253086	0.392296	-112.252767
0.253691	0.398979	-112.138081
0.254297	0.446363	-112.003874
0.254902	0.429353	-111.853400
0.255508	0.408699	-111.712415
0.256113	0.414166	-111.661986
0.256719	0.446363	-111.494431
0.257324	0.456083	-111.128413
0.257930	0.419634	-111.023217
0.258535	0.443933	-110.954893
0.259141	0.428138	-110.597280
0.259746	0.468841	-110.267593
0.260352	0.446971	-110.001077
0.260957	0.371034	-109.760319
0.261562	0.443326	-109.440663
0.262168	0.460336	-109.126700
0.262773	0.524123	-108.794573
0.263379	0.476131	-108.485491
0.263984	0.473093	-108.230634
0.264590	0.490103	-107.782736
0.265195	0.464588	-107.340803
0.265801	0.514403	-107.122819
0.266406	0.506505	-106.670583
0.267012	0.521085	-105.978673
0.267617	0.443326	-105.625940
0.268223	0.556928	-105.208951
0.268828	0.510758	-104.775694
0.269434	0.546600	-104.300141
0.270039	0.502253	-103.776329
0.270645	0.478561	-103.283424
0.271250	0.534450	-102.770456
0.271855	0.463373	-102.320119
0.272461	0.492533	-101.716866
0.273066	0.410521	-101.190614
0.273672	0.479776	-100.745156
0.274277	0.462158	-100.046739
0.274883	0.451223	-99.382484
0.275488	0.450616	-98.944076
0.276094	0.428746	-98.294732
0.276699	0.412344	-97.619632
0.277305	0.470663	-96.950226
0.277910	0.428746	-96.313083
0.278516	0.476738	-95.665909
0.279121	0.493748	-94.973185
0.279727	0.492533	-94.240878
0.280332	0.431176	-93.568489
0.280938	0.402016	-92.899082
0.281543	0.402016	-92.233743
0.282148	0.439681	-91.339032
0.282754	0.335192	-90.569309
0.283359	0.355239	-89.993712
0.283965	0.387436	-89.022544
0.284570	0.292059	-88.271529
0.285176	0.364959	-87.483369
0.285781	0.324864	-86.676232
0.286387	0.309069	-85.879397
0.286992	0.241030	-85.029421
0.287598	0.264722	-84.218759
0.288203	0.257432	-83.357938
0.288809	0.251357	-82.484917
0.289414	0.213085	-81.604847
0.290020	0.230702	-80.595992
0.290625	0.247712	-79.849587
0.291230	0.197898	-79.060072
0.291836	0.211870	-77.885289
0.292441	0.242245	-76.958857
0.293047	0.155980	-76.056283
0.293652	0.135933	-75.096502
0.294258	0.194253	-74.128045
0.294863	0.085511	-73.191310
0.295469	0.125606	-72.197909
0.296074	0.100698	-71.200984
0.296680	0.124998	-70.160951
0.297285	0.087333	-69.175142
0.297891	0.063034	-68.175777
0.298496	0.017472	-67.320379
0.299102	0.053921	-66.172437
0.299707	0.059389	-64.943430
0.300312	0.016257	-63.996934
0.300918	0.035696	-63.049353
0.301523	0.062426	-61.898701
0.302129	0.069716	-60.821794
0.302734	0.031444	-59.754648
0.303340	0.041164	-58.626770
0.303945	0.034481	-57.542000
0.304551	0.046024	-56.432288
0.305156	0.038734	-55.351585
0.305762	0.018686	-54.165686
0.306367	0.045416	-53.153307
0.306973	0.049061	-51.888511
0.307578	0.018079	-50.651912
0.308184	0.025369	-49.750152
0.308789	-0.005613	-48.533074
0.309395	0.047846	-47.208901
0.310000	0.069716	-46.052826
0.310605	0.003499	-44.918712
0.311211	0.087941	-43.753419
0.311816	0.021724	-42.563724
0.312422	0.080651	-41.336343
0.313027	0.077006	-40.158036
0.313633	0.040556	-38.969697
0.314238	0.084296	-37.809826
0.314844	0.058174	-36.497855
0.315449	0.104951	-35.345575
0.316055	0.106773	-34.221493
0.316660	0.138971	-32.814628
0.317266	0.162663	-31.479881
0.317871	0.159625	-30.305912
0.318477	0.121353	-29.094799
0.319082	0.161448	-27.830274
0.319688	0.149906	-26.558428
0.320293	0.209440	-25.248897
0.320898	0.174205	-24.024227
0.321504	0.166308	-22.785188
0.322109	0.133503	-21.536931
0.322715	0.213085	-20.171276
0.323320	0.180888	-18.975888
0.323926	0.219160	-17.860753
0.324531	0.131681	-16.384751
0.325137	0.209440	-15.074406
0.325742	0.242852	-13.912366
0.326348	0.228272	-12.583856
0.326953	0.222805	-11.288694
0.327559	0.251965	-10.011155
0.328164	0.236170	-8.740123
0.328770	0.191823	-7.479665
0.329375	0.275657	-6.149528
0.329980	0.237992	-4.857890
0.330586	0.210048	-3.569777
0.331191	0.293882	-2.434308
0.331797	0.267152	-1.112847
0.332402	0.301779	0.379694
0.333008	0.251357	1.530889
0.333613	0.248320	2.717601
0.334219	0.270797	4.116604
0.334824	0.247712	5.400107
0.335430	0.225235	6.677646
0.336035	0.226450	7.917499
0.336641	0.251357	9.214830
0.337246	0.244067	10.507552
0.337852	0.279302	11.798376
0.338457	0.265937	13.043380
0.339062	0.239207	14.268592
0.339668	0.262292	15.606862
0.340273	0.222805	16.959503
0.340879	0.251965	17.997639
0.341484	0.261077	19.273822
0.342090	0.279302	20.722440
0.342695	0.221590	21.983983
0.343301	0.244675	23.268300
0.343906	0.278087	24.438474
0.344512	0.163878	25.649858
0.345117	0.273835	26.942851
0.345723	0.200328	28.153965
0.346328	0.177243	29.396528
0.346934	0.205795	30.616318
0.347539	0.217945	31.865389
0.348145	0.199113	33.028513
0.348750	0.163878	34.109215
0.349355	0.191823	35.421458
0.349961	0.165700	36.850285
0.350566	0.162663	37.926649
0.351172	0.140186	39.031753
0.351777	0.188178	40.293024
0.352383	0.144438	41.461571
0.352988	0.171775	42.663466
0.353594	0.157195	43.818999
0.354199	0.168130	45.004627
0.354805	0.211870	46.251800
0.355410	0.152943	47.398928
0.356016	0.146868	48.573710
0.356621	0.174205	49.574973
0.357227	0.120746	50.869864
0.357832	0.086726	52.025668
0.358438	0.143223	53.012019
0.359043	0.109203	54.097060
0.359648	0.096446	55.321458
0.360254	0.118923	56.426833
0.360859	0.066679	57.482050
0.361465	0.106166	58.550552
0.362070	0.125606	59.651317
0.362676	0.069716	60.733376
0.363281	0.103736	61.804318
0.363887	0.097661	62.786331
0.364492	0.135326	63.785425
0.365098	0.099483	64.961292
0.365703	0.071539	65.946559
0.366309	0.063034	66.802228
0.366914	0.097661	68.010088
0.367520	0.042986	69.060153
0.368125	0.145653	70.064398
0.368730	0.124391	71.025264
0.369336	0.015042	71.980436
0.369941	0.100698	72.962449
0.370547	0.159625	73.976454
0.371152	0.116493	74.892855
0.371758	0.073969	75.845045
0.372363	0.059389	76.721048
0.372969	0.101913	77.733156
0.373574	0.039341	78.503692
0.374180	0.044201	79.316253
0.374785	0.087941	80.441419
0.375391	0.059996	81.274856
0.375996	0.021116	82.058135
0.376602	0.091586	82.971825
0.377207	0.024154	83.816920
0.377812	0.042379	84.639783
0.378418	0.046631	85.497621
0.379023	0.005322	86.259210
0.379629	0.035696	87.116777
0.380234	0.049669	87.903581
0.380840	0.029014	88.674659
0.381445	0.041164	89.318580
0.382051	0.007752	90.167200
0.382656	-0.026876	91.073298
0.383262	-0.063933	91.575692
0.383867	-0.011688	92.303661
0.384473	-0.065755	93.087753
0.385078	-0.097345	93.783188
0.385684	-0.069400	94.482418
0.386289	-0.080335	95.111698
0.386895	-0.139262	95.744503
0.387500	-0.172067	96.377579
0.388105	-0.184825	97.012010
0.388711	-0.165385	97.638850
0.389316	-0.145337	98.186793
0.389922	-0.164170	98.883583
0.390527	-0.178750	99.490902
0.391133	-0.165992	99.872645
0.391738	-0.198797	100.500299
0.392344	-0.169637	101.185430
0.392949	-0.196974	101.724968
0.393555	-0.181787	102.185609
0.394160	-0.185432	102.697492
0.394766	-0.193937	103.196090
0.395371	-0.190899	103.678692
0.395977	-0.236462	104.072907
0.396582	-0.249219	104.520805
0.397187	-0.193329	104.988223
0.397793	-0.268051	105.467843
0.398398	-0.260154	105.724327
0.399004	-0.237069	106.061334
0.399609	-0.280809	106.639914
0.400215	-0.239499	107.080763
0.400820	-0.250434	107.310134
0.401426	-0.275949	107.671814
0.402031	-0.218844	108.066572
0.402637	-0.269874	108.375925
0.403242	-0.289921	108.660605
0.403848	-0.270481	108.943117
0.404453	-0.246789	109.191196
0.405059	-0.207302	109.502176
0.405664	-0.210947	109.796617
0.406270	-0.161740	109.919708
0.406875	-0.129542	110.105970
0.407480	-0.111925	110.510759
0.408086	-0.178750	110.609720
0.408691	-0.142907	110.682652
0.409297	-0.097345	110.900637
0.409902	-0.142907	111.056262
0.410508	-0.124075	111.204567
0.411113	-0.067578	111.317355
0.411719	-0.081550	111.386492
0.412324	-0.108280	111.501449
0.412930	-0.047531	111.651923
0.413535	-0.059073	111.676324
0.414141	-0.081550	111.623726
0.414746	0.012004	111.653821
0.415352	-0.024446	111.833034
0.415957	0.077006	111.738683
0.416563	0.052706	111.651652
0.417168	0.019294	111.862315
0.417773	0.109203	111.784231
0.418379	0.113456	111.727295
0.418984	0.150513	111.645958
0.419590	0.118923	111.562994
0.420195	0.036911	111.371309
0.420801	0.049669	111.281295
0.421406	0.176028	111.155222
0.422012	0.171168	111.048942
0.422617	0.179065	110.920971
0.423223	0.106166	110.763719
0.423828	0.162055	110.377637
0.424434	0.214300	110.175921
0.425039	0.207618	110.209540
0.425645	0.191215	109.924317
0.426250	0.119531	109.641805
0.426855	0.200328	109.393997
0.427461	0.179673	109.112841
0.428066	0.232525	108.865576
0.428672	0.220983	108.520976
0.429277	0.194253	108.199423
0.429883	0.181495	107.883020
0.430488	0.262292	107.596442
0.431094	0.214300	107.172132
0.431699	0.277480	106.679227
0.432305	0.232525	106.366078
0.432910	0.198505	106.155143
0.433516	0.253180	105.655190
0.434121	0.220983	105.138426
0.434727	0.253787	104.733909
0.435332	0.219768	104.260254
0.435937	0.203973	103.779008
0.436543	0.172383	103.306167
0.437148	0.176028	102.777474
0.437754	0.258040	102.287281
0.438359	0.233740	101.760486
0.438965	0.201543	101.171874
0.439570	0.230095	100.561573
0.440176	0.205188	100.104186
0.440781	0.214908	99.573053
0.441387	0.139578	98.758052
0.441992	0.185140	98.232342
0.442598	0.194860	97.682501
0.443203	0.239207	97.133203
0.443809	0.118316	96.410656
0.444414	0.112848	95.744774
0.445020	0.125606	95.052322
0.445625	0.068501	94.395929
0.446230	0.111026	93.770174
0.446836	0.065464	92.952462
0.447441	0.065464	92.249707
0.448047	0.026584	91.591146
0.448652	-0.003183	90.675829
0.449258	0.088548	89.967381
0.449863	-0.011688	89.376600
0.450469	-0.045101	88.584374
0.451074	-0.003791	87.676649
0.451680	-0.028091	86.880357
0.452285	-0.003791	86.132595
0.452891	-0.071830	85.280722
0.453496	-0.074260	84.457859
0.454102	-0.056035	83.607883
0.454707	-0.111925	82.752214
0.455313	-0.102205	81.933960
0.455918	-0.115570	81.005359
0.456523	-0.082158	80.029310
0.457129	-0.129542	79.192620
0.457734	-0.141085	78.465193
0.458340	-0.165385	77.383677
0.458945	-0.108888	76.445044
0.459551	-0.137440	75.579343
0.460156	-0.176927	74.610886
0.460762	-0.120430	73.660865
0.461367	-0.146552	72.672616
0.461973	-0.161740	71.709040
0.462578	-0.135617	70.748988
0.463184	-0.166600	69.721426
0.463789	-0.197582	68.695490
0.464395	-0.164170	67.642985
0.465000	-0.148982	66.727397
0.465605	-0.224312	65.701191
0.466211	-0.099775	64.531831
0.466816	-0.077298	63.617870
0.467422	-0.104028	62.644533
0.468027	-0.110710	61.546749
0.468633	-0.181180	60.420498
0.469238	-0.131365	59.374770
0.469844	-0.079728	58.293526
0.470449	-0.127112	57.230989
0.471055	-0.061503	56.095790
0.471660	-0.085803	54.967641
0.472266	-0.094915	53.854403
0.472871	-0.063325	52.827926
0.473477	-0.085195	51.582108
0.474082	-0.087625	50.317041
0.474687	-0.096738	49.445376
0.475293	-0.041456	48.277914
0.475898	-0.063933	47.054600
0.476504	-0.052390	45.915605
0.477109	-0.045101	44.770375
0.477715	0.002284	43.652800
0.478320	-0.017156	42.441144
0.478926	-0.015941	41.304319
0.479531	0.021724	40.102695
0.480137	0.028406	38.955567
0.480742	0.024154	37.768312
0.481348	0.046024	36.437633
0.481953	0.053314	35.272340
0.482559	-0.015941	34.272703
0.483164	0.027799	32.907049
0.483770	0.001069	31.596433
0.484375	0.068501	30.482924
0.484980	-0.038418	29.258255
0.485586	0.018079	27.984512
0.486191	0.030229	26.779905
0.486797	-0.020801	25.526768
0.487402	0.036911	24.284746
0.488008	0.017472	23.031608
0.488613	0.075791	21.797449
0.489219	0.066679	20.527231
0.489824	0.073969	19.341874
0.490430	0.056959	18.038850
0.491035	0.047239	16.610294
0.491641	0.114063	15.496244
0.492246	0.087941	14.316581
0.492852	0.092193	13.041211
0.493457	0.071539	11.740355
0.494063	0.116493	10.481795
0.494668	0.111026	9.222692
0.495273	0.068501	7.921023
0.495879	0.123783	6.647551
0.496484	0.086726	5.373808
0.497090	0.135933	4.114706
0.497695	0.074576	2.846656
0.498301	0.101306	1.424066
0.498906	0.152943	0.096369
0.499512	0.172990	-0.934176
0.500117	0.112848	-2.216595
0.500723	0.133503	-3.552968
0.501328	0.155980	-4.843249
0.501934	0.190608	-6.077680
0.502539	0.157803	-7.355490
0.503145	0.191823	-8.636824
0.503750	0.224020	-9.852276
0.504355	0.177243	-11.142015
0.504961	0.210048	-12.394068
0.505566	0.188178	-13.678114
0.506172	0.239207	-15.051902
0.506777	0.245282	-16.242952
0.507383	0.243460	-17.408517
0.507988	0.251965	-18.811587
0.508594	0.242245	-20.163956
0.509199	0.266545	-21.292376
0.509805	0.183925	-22.550665
0.510410	0.227057	-23.768828
0.511016	0.275657	-25.029286
0.511621	0.260470	-26.291371
0.512227	0.291452	-27.526885
0.512832	0.251357	-28.748573
0.513437	0.270797	-30.012284
0.514043	0.297527	-31.309073
0.514648	0.379539	-32.466504
0.515254	0.281125	-33.637219
0.515859	0.418419	-35.055201
0.516465	0.329724	-36.137801
0.517070	0.360099	-37.208472
0.517676	0.332762	-38.487638
0.518281	0.324864	-39.697667
0.518887	0.355847	-40.938061
0.519492	0.339444	-42.063500
0.520098	0.347342	-43.268106
0.520703	0.339444	-44.447498
0.521309	0.385614	-45.666474
0.521914	0.317574	-46.781609
0.522520	0.385006	-47.877766
0.523125	0.329724	-49.135784
0.523730	0.397156	-50.413594
0.524336	0.352809	-51.387202
0.524941	0.284162	-52.518605
0.525547	0.335192	-53.751137
0.526152	0.372249	-54.860850
0.526758	0.315144	-55.961886
0.527363	0.358884	-57.014121
0.527969	0.317574	-58.171552
0.528574	0.309677	-59.323831
0.529180	0.311499	-60.396671
0.529785	0.344304	-61.458395
0.530391	0.341267	-62.509273
0.530996	0.360099	-63.700052
0.531602	0.363744	-64.767199
0.532207	0.252572	-65.623952
0.532813	0.225842	-66.797108
0.533418	0.284162	-67.921191
0.534023	0.278087	-68.824035
0.534629	0.309069	-69.827467
0.535234	0.251965	-70.829544
0.535840	0.280517	-71.857648
0.536445	0.306032	-72.823936
0.537051	0.220983	-73.798900
0.537656	0.254395	-74.789589
0.538262	0.239207	-75.767806
0.538867	0.270190	-76.736534
0.539473	0.250142	-77.635855
0.540078	0.240422	-78.477425
0.540684	0.219768	-79.577920
0.541289	0.226450	-80.555595
0.541895	0.232525	-81.244522
0.542500	0.239815	-82.079044
0.543105	0.199113	-83.062412
0.543711	0.208225	-83.936789
0.544316	0.170560	-84.780258
0.544922	0.172383	-85.645145
0.545527	0.123783	-86.480480
0.546133	0.218553	-87.313103
0.546738	0.178458	-88.122410
0.547344	0.167523	-88.933344
0.547949	0.181495	-89.711742
0.548555	0.083081	-90.676674
0.549160	0.075184	-91.259863
0.549766	0.134718	-91.860947
0.550371	0.098876	-92.772196
0.550977	0.118316	-93.502335
0.551582	0.135326	-94.217019
0.552187	0.101306	-94.900524
0.552793	0.148691	-95.587011
0.553398	0.159625	-96.230661
0.554004	0.117101	-96.916877
0.554609	0.103736	-97.628037
0.555215	0.143831	-98.182758
0.555820	0.081866	-98.893104
0.556426	0.128036	-99.553835
0.557031	0.131681	-99.978145
0.557637	0.078829	-100.616372
0.558242	0.087333	-101.426492
0.558848	0.102521	-101.888488
0.559453	0.085511	-102.309545
0.560059	0.079436	-102.853149
0.560664	0.106166	-103.392958
0.561270	0.075791	-103.949848
0.561875	0.087941	-104.380936
0.562480	0.090371	-104.822869
0.563086	0.095838	-105.320654
0.563691	0.106166	-105.842569
0.564297	0.111633	-106.294533
0.564902	0.153550	-106.633168
0.565508	0.087941	-107.241843
0.566113	0.134718	-107.521101
0.566719	0.124391	-107.683776
0.567324	0.133503	-108.159328
0.567930	0.162055	-108.584451
0.568535	0.170560	-108.918206
0.569141	0.193038	-109.162489
0.569746	0.140793	-109.500852
0.570352	0.190608	-109.805054
0.570957	0.202758	-110.132844
0.571562	0.187570	-110.317480
0.572168	0.202150	-110.558780
0.572773	0.194253	-110.906904
0.573379	0.167523	-111.223307
0.573984	0.200935	-111.237676
0.574590	0.160840	-111.434513
0.575195	0.146868	-111.744137
0.575801	0.230702	-111.863974
0.576406	0.191215	-111.991131
0.577012	0.220983	-112.095785
0.577617	0.283555	-112.209116
0.578223	0.225235	-112.332206
0.578828	0.301172	-112.398089
0.579434	0.230702	-112.519011
0.580039	0.247105	-112.532838
0.580645	0.237992	-112.714763
0.581250	0.295704	-112.714221
0.581855	0.265937	-112.598722
0.582461	0.217338	-112.724523
0.583066	0.304817	-112.772512
0.583672	0.279302	-112.534736
0.584277	0.219160	-112.526060
0.584883	0.299349	-112.497321
0.585488	0.279302	-112.476173
0.586094	0.266545	-112.374773
0.586699	0.267760	-112.265781
0.587305	0.255002	-112.141063
0.587910	0.293882	-111.972424
0.588516	0.340659	-111.891629
0.589121	0.299957	-111.690725
0.589727	0.304209	-111.517748
0.590332	0.320004	-111.496871
0.590938	0.362529	-111.222493
0.591543	0.364351	-110.826380
0.592148	0.295097	-110.721455
0.592754	0.338837	-110.474461
0.593359	0.352202	-110.164565
0.593965	0.360099	-109.907539
0.594570	0.355847	-109.614454
0.595176	0.457298	-109.321910
0.595781	0.383184	-109.041567
0.596387	0.359491	-108.714591
0.596992	0.367996	-108.325256
0.597598	0.377716	-108.015632
0.598203	0.408091	-107.825574
0.598809	0.360099	-107.221779
0.599414	0.426923	-106.770628
0.600020	0.406269	-106.504926
0.600625	0.369819	-106.051606
0.601230	0.460336	-105.551110
0.601836	0.400194	-105.107821
0.602441	0.430568	-104.632269
0.603047	0.398371	-104.122283
0.603652	0.457298	-103.634259
0.604258	0.422671	-103.128612
0.604863	0.429353	-102.633539
0.605469	0.454868	-102.139278
0.606074	0.470056	-101.591607
0.606680	0.475523	-100.854961
0.607285	0.424493	-100.467253
0.607891	0.479168	-99.991159
0.608496	0.480383	-99.256953
0.609102	0.388044	-98.535491
0.609707	0.466411	-97.921123
0.610313	0.410521	-97.340645
0.610918	0.416596	-96.679914
0.611523	0.413559	-96.011592
0.612129	0.412344	-95.310464
0.612734	0.428138	-94.635364
0.613340	0.397156	-93.958366
0.613945	0.446363	-93.186746
0.614551	0.381361	-92.518152
0.615156	0.413559	-91.918967
0.615762	0.420849	-91.040795
0.616367	0.380146	-90.092130
0.616973	0.355239	-89.450107
0.617578	0.371641	-88.727289
0.618184	0.372856	-87.880025
0.618789	0.388044	-87.056348
0.619395	0.344304	-86.261953
0.620000	0.340659	-85.452918
0.620605	0.290844	-84.640629
0.621211	0.333977	-83.774386
0.621816	0.285377	-82.913836
0.622422	0.273227	-82.043798
0.623027	0.284162	-81.259163
0.623633	0.248927	-80.240819
0.624238	0.199113	-79.261246
0.624844	0.209440	-78.558491
0.625449	0.231917	-77.608471
0.626055	0.208225	-76.561930
0.626660	0.169953	-75.607843
0.627266	0.196683	-74.654569
0.627871	0.185140	-73.712411
0.628477	0.147476	-72.762391
0.629082	0.128036	-71.760585
0.629687	0.121353	-70.743326
0.630293	0.174205	-69.749655
0.630898	0.118923	-68.782824
0.631504	0.121353	-67.676094
0.632109	0.080044	-66.711704
0.632715	0.112241	-65.813739
0.633320	0.120746	-64.586359
0.633926	0.083081	-63.424048
0.634531	0.050276	-62.471316
0.635137	0.030836	-61.476018
0.635742	0.066071	-60.379861
0.636348	0.036911	-59.241951
0.636953	0.090978	-58.136305
0.637559	0.008967	-57.064821
0.638164	0.013827	-55.977883
0.638770	0.056959	-54.869254
0.639375	-0.006828	-53.646483
0.639980	-0.002576	-52.630850
0.640586	0.029621	-51.581598
0.641191	-0.004398	-50.207539
0.641797	0.017472	-49.057971
0.642402	0.012004	-47.952596
0.643008	-0.017763	-46.750972
0.643613	0.004107	-45.557753
0.644219	0.065464	-44.366703
0.644824	-0.038418	-43.234486
0.645430	0.060604	-42.005208
0.646035	-0.008043	-40.777285
0.646641	0.011397	-39.564544
0.647246	0.024761	-38.387051
0.647852	0.046024	-37.296588
0.648457	0.045416	-36.049686
0.649062	-0.014118	-34.655292
0.649668	0.055136	-33.572150
0.650273	0.041771	-32.387606
0.650879	-0.001968	-31.058825
0.651484	0.074576	-29.766103
0.652090	0.126213	-28.543331
0.652695	0.030229	-27.320288
0.653301	0.062426	-26.087214
0.653906	0.041771	-24.795034
0.654512	0.069716	-23.569009
0.655117	0.093408	-22.313431
0.655723	0.126213	-21.037790
0.656328	0.107988	-19.678372
0.656934	0.128643	-18.423878
0.657539	0.081259	-17.411228
0.658145	0.148691	-15.973184
0.658750	0.075791	-14.573367
0.659355	0.117101	-13.257058
0.659961	0.131681	-12.047842
0.660566	0.172990	-10.796060
0.661172	0.135326	-9.483817
0.661777	0.116493	-8.224986
0.662383	0.169345	-6.905965
0.662988	0.177850	-5.659877
0.663594	0.118923	-4.361732
0.664199	0.166308	-3.085820
0.664805	0.155980	-1.907242
0.665410	0.172383	-0.638379
0.666016	0.173598	0.891035
0.666621	0.157195	2.156644
0.667227	0.172383	3.329258
0.667832	0.138363	4.596494
0.668438	0.228880	5.949677
0.669043	0.145653	7.248906
0.669648	0.135933	8.471949
0.670254	0.167523	9.776871
0.670859	0.159625	11.060646
0.671465	0.186355	12.348759
0.672070	0.145653	13.632262
0.672676	0.103128	14.812467
0.673281	0.116493	16.118203
0.673887	0.144438	17.513410
0.674492	0.064856	18.588419
0.675098	0.152336	19.780554
0.675703	0.109203	21.182810
0.676309	0.100698	22.495053
0.676914	0.158410	23.711318
0.677520	0.113456	24.940054
0.678125	0.149298	26.186414
0.678730	0.111026	27.443618
0.679336	0.123176	28.721699
0.679941	0.101913	29.911936
0.680547	0.135326	31.090786
0.681152	0.130466	32.350159
0.681758	0.170560	33.639899
0.682363	0.111633	34.635739
0.682969	0.161448	35.962081
0.683574	0.131073	37.346714
0.684180	0.130466	38.436363
0.684785	0.102521	39.610333
0.685391	0.090371	40.782946
0.685996	0.126213	41.998127
0.686602	0.063034	43.173994
0.687207	0.019901	44.328713
0.687813	0.108596	45.544707
0.688418	0.084296	46.683430
0.689023	0.083081	47.865533
0.689629	0.077006	48.985549
0.690234	0.115886	50.054322
0.690840	0.111633	51.376867
0.691445	0.052706	52.511252
0.692051	0.103736	53.516582
0.692656	0.120138	54.636869
0.693262	0.041771	55.793757
0.693867	0.098268	56.933294
0.694473	0.156588	57.980919
0.695078	0.076399	59.028273
0.695684	0.095231	60.135275
0.696289	0.072146	61.249054
0.696895	0.095231	62.298849
0.697500	0.078221	63.291707
0.698105	0.099483	64.300290
0.698711	0.074576	65.483207
0.699316	0.078221	66.392830
0.699922	0.038126	67.345290
0.700527	0.031444	68.527664
0.701133	0.086726	69.566885
0.701738	0.100698	70.480574
0.702344	0.046024	71.472619
0.702949	0.038734	72.486896
0.703555	0.083689	73.458064
0.704160	0.071539	74.393444
0.704766	0.038126	75.321232
0.705371	0.063034	76.231669
0.705977	0.051491	77.267364
0.706582	0.067286	78.193526
0.707187	0.027799	78.875404
0.707793	0.047846	79.867178
0.708398	0.079436	80.901518
0.709004	0.018686	81.699166
0.709609	-0.019586	82.519047
0.710215	0.013827	83.402100
0.710820	0.021724	84.239332
0.711426	-0.023231	85.042945
0.712031	0.021724	85.863911
0.712637	-0.033558	86.641496
0.713242	0.028406	87.487133
0.713848	0.032659	88.302947
0.714453	-0.038418	88.903759
0.715059	-0.009258	89.604345
0.715664	-0.027483	90.605337
0.716270	-0.043278	91.306194
0.716875	-0.003183	91.878267
0.717480	-0.009866	92.648803
0.718086	-0.032951	93.444824
0.718691	-0.057858	94.093083
0.719297	-0.038418	94.788789
0.719902	-0.068185	95.434065
0.720508	-0.069400	96.098591
0.721113	-0.048746	96.771794
0.721719	-0.136225	97.414901
0.722324	-0.052998	97.959319
0.722930	-0.071223	98.576128
0.723535	-0.097345	99.244450
0.724141	-0.115570	99.648154
0.724746	-0.095523	100.111235
0.725352	-0.129542	100.786606
0.725957	-0.141692	101.441372
0.726562	-0.182395	101.889541
0.727168	-0.214592	102.376752
0.727773	-0.148982	102.914663
0.728379	-0.150805	103.365814
0.728984	-0.128327	103.880137
0.729590	-0.158702	104.319901
0.730195	-0.185432	104.764546
0.730801	-0.118000	105.274260
0.731406	-0.184217	105.604761
0.732012	-0.118000	105.903540
0.732617	-0.108280	106.474799
0.733223	-0.185432	107.012710
0.733828	-0.138655	107.252656
0.734434	-0.186039	107.543030
0.735039	-0.149590	107.949446
0.735645	-0.193937	108.264764
0.736250	-0.193937	108.577099
0.736855	-0.215807	108.857713
0.737461	-0.186039	109.101454
0.738066	-0.178750	109.376103
0.738672	-0.180572	109.635027
0.739277	-0.152627	109.830237
0.739883	-0.106458	109.999690
0.740488	-0.090663	110.384686
0.741094	-0.174497	110.452739
0.741699	-0.076083	110.488256
0.742305	-0.113140	110.800320
0.742910	-0.108888	111.020202
0.743516	-0.087625	111.160103
0.744121	-0.138047	111.190469
0.744727	-0.088840	111.332538
0.745332	-0.122860	111.408995
0.745938	-0.054820	111.547811
0.746543	-0.062110	111.598240
0.747148	0.007752	111.608000
0.747754	-0.026268	111.723771
0.748359	-0.077298	111.761728
0.748965	0.032051	111.682560
0.749570	0.047846	111.673070
0.750176	-0.059680	111.828967
0.750781	-0.005613	111.756577
0.751387	0.050884	111.679306
0.751992	0.014434	111.618032
0.752598	0.062426	111.576821
0.753203	0.013827	111.436108
0.753809	0.007144	111.286447
0.754414	0.086726	111.184504
0.755020	0.059389	111.058160
0.755625	0.034481	111.006917
0.756230	0.104951	110.782697
0.756836	0.165093	110.462770
0.757441	0.099483	110.435658
0.758047	0.081259	110.284642
0.758652	0.117708	109.949532
0.759258	0.132288	109.705519
0.759863	0.128036	109.509768
0.760469	0.079436	109.246777
0.761074	0.095231	108.920343
0.761680	0.114671	108.625902
0.762285	0.112241	108.338238
0.762891	0.111633	108.028343
0.763496	0.048454	107.637652
0.764102	0.084904	107.209818
0.764707	0.076399	106.846511
0.765312	0.136541	106.659435
0.765918	0.051491	106.077602
0.766523	0.046024	105.593373
0.767129	0.124391	105.355597
0.767734	0.097661	104.910411
0.768340	0.094623	104.444076
0.768945	0.118316	103.972591
0.769551	0.083689	103.512492
0.770156	0.090371	103.031789
0.770762	0.101913	102.551627
0.771367	0.109203	101.995008
0.771973	0.106166	101.431611
0.772578	0.095231	100.939520
0.773184	0.057566	100.392933
0.773789	0.064249	99.638394
0.774395	0.034481	99.083673
0.775000	0.057566	98.639842
0.775605	0.015042	98.011917
0.776211	0.038734	97.284761
0.776816	0.036304	96.730854
0.777422	0.016257	96.080968
0.778027	0.013827	95.401801
0.778633	0.100091	94.746764
0.779238	0.041164	94.011746
0.779844	0.002284	93.409578
0.780449	0.046024	92.724989
0.781055	0.029014	91.896974
0.781660	-0.020193	91.041576
0.782266	0.040556	90.555179
0.782871	-0.001361	89.898244
0.783477	-0.012296	88.908910
0.784082	0.010182	88.187448
0.784687	-0.003183	87.466799
0.785293	-0.013511	86.615739
0.785898	-0.029306	85.794774
0.786504	-0.002576	84.962150
0.787109	-0.036596	84.137118
0.787715	-0.004398	83.309646
0.788320	-0.002576	82.473227
0.788926	0.010789	81.526460
0.789531	0.029014	80.606534
0.790137	0.010182	79.855248
0.790742	-0.068793	78.869982
0.791348	0.014434	77.800937
0.791953	0.053921	77.032299
0.792559	-0.014118	76.186662
0.793164	-0.039633	75.221187
0.793770	-0.021408	74.266558
0.794375	0.029014	73.302710
0.794980	0.012612	72.375464
0.795586	-0.021408	71.388842
0.796191	0.014434	70.415505
0.796797	-0.085195	69.354865
0.797402	-0.014118	68.377190
0.798008	-0.088840	67.356406
0.798613	-0.076083	66.219852
0.799219	0.021116	65.240550
0.799824	-0.097345	64.370511
0.800430	-0.079728	63.344034
0.801035	-0.043886	62.169522
0.801641	-0.068793	61.090175
0.802246	-0.023838	60.025198
0.802852	-0.077905	58.953443
0.803457	-0.029306	57.897142
0.804063	-0.040241	56.763570
0.804668	-0.031736	55.699406
0.805273	0.001069	54.549838
0.805879	-0.015333	53.523089
0.806484	0.008359	52.265071
0.807090	0.062426	51.177591
0.807695	0.007144	50.212658
0.808301	0.051491	48.943524
0.808906	-0.012296	47.714517
0.809512	-0.010473	46.662553
0.810117	0.030836	45.574259
0.810723	-0.054213	44.319495
0.811328	-0.010473	43.147152
0.811934	-0.020193	41.996500
0.812539	0.032051	40.826326
0.813145	-0.001361	39.622262
0.813750	-0.003791	38.386205
0.814355	-0.028091	37.074505
0.814961	0.028406	36.006003
0.815566	-0.017156	34.834202
0.816172	-0.007436	33.416763
0.816777	0.039949	32.280480
0.817383	0.042986	31.133081
0.817988	0.047239	29.927661
0.818594	0.055136	28.701365
0.819199	0.080651	27.440907
0.819805	0.073969	26.236029
0.820410	0.054529	24.983163
0.821016	0.049061	23.691525
0.821621	0.098268	22.479056
0.822227	0.032051	21.203144
0.822832	0.040556	20.040833
0.823438	0.057566	18.662707
0.824043	0.058174	17.255029
0.824648	0.027191	16.207674
0.825254	0.033266	15.019878
0.825859	0.013219	13.659917
0.826465	0.052099	12.417895
0.827070	0.059996	11.138459
0.827676	0.065464	9.880170
0.828281	0.079436	8.634894
0.828887	0.069109	7.317500
0.829492	0.081866	6.065447
0.830098	0.083081	4.820172
0.830703	0.116493	3.578150
0.831309	0.108596	2.157458
0.831914	0.120138	0.883172
0.832520	0.166915	-0.162013
0.833125	0.084296	-1.498657
0.833730	0.130466	-2.893593
0.834336	0.162663	-4.127210
0.834941	0.109203	-5.375467
0.835547	0.157803	-6.629960
0.836152	0.156588	-7.912922
0.836758	0.161448	-9.140303
0.837363	0.222805	-10.428144
0.837969	0.242852	-11.681553
0.838574	0.190608	-12.987560
0.839180	0.253787	-14.344267
0.839785	0.243460	-15.573275
0.840391	0.225842	-16.694917
0.840996	0.205188	-18.072501
0.841602	0.266545	-19.476384
0.842207	0.303602	-20.650896
0.842812	0.274442	-21.760608
0.843418	0.313322	-22.999376
0.844023	0.294489	-24.310264
0.844629	0.283555	-25.578042
0.845234	0.349164	-26.820877
0.845840	0.335799	-28.010300
0.846445	0.319397	-29.278621
0.847051	0.382576	-30.584086
0.847656	0.343089	-31.740703
0.848262	0.336407	-32.960221
0.848867	0.407484	-34.383625
0.849473	0.392296	-35.472190
0.850078	0.385614	-36.540150
0.850684	0.334584	-37.826636
0.851289	0.318182	-39.119358
0.851895	0.408699	-40.325320
0.852500	0.367389	-41.494138
0.853105	0.391689	-42.665938
0.853711	0.364959	-43.879763
0.854316	0.360706	-45.057799
0.854922	0.425708	-46.209265
0.855527	0.389259	-47.329009
0.856133	0.387436	-48.501623
0.856738	0.429353	-49.772113
0.857344	0.397764	-50.746806
0.857949	0.366781	-51.816934
0.858555	0.357669	-53.106132
0.859160	0.397156	-54.164602
0.859766	0.364959	-55.232290
0.860371	0.355239	-56.336309
0.860977	0.339444	-57.512448
0.861582	0.330332	-58.648460
0.862187	0.352809	-59.742176
0.862793	0.242245	-60.871139
0.863398	0.279910	-61.885958
0.864004	0.269582	-63.133131
0.864609	0.315752	-64.204886
0.865215	0.233740	-65.111527
0.865820	0.247712	-66.225578
0.866426	0.234347	-67.365385
0.867031	0.166915	-68.263621
0.867637	0.217945	-69.297148
0.868242	0.195468	-70.322812
0.868848	0.264722	-71.306723
0.869453	0.188178	-72.323711
0.870059	0.163270	-73.279154
0.870664	0.150513	-74.232970
0.871270	0.164485	-75.236944
0.871875	0.145046	-76.196454
0.872480	0.107988	-77.145661
0.873086	0.122568	-78.011362
0.873691	0.106773	-79.130022
0.874297	0.118923	-80.001416
0.874902	0.099483	-80.786322
0.875508	0.103128	-81.742578
0.876113	0.040556	-82.642983
0.876719	0.105558	-83.475606
0.877324	0.064249	-84.380891
0.877930	0.101913	-85.240898
0.878535	0.033266	-86.103888
0.879141	0.047846	-86.924582
0.879746	0.068501	-87.693491
0.880352	0.068501	-88.452098
0.880957	0.063034	-89.369041
0.881563	0.143831	-90.227692
0.882168	0.079436	-90.782413
0.882773	0.080044	-91.509840
0.883379	0.097053	-92.379066
0.883984	0.095231	-93.076940
0.884590	0.109203	-93.779153
0.885195	0.135326	-94.417922
0.885801	0.076399	-95.166497
0.886406	0.066679	-95.847562
0.887012	0.077614	-96.532152
0.887617	0.047239	-97.156009
0.888223	0.101913	-97.821891
0.888828	0.104951	-98.480724
0.889434	0.117101	-99.034631
0.890039	0.143223	-99.540550
0.890645	0.081866	-100.396490
0.891250	0.208833	-100.956904
0.891855	0.171168	-101.353288
0.892461	0.226450	-101.893097
0.893066	0.133503	-102.464628
0.893672	0.247712	-102.970275
0.894277	0.270190	-103.462909
0.894883	0.186963	-103.980214
0.895488	0.222197	-104.407506
0.896094	0.214908	-104.942706
0.896699	0.255002	-105.407414
0.897305	0.258040	-105.822234
0.897910	0.255002	-106.306192
0.898516	0.250750	-106.854948
0.899121	0.257432	-107.128784
0.899727	0.258647	-107.366289
0.900332	0.253787	-107.877901
0.900937	0.272012	-108.284859
0.901543	0.274442	-108.583909
0.902148	0.328509	-108.921188
0.902754	0.321219	-109.245453
0.903359	0.383184	-109.488110
0.903965	0.324864	-109.787702
0.904570	0.351594	-110.050964
0.905176	0.330332	-110.301483
0.905781	0.402624	-110.615988
0.906387	0.364351	-110.892806
0.906992	0.391689	-110.937270
0.907598	0.391689	-111.180198
0.908203	0.406269	-111.556790
0.908809	0.410521	-111.596103
0.909414	0.395941	-111.757422
0.910020	0.380146	-111.874277
0.910625	0.381361	-111.996283
0.911230	0.422671	-112.142419
0.911836	0.396549	-112.271745
0.912441	0.402016	-112.341967
0.913047	0.395941	-112.433336
0.913652	0.420849	-112.533923
0.914258	0.488281	-112.581641
0.914863	0.408699	-112.472920
0.915469	0.334584	-112.677619
0.916074	0.394119	-112.709883
0.916680	0.423886	-112.470751
0.917285	0.430568	-112.459092
0.917891	0.393511	-112.433336
0.918496	0.377109	-112.433878
0.919102	0.363744	-112.343593
0.919707	0.374071	-112.218605
0.920312	0.446363	-112.109071
0.920918	0.388651	-111.997367
0.921523	0.383791	-111.859636
0.922129	0.367996	-111.718380
0.922734	0.385614	-111.558688
0.923340	0.349164	-111.546487
0.923945	0.381361	-111.300306
0.924551	0.309677	-110.923985
0.925156	0.311499	-110.816620
0.925762	0.303602	-110.655843
0.926367	0.310284	-110.344863
0.926973	0.290237	-110.071841
0.927578	0.280517	-109.811832
0.928184	0.299349	-109.567278
0.928789	0.281125	-109.237319
0.929395	0.265330	-108.917935
0.930000	0.375286	-108.494709
0.930605	0.305424	-108.268049
0.931211	0.296312	-108.009396
0.931816	0.268367	-107.500495
0.932422	0.238600	-106.999457
0.933027	0.301779	-106.764663
0.933633	0.216123	-106.341438
0.934238	0.281732	-105.790513
0.934844	0.211870	-105.406872
0.935449	0.224020	-104.974699
0.936055	0.177243	-104.510534
0.936660	0.207010	-103.974521
0.937266	0.251357	-103.470771
0.937871	0.218553	-102.955634
0.938477	0.222197	-102.481980
0.939082	0.227665	-101.981755
0.939688	0.161448	-101.348408
0.940293	0.189393	-100.774166
0.940898	0.207010	-100.373173
0.941504	0.226450	-99.664182
0.942109	0.241030	-98.942720
0.942715	0.197898	-98.300968
0.943320	0.191215	-97.699072
0.943926	0.219160	-97.048915
0.944531	0.255610	-96.382220
0.945137	0.217945	-95.726640
0.945742	0.253787	-95.046389
0.946348	0.179065	-94.360715
0.946953	0.219768	-93.637355
0.947559	0.182710	-92.904234
0.948164	0.219160	-92.269531
0.948770	0.198505	-91.594702
0.949375	0.176028	-90.656611
0.949980	0.205188	-89.822632
0.950586	0.220375	-89.155123
0.951191	0.191215	-88.411158
0.951797	0.191215	-87.562809
0.952402	0.202150	-86.739404
0.953008	0.222197	-85.933622
0.953613	0.289629	-85.037555
0.954219	0.332154	-84.205474
0.954824	0.249535	-83.322692
0.955430	0.245890	-82.463769
0.956035	0.245890	-81.663681
0.956641	0.292059	-80.681397
0.957246	0.308462	-79.645430
0.957852	0.329724	-78.932643
0.958457	0.272012	-78.055013
0.959063	0.297527	-76.981631
0.959668	0.280517	-75.994738
0.960273	0.298134	-75.074541
0.960879	0.292667	-74.126147
0.961484	0.273227	-73.168806
0.962090	0.319397	-72.142600
0.962695	0.199113	-71.159502
0.963301	0.266545	-70.167458
0.963906	0.275050	-69.167008
0.964512	0.283555	-68.122636
0.965117	0.274442	-67.092905
0.965723	0.195468	-66.282243
0.966328	0.284770	-65.021785
0.966934	0.296919	-63.826668
0.967539	0.288415	-62.851433
0.968145	0.250142	-61.815466
0.968750	0.225235	-60.736661
0.969355	0.289022	-59.604174
0.969961	0.178458	-58.564682
0.970566	0.219768	-57.471237
0.971172	0.194860	-56.351764
0.971777	0.201543	-55.251269
0.972383	0.161448	-54.050187
0.972988	0.166308	-52.939932
0.973594	0.172383	-52.000214
0.974199	0.131073	-50.716711
0.974805	0.132896	-49.460591
0.975410	0.127428	-48.469359
0.976016	0.107381	-47.284816
0.976621	0.146868	-46.033847
0.977227	0.075791	-44.935522
0.977832	0.107988	-43.717359
0.978437	0.084296	-42.562640
0.979043	0.076399	-41.336886
0.979648	0.114063	-40.155867
0.980254	0.119531	-38.903814
0.980859	0.115278	-37.763464
0.981465	0.097661	-36.661885
0.982070	0.081866	-35.223027
0.982676	0.015649	-34.059903
0.983281	0.048454	-32.957510
0.983887	0.066679	-31.637134
0.984492	0.043594	-30.366102
0.985098	0.058781	-29.159869
0.985703	0.026584	-27.944688
0.986309	0.078221	-26.682875
0.986914	0.060604	-25.411029
0.987520	0.002892	-24.199103
0.988125	-0.022623	-22.963588
0.988730	-0.003183	-21.789076
0.989336	0.016864	-20.396852
0.989941	0.043594	-19.034993
0.990547	0.081259	-17.938565
0.991152	0.062426	-16.732332
0.991758	0.057566	-15.252534
0.992363	0.053314	-13.941105
0.992969	0.050276	-12.695017
0.993574	0.067894	-11.428052
0.994180	0.096446	-10.143192
0.994785	0.137756	-8.823358
0.995391	0.075791	-7.592181
0.995996	0.103128	-6.314914
0.996602	0.086118	-5.034663
0.997207	0.087941	-3.759836
0.997812	0.109811	-2.401502
0.998418	0.063034	-1.316461
0.999023	0.115886	-0.003676
0.999629	0.123176	1.581318
1.000234	0.144438	2.762608
1.000840	0.182103	3.963147
1.001445	0.064856	5.213303
1.002051	0.122568	6.590073
1.002656	0.164485	7.856225
1.003262	0.117101	9.082521
1.003867	0.171775	10.386901
1.004473	0.186355	11.675827
1.005078	0.172990	12.937912
1.005684	0.129251	14.236057
1.006289	0.191823	15.379660
1.006895	0.198505	16.775138
1.007500	0.139578	18.146486
1.008105	0.186355	19.269484
1.008711	0.196075	20.412545
1.009316	0.198505	21.851132
1.009922	0.170560	23.132738
1.010527	0.194253	24.296133
1.011133	0.130466	25.560658
1.011738	0.212478	26.850940
1.012344	0.157195	28.078863
1.012949	0.157803	29.332272
1.013555	0.175420	30.511664
1.014160	0.185748	31.666654
1.014766	0.187570	32.986760
1.015371	0.138363	34.251556
1.015977	0.252572	35.301350
1.016582	0.128643	36.577533
1.017187	0.186355	37.944272
1.017793	0.172383	39.045580
1.018398	0.199113	40.273774
1.019004	0.161448	41.441508
1.019609	0.179065	42.660213
1.020215	0.211263	43.855872
1.020820	0.126213	44.974261
1.021426	0.166308	46.187001
1.022031	0.111633	47.305390
1.022637	0.163270	48.527619
1.023242	0.088548	49.546776
1.023848	0.148691	50.634257
1.024453	0.103128	52.009401
1.025059	0.103128	53.094441
1.025664	0.140186	54.119292
1.026270	0.114671	55.264522
1.026875	0.073969	56.379929
1.027480	0.069109	57.445177
1.028086	0.068501	58.552450
1.028691	0.110418	59.653758
1.029297	0.114671	60.745034
1.029902	0.012004	61.772867
1.030508	0.066071	62.842996
1.031113	0.081259	63.778918
1.031719	0.047239	64.864229
1.032324	0.020509	66.048772
1.032930	0.036911	66.957582
1.033535	-0.005613	67.907874
1.034141	0.033266	69.057713
1.034746	0.007752	69.996346
1.035352	0.039949	71.037735
1.035957	-0.000146	72.005650
1.036563	0.002892	72.944826
1.037168	-0.073653	73.927652
1.037773	-0.026876	74.879299
1.038379	-0.043886	75.773197
1.038984	-0.006221	76.711017
1.039590	-0.031128	77.746441
1.040195	-0.029306	78.586385
1.040801	-0.037203	79.311372
1.041406	-0.075475	80.343815
1.042012	-0.045708	81.352669
1.042617	-0.100990	82.148962
1.043223	-0.025661	83.005173
1.043828	-0.039633	83.831561
1.044434	0.012004	84.695635
1.045039	-0.057250	85.513889
1.045645	-0.033558	86.337836
1.046250	-0.109495	87.097798
1.046855	-0.046316	87.999830
1.047461	-0.052390	88.753285
1.048066	-0.014726	89.330780
1.048672	-0.046923	90.163133
1.049277	-0.048138	91.083058
1.049883	-0.124682	91.745416
1.050488	-0.046923	92.414009
1.051094	-0.075475	93.087482
1.051699	-0.088233	93.881064
1.052305	-0.091270	94.510344
1.052910	-0.076690	95.202525
1.053516	-0.041456	95.852139
1.054121	-0.096738	96.489824
1.054727	-0.027483	97.174143
1.055332	0.014434	97.801525
1.055937	0.015042	98.299038
1.056543	0.007144	98.984170
1.057148	-0.040241	99.695330
1.057754	0.019901	100.067584
1.058359	-0.026268	100.580280
1.058965	-0.006221	101.232877
1.059570	-0.012903	101.793020
1.060176	0.001069	102.318189
1.060781	0.029014	102.824921
1.061387	-0.048746	103.266311
1.061992	-0.049960	103.753522
1.062598	0.020509	104.232870
1.063203	-0.011081	104.662874
1.063809	0.021116	105.049497
1.064414	-0.003791	105.575208
1.065020	-0.015941	105.941226
1.065625	0.027799	106.185509
1.066230	0.035696	106.722607
1.066836	0.019901	107.253198
1.067441	0.024761	107.548995
1.068047	0.042379	107.871633
1.068652	-0.029306	108.157398
1.069258	-0.015941	108.515283
1.069863	0.011397	108.862322
1.070469	0.048454	109.143207
1.071074	0.013827	109.368512
1.071680	0.008967	109.638009
1.072285	-0.026268	109.956852
1.072891	-0.017156	110.074520
1.073496	-0.023231	110.180801
1.074102	0.022939	110.567967
1.074707	-0.074260	110.724677
1.075312	-0.072438	110.752874
1.075918	-0.053605	110.961640
1.076523	-0.100383	111.113469
1.077129	-0.049960	111.285905
1.077734	-0.063933	111.307323
1.078340	-0.045708	111.439632
1.078945	-0.037811	111.561638
1.079551	-0.084588	111.645958
1.080156	-0.062110	111.711841
1.080762	-0.071830	111.605560
1.081367	-0.103420	111.730278
1.081973	-0.133795	111.858520
1.082578	-0.070615	111.693405
1.083184	-0.111925	111.689609
1.083789	-0.147160	111.852013
1.084395	-0.112533	111.773386
1.085000	-0.167815	111.671173
1.085605	-0.174497	111.581973
1.086211	-0.206694	111.516903
1.086816	-0.213377	111.371038
1.087422	-0.183610	111.251743
1.088027	-0.177535	111.071445
1.088633	-0.156272	110.968418
1.089238	-0.164777	110.884098
1.089844	-0.171460	110.662047
1.090449	-0.152627	110.275423
1.091055	-0.190899	110.205744
1.091660	-0.143515	110.148266
1.092266	-0.133795	109.838371
1.092871	-0.148375	109.585140
1.093477	-0.133187	109.291512
1.094082	-0.116785	109.017134
1.094688	-0.125897	108.769055
1.095293	-0.090055	108.460244
1.095898	-0.136225	108.138691
1.096504	-0.083373	107.774028
1.097109	-0.085195	107.487992
1.097715	-0.139262	107.033045
1.098320	-0.067578	106.589214
1.098926	-0.112533	106.428708
1.099531	-0.138047	106.034222
1.100137	-0.119215	105.510680
1.100742	-0.065148	105.098300
1.101348	-0.032951	104.709507
1.101953	-0.071830	104.239648
1.102559	-0.045101	103.737526
1.103164	0.008967	103.312674
1.103770	0.012004	102.829530
1.104375	0.044809	102.364009
1.104980	0.036911	101.817964
1.105586	0.014434	101.204409
1.106191	0.105558	100.659991
1.106797	0.080044	100.244899
1.107402	0.118316	99.660084
1.108008	0.086118	98.885210
1.108613	0.149298	98.370886
1.109219	0.120746	97.829993
1.109824	0.058781	97.213727
1.110430	0.096446	96.565468
1.111035	0.047846	95.898230
1.111641	0.146261	95.285760
1.112246	0.064856	94.587614
1.112852	0.126821	93.960774
1.113457	0.143831	93.207590
1.114062	0.179065	92.494262
1.114668	0.151728	91.862541
1.115273	0.126213	90.939091
1.115879	0.217945	90.198921
1.116484	0.157195	89.628475
1.117090	0.155980	88.879629
1.117695	0.166308	88.055410
1.118301	0.163270	87.205977
1.118906	0.199113	86.424325
1.119512	0.200935	85.626677
1.120117	0.198505	84.824961
1.120723	0.169953	83.963056
1.121328	0.210048	83.089764
1.121934	0.218553	82.226504
1.122539	0.191823	81.434549
1.123145	0.169345	80.381230
1.123750	0.163878	79.495737
1.124355	0.151121	78.751229
1.124961	0.196683	77.756473
1.125566	0.160840	76.724573
1.126172	0.163270	75.931534
1.126777	0.135326	74.998594
1.127383	0.113456	73.976454
1.127988	0.164485	73.039719
1.128594	0.190608	72.066382
1.129199	0.104343	71.123953
1.129805	0.120746	70.086902
1.130410	0.157803	69.074794
1.131016	0.149906	67.933902
1.131621	0.158410	67.078504
1.132227	0.090371	66.162374
1.132832	0.066071	64.926317
1.133438	0.115278	63.961656
1.134043	0.115278	62.989945
1.134648	0.086726	61.902194
1.135254	0.100698	60.808477
1.135859	0.083689	59.742144
1.136465	0.087941	58.627280
1.137070	0.134111	57.582908
1.137676	0.078829	56.496241
1.138281	0.028406	55.332846
1.138887	0.069716	54.193309
1.139492	0.086726	53.122367
1.140098	0.039341	51.995031
1.140703	0.043594	50.676824
1.141309	0.042986	49.622962
1.141914	0.044201	48.635256
1.142520	0.032051	47.443663
1.143125	0.008967	46.225230
1.143730	0.072146	45.085693
1.144336	0.039341	43.947512
1.144941	0.044201	42.780863
1.145547	0.024154	41.576528
1.146152	0.053921	40.349147
1.146758	0.048454	39.174364
1.147363	0.037519	38.006902
1.147969	-0.015941	36.714180
1.148574	0.039949	35.426067
1.149180	-0.017763	34.407452
1.149785	-0.032951	33.215860
1.150391	-0.023838	31.858339
1.150996	0.008359	30.641803
1.151602	-0.030521	29.416592
1.152207	0.048454	28.174299
1.152813	0.101913	26.928210
1.153418	-0.003183	25.692425
1.154023	0.076399	24.439016
1.154629	0.066071	23.205941
1.155234	0.065464	21.952804
1.155840	0.025976	20.603688
1.156445	0.062426	19.363022
1.157051	0.042986	18.238940
1.157656	0.018686	16.877352
1.158262	0.053314	15.526067
1.158867	0.027191	14.360774
1.159473	0.042986	13.191414
1.160078	0.036304	11.919568
1.160684	0.052706	10.633354
1.161289	0.046631	9.337107
1.161895	0.058781	8.080987
1.162500	0.019294	6.788807
1.163105	0.045416	5.492832
1.163711	0.064856	4.199568
1.164316	0.089156	2.936941
1.164922	0.010789	1.735046
1.165527	0.060604	0.267448
1.166133	0.141401	-0.942038
1.166738	0.051491	-2.029790
1.167344	0.138363	-3.355589
1.167949	0.036911	-4.680032
1.168555	0.044809	-6.009898
1.169160	0.111026	-7.216132
1.169766	0.078829	-8.472252
1.170371	0.131681	-9.766329
1.170977	0.121961	-11.038446
1.171582	0.105558	-12.333065
1.172187	0.091586	-13.491581
1.172793	0.087941	-14.811144
1.173398	0.157195	-16.269252
1.174004	0.124998	-17.382760
1.174609	0.095838	-18.521754
1.175215	0.117708	-19.912081
1.175820	0.120138	-21.186909
1.176426	0.158410	-22.386093
1.177031	0.101306	-23.652244
1.177637	0.122568	-24.915956
1.178242	0.147476	-26.184005
1.178848	0.129858	-27.435516
1.179453	0.149906	-28.633345
1.180059	0.171775	-29.823039
1.180664	0.188178	-31.177849
1.181270	0.219768	-32.512053
1.181875	0.157195	-33.556967
1.182480	0.221590	-34.722802
1.183086	0.205795	-36.119907
1.183691	0.203973	-37.198169
1.184297	0.217945	-38.420670
1.184902	0.183925	-39.578914
1.185508	0.209440	-40.806566
1.186113	0.199720	-41.974028
1.186719	0.281125	-43.134713
1.187324	0.186355	-44.324949
1.187930	0.184533	-45.520338
1.188535	0.184533	-46.720335
1.189141	0.201543	-47.819474
1.189746	0.213693	-48.909666
1.190352	0.193645	-50.196694
1.190957	0.219768	-51.461490
1.191563	0.238600	-52.401750
1.192168	0.220375	-53.513089
1.192773	0.258647	-54.678925
1.193379	0.248927	-55.768304
1.193984	0.256217	-56.842770
1.194590	0.281732	-57.937842
1.195195	0.267152	-59.060840
1.195801	0.321827	-60.139645
1.196406	0.320004	-61.221974
1.197012	0.281125	-62.324366
1.197617	0.294489	-63.327256
1.198223	0.276872	-64.566838
1.198828	0.373464	-65.540446
1.199434	0.295097	-66.412382
1.200039	0.287200	-67.486307
1.200645	0.300564	-68.622861
1.201250	0.289629	-69.605416
1.201855	0.288415	-70.580922
1.202461	0.304209	-71.607129
1.203066	0.306639	-72.617881
1.203672	0.330939	-73.592303
1.204277	0.342482	-74.545577
1.204883	0.315144	-75.464960
1.205488	0.328509	-76.446160
1.206094	0.369819	-77.490261
1.206699	0.392904	-78.297398
1.207305	0.362529	-79.109959
1.207910	0.338837	-80.189577
1.208516	0.383184	-81.140682
1.209121	0.405661	-81.865940
1.209727	0.383791	-82.748450
1.210332	0.405661	-83.642077
1.210937	0.406269	-84.504795
1.211543	0.406269	-85.387034
1.212148	0.429961	-86.163264
1.212754	0.336407	-87.055535
1.213359	0.381361	-87.844507
1.213965	0.366781	-88.751148
1.214570	0.386221	-89.447125
1.215176	0.364351	-90.173467
1.215781	0.338837	-91.130537
1.216387	0.419634	-91.796148
1.216992	0.440896	-92.364154
1.217598	0.397156	-93.153397
1.218203	0.335192	-93.941828
1.218809	0.423886	-94.604185
1.219414	0.345519	-95.275760
1.220020	0.442718	-95.887960
1.220625	0.380146	-96.637890
1.221230	0.343089	-97.269339
1.221836	0.339444	-97.911362
1.222441	0.357669	-98.424059
1.223047	0.298742	-99.170193
1.223652	0.317574	-99.900061
1.224258	0.321219	-100.328980
1.224863	0.281732	-100.845743
1.225469	0.265937	-101.513252
1.226074	0.314537	-102.027575
1.226680	0.341874	-102.557353
1.227285	0.282947	-103.137288
1.227891	0.297527	-103.653238
1.228496	0.330939	-104.180304
1.229102	0.284770	-104.634980
1.229707	0.261685	-105.091011
1.230312	0.287807	-105.571173
1.230918	0.252572	-106.182288
1.231523	0.290844	-106.570538
1.232129	0.190000	-106.813195
1.232734	0.244067	-107.269226
1.233340	0.246497	-107.758606
1.233945	0.312107	-108.064977
1.234551	0.202150	-108.451058
1.235156	0.249535	-108.747668
1.235762	0.268367	-109.090641
1.236367	0.226450	-109.399181
1.236973	0.200935	-109.697689
1.237578	0.245282	-109.954715
1.238184	0.259255	-110.274913
1.238789	0.256217	-110.595111
1.239395	0.241030	-110.719557
