LabVIEW Measurement	
Writer_Version	2
Reader_Version	2
Separator	Tab
Decimal_Separator	.
Multi_Headings	No
X_Columns	One
Time_Pref	Absolute
Operator	AlunosGDS-JT
Date	2019/10/09
Time	15:00:21.5558046812497091865
***End_of_Header***	
	
Channels	2		
Samples	2048	2048	
Date	2019/10/09	2019/10/09	
Time	15:02:33.381488274999708215	15:02:33.381488274999708215	
Y_Unit_Label	g	Newtons	
X_Dimension	Time	Time	
X0	0.0000000000000000E+0	0.0000000000000000E+0	
Delta_X	0.000605	0.000605	
***End_of_Header***			
X_Value	Acceleration (Trigger)	Force (Trigger)	Comment
0.000000	0.389866	3.307297
0.000605	0.440288	6.025592
0.001211	0.421456	8.650349
0.001816	0.364351	11.284595
0.002422	0.391689	13.868141
0.003027	0.361921	16.592400
0.003633	0.320612	19.129855
0.004238	0.335799	21.620134
0.004844	0.306639	24.479413
0.005449	0.265937	27.052385
0.006055	0.220375	29.524228
0.006660	0.233740	32.069545
0.007266	0.255002	34.606187
0.007871	0.258040	37.125205
0.008477	0.217338	39.584576
0.009082	0.196683	42.087327
0.009687	0.138363	44.486508
0.010293	0.124391	46.935847
0.010898	0.072146	49.336926
0.011504	0.122568	51.614915
0.012109	0.084904	54.073201
0.012715	0.046631	56.448794
0.013320	0.070324	58.568175
0.013926	0.085511	60.859448
0.014531	0.055744	63.221214
0.015137	0.032051	65.426271
0.015742	-0.050568	67.533722
0.016348	-0.032343	69.648222
0.016953	-0.090055	71.732085
0.017559	-0.060895	73.817033
0.018164	-0.040241	75.825253
0.018770	-0.011688	77.733156
0.019375	-0.101598	79.738936
0.019980	-0.091270	81.551403
0.020586	-0.099168	83.276840
0.021191	-0.147160	85.305665
0.021797	-0.148375	87.157717
0.022402	-0.183610	88.684690
0.023008	-0.132580	90.358613
0.023613	-0.172067	91.968280
0.024219	-0.128327	93.544056
0.024824	-0.160525	95.095159
0.025430	-0.142907	96.583091
0.026035	-0.191507	97.939798
0.026641	-0.234032	99.362931
0.027246	-0.191507	100.693882
0.027852	-0.206694	101.885203
0.028457	-0.192722	103.267938
0.029062	-0.254686	104.310683
0.029668	-0.236462	105.247961
0.030273	-0.218237	106.483204
0.030879	-0.292959	107.480671
0.031484	-0.179965	108.465938
0.032090	-0.276556	109.294224
0.032695	-0.285669	110.129287
0.033301	-0.305716	110.930731
0.033906	-0.287491	111.604476
0.034512	-0.255294	112.253819
0.035117	-0.326978	112.812878
0.035723	-0.342773	113.404201
0.036328	-0.342166	113.823359
0.036934	-0.268051	114.101804
0.037539	-0.313614	114.687162
0.038145	-0.317259	115.009258
0.038750	-0.309361	115.117979
0.039355	-0.258331	115.337319
0.039961	-0.289314	115.482642
0.040566	-0.272304	115.592718
0.041172	-0.271089	115.562081
0.041777	-0.301464	115.460138
0.042383	-0.268051	115.383952
0.042988	-0.251042	115.181151
0.043594	-0.312399	114.904604
0.044199	-0.265621	114.572747
0.044805	-0.265621	114.286711
0.045410	-0.314829	113.939672
0.046016	-0.236462	113.258065
0.046621	-0.236462	112.776276
0.047227	-0.240714	112.314280
0.047832	-0.228564	111.638095
0.048438	-0.237677	110.919615
0.049043	-0.223704	110.086178
0.049648	-0.198797	109.340315
0.050254	-0.212162	108.392734
0.050859	-0.204872	107.461422
0.051465	-0.208517	106.473986
0.052070	-0.155057	105.465945
0.052676	-0.152627	104.350810
0.053281	-0.162347	103.033686
0.053887	-0.062718	102.021578
0.054492	-0.102813	100.890718
0.055098	-0.143515	99.344495
0.055703	-0.037811	98.060449
0.056309	-0.122860	96.621320
0.056914	-0.097953	95.127694
0.057520	-0.125290	93.595841
0.058125	-0.015941	92.075103
0.058730	-0.032343	90.471944
0.059336	-0.023231	88.825675
0.059941	0.010182	87.064179
0.060547	0.002892	85.259303
0.061152	-0.023838	83.566672
0.061758	0.008967	81.714349
0.062363	0.060604	79.640246
0.062969	0.107381	77.793888
0.063574	0.118316	75.973287
0.064180	0.088548	73.924670
0.064785	0.121961	71.934887
0.065391	0.165093	69.831773
0.065996	0.202150	67.726220
0.066602	0.174205	65.572136
0.067207	0.182103	63.342407
0.067812	0.232525	61.157414
0.068418	0.207010	58.885391
0.069023	0.237385	56.569445
0.069629	0.251357	54.073743
0.070234	0.321219	51.907187
0.070840	0.179673	49.634892
0.071445	0.230095	47.059209
0.072051	0.284162	44.628035
0.072656	0.337014	42.267353
0.073262	0.321827	39.855429
0.073867	0.277480	37.302249
0.074473	0.376501	34.832576
0.075078	0.401409	32.316540
0.075684	0.341267	29.742754
0.076289	0.386829	27.221025
0.076895	0.398371	24.657271
0.077500	0.426923	22.069930
0.078105	0.405661	19.581819
0.078711	0.490103	16.759413
0.079316	0.502253	14.088565
0.079922	0.501038	11.707007
0.080527	0.461551	9.030736
0.081133	0.498000	6.390796
0.081738	0.535665	3.711815
0.082344	0.555713	1.043407
0.082949	0.532628	-1.592466
0.083555	0.521693	-4.261958
0.084160	0.595807	-6.883462
0.084766	0.607350	-9.541567
0.085371	0.584265	-12.179338
0.085977	0.625575	-14.948062
0.086582	0.621322	-17.517509
0.087188	0.697866	-19.970102
0.087793	0.658987	-22.733674
0.088398	0.679034	-25.334030
0.089004	0.722166	-27.764119
0.089609	0.729456	-30.262532
0.090215	0.714269	-32.903828
0.090820	0.736746	-35.468395
0.091426	0.773803	-37.955420
0.092031	0.788383	-40.483928
0.092637	0.811468	-42.928929
0.093242	0.840020	-45.416768
0.093848	0.811468	-47.847129
0.094453	0.853385	-50.177444
0.095059	0.864320	-52.732251
0.095664	0.862498	-55.090492
0.096270	0.898340	-57.181134
0.096875	0.880723	-59.580044
0.097480	0.968202	-61.909275
0.098086	0.866143	-64.120024
0.098691	0.969417	-66.278989
0.099297	1.010727	-68.448528
0.099902	1.016802	-70.619422
0.100508	1.025914	-72.705726
0.101113	1.074514	-74.719368
0.101719	0.996754	-76.756326
0.102324	1.121898	-78.816331
0.102930	1.098814	-80.800963
0.103535	1.150451	-82.483290
0.104141	1.121291	-84.451926
0.104746	1.165031	-86.338410
0.105352	1.172320	-87.912831
0.105957	1.175358	-89.642063
0.106563	1.175965	-91.376989
0.107168	1.202695	-93.024884
0.107773	1.211808	-94.555382
0.108379	1.263445	-96.069613
0.108984	1.290175	-97.580590
0.109590	1.240360	-99.050085
0.110195	1.270735	-100.456137
0.110801	1.259192	-101.694363
0.111406	1.297465	-103.009046
0.112012	1.309007	-104.331320
0.112617	1.313259	-105.255042
0.113223	1.340597	-106.423318
0.113828	1.363074	-107.589424
0.114434	1.387981	-108.510434
0.115039	1.397701	-109.382100
0.115645	1.430506	-110.271931
0.116250	1.435366	-111.126244
0.116855	1.392841	-111.905998
0.117461	1.426861	-112.569711
0.118066	1.475461	-113.226646
0.118672	1.463918	-113.870296
0.119277	1.454198	-114.388686
0.119883	1.460273	-114.768531
0.120488	1.495508	-115.305629
0.121094	1.449946	-115.754069
0.121699	1.480928	-115.796365
0.122305	1.452983	-116.073454
0.122910	1.504013	-116.257819
0.123516	1.468171	-116.385518
0.124121	1.411674	-116.432694
0.124727	1.451768	-116.417240
0.125332	1.517378	-116.313128
0.125938	1.490648	-116.170516
0.126543	1.519200	-116.000250
0.127148	1.496116	-115.681950
0.127754	1.521630	-115.415435
0.128359	1.497331	-115.106081
0.128965	1.505836	-114.427999
0.129570	1.485181	-114.116748
0.130176	1.477891	-113.631435
0.130781	1.491863	-112.976940
0.131387	1.489433	-112.188239
0.131992	1.439619	-111.485755
0.132598	1.414711	-110.716033
0.133203	1.449946	-109.854399
0.133809	1.423216	-108.944776
0.134414	1.441441	-107.923450
0.135020	1.431114	-106.958789
0.135625	1.417141	-105.918755
0.136230	1.376439	-104.703846
0.136836	1.398309	-103.630192
0.137441	1.451768	-102.425044
0.138047	1.425646	-100.907288
0.138652	1.357607	-99.516691
0.139258	1.393449	-98.239423
0.139863	1.298680	-96.800565
0.140469	1.426861	-95.251901
0.141074	1.322979	-93.681819
0.141680	1.353962	-92.047751
0.142285	1.335129	-90.406092
0.142891	1.323587	-88.728102
0.143496	1.312044	-86.973113
0.144102	1.321764	-85.207821
0.144707	1.254940	-83.485909
0.145313	1.264052	-81.461422
0.145918	1.247650	-79.544029
0.146523	1.212415	-77.765452
0.147129	1.169283	-75.727951
0.147734	1.192368	-73.594743
0.148340	1.168068	-71.514133
0.148945	1.098206	-69.429456
0.149551	1.142553	-67.263714
0.150156	1.085449	-65.088481
0.150762	1.100636	-62.819982
0.151367	1.108533	-60.598116
0.151973	1.087271	-58.365948
0.152578	1.035026	-55.969749
0.153184	1.013764	-53.584666
0.153789	1.011334	-51.419195
0.154395	1.069654	-48.790913
0.155000	0.990072	-46.277317
0.155605	0.970024	-43.939681
0.156211	0.920817	-41.533451
0.156816	0.917780	-38.996539
0.157422	0.861283	-36.433598
0.158027	0.861283	-33.932745
0.158633	0.812683	-31.441924
0.159238	0.824833	-28.852142
0.159844	0.796888	-26.271036
0.160449	0.789598	-23.685322
0.161055	0.740999	-21.234898
0.161660	0.744036	-18.460751
0.162266	0.679034	-15.800206
0.162871	0.723989	-13.354120
0.163477	0.685109	-10.648568
0.164082	0.629219	-7.893943
0.164687	0.631042	-5.201134
0.165293	0.570292	-2.634669
0.165898	0.511973	-0.011810
0.166504	0.580620	2.708654
0.167109	0.482813	5.296267
0.167715	0.498000	7.988262
0.168320	0.462766	10.561777
0.168926	0.426923	13.266786
0.169531	0.360099	15.861448
0.170137	0.386221	18.265781
0.170742	0.443933	21.150546
0.171348	0.398979	23.843355
0.171953	0.306032	26.283205
0.172559	0.324257	28.825540
0.173164	0.278695	31.374111
0.173770	0.248927	33.900992
0.174375	0.225842	36.368225
0.174980	0.274442	38.930623
0.175586	0.191215	41.367491
0.176191	0.225235	43.858041
0.176797	0.219160	46.284606
0.177402	0.200935	48.618988
0.178008	0.153550	51.097609
0.178613	0.135326	53.518480
0.179219	0.092801	55.611833
0.179824	0.095838	57.973056
0.180430	0.096446	60.343227
0.181035	0.069716	62.558857
0.181641	0.054529	64.798075
0.182246	-0.018371	66.941857
0.182852	-0.012903	69.079674
0.183457	-0.061503	71.162995
0.184062	-0.060288	73.211612
0.184668	-0.066970	75.218747
0.185273	-0.088840	77.208801
0.185879	-0.121645	79.141920
0.186484	-0.111925	80.889317
0.187090	-0.144730	82.869611
0.187695	-0.159917	84.842042
0.188301	-0.159310	86.525183
0.188906	-0.218844	88.198835
0.189512	-0.143515	89.902311
0.190117	-0.162955	91.554273
0.190723	-0.165992	93.112154
0.191328	-0.209732	94.658649
0.191934	-0.240714	96.152003
0.192539	-0.244967	97.589505
0.193145	-0.234639	98.966547
0.193750	-0.243752	100.279332
0.194355	-0.297211	101.655831
0.194961	-0.287491	102.913036
0.195566	-0.278986	103.834859
0.196172	-0.258331	105.031874
0.196777	-0.315436	106.218587
0.197383	-0.277771	107.218223
0.197988	-0.278379	108.180444
0.198594	-0.329408	109.026895
0.199199	-0.262584	109.909947
0.199805	-0.313006	110.594808
0.200410	-0.291136	111.398421
0.201016	-0.319689	112.083011
0.201621	-0.294174	112.697921
0.202227	-0.330016	113.262131
0.202832	-0.324548	113.619474
0.203437	-0.292351	114.097737
0.204043	-0.348848	114.637817
0.204648	-0.336698	114.758739
0.205254	-0.266229	115.063754
0.205859	-0.312399	115.330812
0.206465	-0.252864	115.489962
0.207070	-0.295389	115.518159
0.207676	-0.259546	115.537680
0.208281	-0.222489	115.503518
0.208887	-0.238284	115.401304
0.209492	-0.280809	115.189285
0.210098	-0.253471	114.968318
0.210703	-0.203657	114.751961
0.211309	-0.133187	114.394890
0.211914	-0.198189	113.779708
0.212520	-0.178750	113.469542
0.213125	-0.202442	113.075055
0.213730	-0.195152	112.419205
0.214336	-0.145945	111.739225
0.214941	-0.146552	111.136244
0.215547	-0.103420	110.382789
0.216152	-0.085803	109.584598
0.216758	-0.129542	108.666841
0.217363	-0.054820	107.809274
0.217969	-0.073653	106.832413
0.218574	-0.082158	105.846604
0.219180	-0.056643	104.604853
0.219785	-0.093700	103.530929
0.220391	-0.151412	102.376209
0.220996	-0.006221	100.924880
0.221602	-0.053605	99.778294
0.222207	-0.005613	98.520276
0.222812	0.002284	97.078436
0.223418	0.050884	95.597282
0.224023	-0.042671	94.075189
0.224629	0.004107	92.554180
0.225234	-0.002576	90.911436
0.225840	0.050276	89.292009
0.226445	0.047846	87.592872
0.227051	0.098876	85.934403
0.227656	0.085511	84.157724
0.228262	0.131073	82.139744
0.228867	0.131073	80.301519
0.229473	0.126821	78.566322
0.230078	0.140793	76.498726
0.230684	0.152943	74.488067
0.231289	0.149906	72.520787
0.231895	0.123783	70.442888
0.232500	0.204580	68.313747
0.233105	0.194253	66.185148
0.233711	0.211870	64.026997
0.234316	0.217945	61.784797
0.234922	0.216123	59.535818
0.235527	0.209440	57.120912
0.236133	0.254395	54.848888
0.236738	0.228880	52.584185
0.237344	0.322434	50.076012
0.237949	0.350987	47.731598
0.238555	0.278695	45.497260
0.239160	0.318789	43.017284
0.239766	0.361314	40.520498
0.240371	0.316359	38.022898
0.240977	0.368604	35.567594
0.241582	0.445756	33.056710
0.242187	0.401409	30.473164
0.242793	0.450008	27.947096
0.243398	0.485243	25.363008
0.244004	0.443326	22.873000
0.244609	0.521693	20.124882
0.245215	0.474916	17.528864
0.245820	0.481598	15.093081
0.246426	0.491925	12.211298
0.247031	0.507720	9.631006
0.247637	0.561787	7.050443
0.248242	0.539918	4.441953
0.248848	0.628612	1.791982
0.249453	0.594592	-0.922246
0.250059	0.646229	-3.510130
0.250664	0.703334	-6.128380
0.251270	0.680857	-8.804921
0.251875	0.679034	-11.468178
0.252480	0.704549	-14.070703
0.253086	0.703334	-16.620358
0.253691	0.726419	-19.443036
0.254297	0.757401	-21.954734
0.254902	0.792028	-24.308095
0.255508	0.715484	-27.012562
0.256113	0.761654	-29.615087
0.256719	0.788383	-32.187245
0.257324	0.773803	-34.722531
0.257930	0.903200	-37.251852
0.258535	0.805393	-39.798796
0.259141	0.799318	-42.293684
0.259746	0.858245	-44.691781
0.260352	0.901377	-47.153863
0.260957	0.909275	-49.653903
0.261562	0.937827	-52.047661
0.262168	0.953622	-54.208253
0.262773	0.953622	-56.697447
0.263379	0.948762	-59.089579
0.263984	1.020447	-61.226583
0.264590	0.981567	-63.442484
0.265195	0.982782	-65.667332
0.265801	1.119468	-67.823586
0.266406	1.076336	-69.993667
0.267012	1.079374	-72.090815
0.267617	1.123721	-74.139161
0.268223	1.077551	-76.224651
0.268828	1.092131	-78.239920
0.269434	1.128581	-80.110137
0.270039	1.098814	-82.141674
0.270645	1.166246	-84.055271
0.271250	1.191153	-85.589564
0.271855	1.167461	-87.447852
0.272461	1.194798	-89.261133
0.273066	1.121898	-90.967591
0.273672	1.245220	-92.558550
0.274277	1.213630	-94.183671
0.274883	1.242182	-95.690581
0.275488	1.272557	-97.215385
0.276094	1.286530	-98.680814
0.276699	1.270127	-100.003088
0.277305	1.314474	-101.400735
0.277910	1.356999	-102.710267
0.278516	1.352747	-103.818082
0.279121	1.335737	-105.080709
0.279727	1.341204	-106.382107
0.280332	1.386766	-107.232895
0.280938	1.359429	-108.185898
0.281543	1.389804	-109.186619
0.282148	1.319334	-110.120101
0.282754	1.386766	-110.969534
0.283359	1.389804	-111.710789
0.283965	1.370972	-112.485391
0.284570	1.367934	-113.139073
0.285176	1.402561	-113.746121
0.285781	1.422001	-114.275627
0.286387	1.422609	-114.865323
0.286992	1.397094	-115.313763
0.287598	1.472423	-115.433871
0.288203	1.421394	-115.771692
0.288809	1.437796	-116.154791
0.289414	1.451161	-116.272730
0.290020	1.460273	-116.351899
0.290625	1.447516	-116.423205
0.291230	1.459058	-116.476345
0.291836	1.432329	-116.408293
0.292441	1.497938	-116.226910
0.293047	1.427469	-116.070471
0.293652	1.428684	-115.869839
0.294258	1.451161	-115.626912
0.294863	1.450553	-115.107979
0.295469	1.387981	-114.751722
0.296074	1.387374	-114.481953
0.296680	1.417749	-113.752628
0.297285	1.415926	-113.065598
0.297891	1.383729	-112.409205
0.298496	1.393449	-111.729225
0.299102	1.400739	-110.910158
0.299707	1.358214	-110.100580
0.300312	1.429291	-109.180112
0.300918	1.387374	-108.254493
0.301523	1.394664	-107.267057
0.302129	1.338774	-106.128876
0.302734	1.386766	-105.094536
0.303340	1.414104	-104.010309
0.303945	1.348494	-102.547321
0.304551	1.339989	-101.247279
0.305156	1.313867	-100.025591
0.305762	1.341204	-98.645296
0.306367	1.343634	-97.176343
0.306973	1.347887	-95.663468
0.307578	1.300502	-94.101520
0.308184	1.288352	-92.527371
0.308789	1.287745	-90.871884
0.309395	1.244612	-89.212331
0.310000	1.278632	-87.580974
0.310605	1.260407	-85.799686
0.311211	1.295642	-83.832677
0.311816	1.261622	-81.990928
0.312422	1.250687	-80.314294
0.313027	1.259192	-78.254561
0.313633	1.229425	-76.125148
0.314238	1.259192	-74.102559
0.314844	1.218490	-72.040657
0.315449	1.254332	-69.902298
0.316055	1.228818	-67.790780
0.316660	1.197835	-65.606871
0.317266	1.240360	-63.402086
0.317871	1.196620	-61.144703
0.318477	1.203910	-58.804899
0.319082	1.142553	-56.527995
0.319688	1.150451	-54.398040
0.320293	1.162601	-51.867635
0.320898	1.074514	-49.353768
0.321504	1.058111	-47.069543
0.322109	1.075729	-44.639725
0.322715	1.050821	-42.109048
0.323320	1.025914	-39.623921
0.323926	0.998577	-37.118730
0.324531	0.964557	-34.575310
0.325137	0.928107	-32.046261
0.325742	0.949977	-29.438585
0.326348	0.898340	-26.936105
0.326953	0.905022	-24.344425
0.327559	0.918387	-21.701503
0.328164	0.928107	-18.974532
0.328770	0.847310	-16.592161
0.329375	0.878293	-13.944359
0.329980	0.824226	-11.145269
0.330586	0.756794	-8.534068
0.331191	0.748896	-5.872981
0.331797	0.722166	-3.239819
0.332402	0.723989	-0.569784
0.333008	0.632257	2.010237
0.333613	0.665669	4.714162
0.334219	0.610387	7.309909
0.334824	0.555105	9.951746
0.335430	0.533843	12.536919
0.336035	0.493748	15.040483
0.336641	0.521085	17.743866
0.337246	0.437858	20.570068
0.337852	0.397764	23.001513
0.338457	0.367996	25.599429
0.339062	0.381969	28.206292
0.339668	0.389866	30.809901
0.340273	0.304209	33.257613
0.340879	0.378931	35.788832
0.341484	0.262900	38.265826
0.342090	0.292059	40.773728
0.342695	0.222197	43.220085
0.343301	0.244675	45.638516
0.343906	0.226450	48.031461
0.344512	0.222197	50.543701
0.345117	0.138363	52.716765
0.345723	0.150513	54.981468
0.346328	0.109811	57.521092
0.346934	0.090371	59.783084
0.347539	0.065464	61.938795
0.348145	0.085511	64.207837
0.348750	0.036911	66.374122
0.349355	0.017472	68.502450
0.349961	0.018686	70.597158
0.350566	-0.040848	72.636828
0.351172	-0.035381	74.699815
0.351777	-0.089448	76.702612
0.352383	-0.125897	78.611329
0.352988	-0.031128	80.391804
0.353594	-0.095523	82.468076
0.354199	-0.146552	84.297353
0.354805	-0.109495	85.924100
0.355410	-0.148982	87.691832
0.356016	-0.113140	89.466614
0.356621	-0.205479	91.053506
0.357227	-0.183002	92.628468
0.357832	-0.117393	94.241930
0.358438	-0.254079	95.668859
0.359043	-0.227957	97.208846
0.359648	-0.231602	98.555251
0.360254	-0.265621	99.902198
0.360859	-0.177535	101.244535
0.361465	-0.225527	102.566810
0.362070	-0.244359	103.505714
0.362676	-0.285061	104.702729
0.363281	-0.231602	105.965898
0.363887	-0.288099	106.912394
0.364492	-0.260154	107.866210
0.365098	-0.276556	108.750890
0.365703	-0.317866	109.647770
0.366309	-0.255294	110.421831
0.366914	-0.252864	111.197247
0.367520	-0.234639	111.845234
0.368125	-0.268659	112.510845
0.368730	-0.268051	113.091865
0.369336	-0.302071	113.435922
0.369941	-0.292959	113.952143
0.370547	-0.311184	114.548075
0.371152	-0.305109	114.666014
0.371758	-0.257116	114.969945
0.372363	-0.350063	115.257879
0.372969	-0.295996	115.440617
0.373574	-0.311791	115.489420
0.374180	-0.263191	115.517345
0.374785	-0.327586	115.465561
0.375391	-0.302679	115.391273
0.375996	-0.265621	115.275773
0.376602	-0.277164	115.019832
0.377207	-0.196974	114.727560
0.377812	-0.207909	114.540213
0.378418	-0.234639	114.037548
0.379023	-0.205479	113.420739
0.379629	-0.224919	113.138227
0.380234	-0.184825	112.639358
0.380840	-0.233424	111.952058
0.381445	-0.251649	111.249845
0.382051	-0.171460	110.556308
0.382656	-0.182395	109.753237
0.383262	-0.207909	108.881301
0.383867	-0.142300	107.985776
0.384473	-0.112533	107.020573
0.385078	-0.131365	106.036662
0.385684	-0.127112	104.917189
0.386289	-0.085195	103.661882
0.386895	-0.148375	102.681496
0.387500	-0.108888	101.466858
0.388105	-0.085195	99.972419
0.388711	-0.051783	98.792485
0.389316	-0.078513	97.421950
0.389922	-0.073653	95.956793
0.390527	0.026584	94.449883
0.391133	-0.005006	92.912336
0.391738	-0.015941	91.332222
0.392344	-0.026268	89.714422
0.392949	-0.014118	88.045108
0.393555	0.040556	86.233724
0.394160	0.053921	84.578509
0.394766	0.025976	82.753841
0.395371	0.038734	80.662657
0.395977	0.073361	78.895467
0.396582	0.069109	77.051007
0.397187	0.121353	74.996696
0.397793	0.084904	72.997695
0.398398	0.115886	70.916000
0.399004	0.149906	68.886091
0.399609	0.193038	66.721433
0.400215	0.198505	64.564094
0.400820	0.276265	62.370968
0.401426	0.256217	60.187602
0.402031	0.266545	57.842646
0.402637	0.280517	55.418521
0.403242	0.288415	53.263894
0.403848	0.227665	50.868509
0.404453	0.286592	48.302586
0.405059	0.356454	46.082618
0.405664	0.319397	43.727901
0.406270	0.357669	41.215390
0.406875	0.366174	38.719146
0.407480	0.414166	36.260860
0.408086	0.392296	33.749975
0.408691	0.417811	31.182155
0.409297	0.406876	28.618943
0.409902	0.471878	26.060070
0.410508	0.472486	23.526411
0.411113	0.479168	20.991667
0.411719	0.580012	18.208031
0.412324	0.573937	15.737544
0.412930	0.580620	13.165386
0.413535	0.601882	10.442211
0.414141	0.615247	7.830468
0.414746	0.651089	5.269425
0.415352	0.624360	2.556011
0.415957	0.737961	-0.108872
0.416563	0.678427	-2.737696
0.417168	0.688147	-5.363809
0.417773	0.725811	-7.980161
0.418379	0.758616	-10.646128
0.418984	0.761046	-13.403465
0.419590	0.847310	-15.967219
0.420195	0.766513	-18.461294
0.420801	0.818151	-21.229475
0.421406	0.828478	-23.840947
0.422012	0.843058	-26.229825
0.422617	0.844880	-28.847533
0.423223	0.905630	-31.385530
0.423828	0.890443	-34.015709
0.424434	0.975492	-36.507344
0.425039	0.990072	-39.026904
0.425645	0.970024	-41.549176
0.426250	0.984604	-44.001498
0.426855	1.010727	-46.487981
0.427461	0.988249	-48.850018
0.428066	0.969417	-51.319421
0.428672	1.056289	-53.734598
0.429277	1.063579	-55.853166
0.429883	1.070261	-58.249635
0.430488	1.052644	-60.630380
0.431094	1.148021	-62.764944
0.431699	1.083626	-65.032087
0.432305	1.120683	-67.186172
0.432910	1.126758	-69.387703
0.433516	1.162601	-71.504102
0.434121	1.113393	-73.567902
0.434727	1.177788	-75.591846
0.435332	1.164423	-77.611453
0.435937	1.195405	-79.680134
0.436543	1.158956	-81.454373
0.437148	1.205733	-83.395082
0.437754	1.264052	-85.359922
0.438359	1.199658	-86.988296
0.438965	1.226995	-88.639445
0.439570	1.226995	-90.442423
0.440176	1.256762	-92.115261
0.440781	1.332699	-93.698358
0.441387	1.298680	-95.271965
0.441992	1.287745	-96.807885
0.442598	1.261622	-98.266535
0.443203	1.267090	-99.710545
0.443809	1.302932	-101.002453
0.444414	1.262230	-102.333404
0.445020	1.321157	-103.712885
0.445625	1.296857	-104.717944
0.446230	1.309614	-105.828199
0.446836	1.316297	-107.110889
0.447441	1.323587	-108.016445
0.448047	1.310222	-108.949656
0.448652	1.352747	-109.847078
0.449258	1.372186	-110.739078
0.449863	1.333914	-111.561670
0.450469	1.364897	-112.269034
0.451074	1.356392	-112.955793
0.451680	1.380691	-113.582090
0.452285	1.418964	-114.210286
0.452891	1.414711	-114.600705
0.453496	1.358822	-115.104726
0.454102	1.389804	-115.616338
0.454707	1.404991	-115.747291
0.455313	1.379476	-115.952261
0.455918	1.398309	-116.234502
0.456523	1.403169	-116.409648
0.457129	1.417749	-116.429169
0.457734	1.395879	-116.458451
0.458340	1.404991	-116.405853
0.458945	1.389804	-116.348645
0.459551	1.396486	-116.188140
0.460156	1.423824	-115.878786
0.460762	1.401346	-115.636943
0.461367	1.401954	-115.415163
0.461973	1.412281	-114.908703
0.462578	1.432329	-114.379468
0.463184	1.384944	-113.980372
0.463789	1.419571	-113.305814
0.464395	1.399524	-112.632612
0.465000	1.465133	-111.867499
0.465605	1.471208	-111.173962
0.466211	1.413496	-110.355708
0.466816	1.461488	-109.457201
0.467422	1.383729	-108.527786
0.468027	1.386159	-107.534386
0.468633	1.451161	-106.554813
0.469238	1.450553	-105.354545
0.469844	1.384336	-104.182473
0.470449	1.384336	-103.128883
0.471055	1.410459	-101.770278
0.471660	1.348494	-100.242762
0.472266	1.350924	-98.969290
0.472871	1.383729	-97.539108
0.473477	1.344242	-96.124651
0.474082	1.305969	-94.587646
0.474687	1.378261	-92.953036
0.475293	1.353962	-91.345539
0.475898	1.362467	-89.689510
0.476504	1.322979	-88.010164
0.477109	1.300502	-86.208542
0.477715	1.326624	-84.512929
0.478320	1.324802	-82.636747
0.478926	1.319942	-80.535532
0.479531	1.278632	-78.713032
0.480137	1.278025	-76.815432
0.480742	1.258585	-74.703914
0.481348	1.230033	-72.580737
0.481953	1.214845	-70.506092
0.482559	1.202695	-68.392947
0.483164	1.196013	-66.213377
0.483770	1.158348	-64.027029
0.484375	1.105496	-61.813568
0.484980	1.131011	-59.496808
0.485586	1.124936	-57.218549
0.486191	1.093346	-54.835093
0.486797	1.050821	-52.551140
0.487402	1.097599	-50.249021
0.488008	1.061756	-47.658968
0.488613	0.982174	-45.122327
0.489219	1.002829	-42.798518
0.489824	0.955445	-40.322880
0.490430	0.956052	-37.820671
0.491035	0.958482	-35.252308
0.491641	0.953622	-32.721090
0.492246	0.937220	-30.169536
0.492852	0.912920	-27.631268
0.493457	0.839413	-25.025219
0.494063	0.882545	-22.432455
0.494668	0.824226	-19.958172
0.495273	0.832123	-17.192973
0.495879	0.778663	-14.503688
0.496484	0.758616	-12.032930
0.497090	0.753756	-9.375368
0.497695	0.736139	-6.655988
0.498301	0.708194	-3.983785
0.498906	0.714269	-1.327848
0.499512	0.629219	1.258409
0.500117	0.662024	3.932781
0.500723	0.655342	6.551844
0.501328	0.591555	9.205883
0.501934	0.562395	11.781024
0.502539	0.528983	14.420692
0.503145	0.525338	17.163660
0.503750	0.474308	19.646347
0.504355	0.487673	22.223657
0.504961	0.477346	25.026543
0.505566	0.459728	27.598701
0.506172	0.375286	30.076509
0.506777	0.375894	32.585224
0.507383	0.429353	35.169041
0.507988	0.350987	37.641697
0.508594	0.290237	40.130621
0.509199	0.327902	42.594058
0.509805	0.359491	44.999475
0.510410	0.316967	47.489483
0.511016	0.240422	49.864263
0.511621	0.258647	52.069862
0.512227	0.278087	54.594302
0.512832	0.234347	56.955255
0.513437	0.188785	59.073551
0.514043	0.203973	61.379465
0.514648	0.176635	63.630613
0.515254	0.140793	65.859256
0.515859	0.183925	68.013070
0.516465	0.143223	70.079039
0.517070	0.113456	72.209265
0.517676	0.075184	74.224805
0.518281	0.080044	76.213503
0.518887	0.078829	78.071249
0.519492	0.050884	80.028768
0.520098	-0.018978	82.024516
0.520703	-0.025053	83.691118
0.521309	-0.015941	85.498435
0.521914	0.019294	87.415828
0.522520	-0.072438	89.068061
0.523125	-0.079120	90.664713
0.523730	-0.037203	92.297967
0.524336	-0.116178	93.826568
0.524941	-0.147767	95.347305
0.525547	-0.138047	96.792399
0.526152	-0.148982	98.208212
0.526758	-0.103420	99.573324
0.527363	-0.145337	100.966633
0.527969	-0.173890	102.095053
0.528574	-0.152627	103.218593
0.529180	-0.212162	104.579910
0.529785	-0.176927	105.646785
0.530391	-0.201227	106.586774
0.530996	-0.243144	107.603762
0.531602	-0.165385	108.589029
0.532207	-0.271696	109.399420
0.532813	-0.234032	110.194628
0.533418	-0.207909	111.003122
0.534023	-0.303894	111.689338
0.534629	-0.309969	112.358473
0.535234	-0.291136	112.910483
0.535840	-0.257116	113.335064
0.536445	-0.250434	113.929640
0.537051	-0.316044	114.269901
0.537656	-0.330016	114.469449
0.538262	-0.282631	114.998413
0.538867	-0.275949	115.219108
0.539473	-0.319081	115.343283
0.540078	-0.269874	115.414318
0.540684	-0.235854	115.502434
0.541289	-0.332446	115.497282
0.541895	-0.277164	115.449022
0.542500	-0.280201	115.306139
0.543105	-0.302679	115.050740
0.543711	-0.283239	114.852548
0.544316	-0.313614	114.561360
0.544922	-0.304501	114.016671
0.545527	-0.287491	113.712198
0.546133	-0.256509	113.323406
0.546738	-0.275949	112.635020
0.547344	-0.258331	112.017941
0.547949	-0.292351	111.375376
0.548555	-0.272911	110.691057
0.549160	-0.256509	109.919166
0.549766	-0.206087	109.041535
0.550371	-0.266229	108.200778
0.550977	-0.257724	107.244522
0.551582	-0.207302	106.242717
0.552187	-0.196974	105.077423
0.552793	-0.156880	104.003499
0.553398	-0.165385	102.981088
0.554004	-0.168422	101.590490
0.554609	-0.107673	100.336810
0.555215	-0.134402	99.194834
0.555820	-0.110710	97.803965
0.556426	-0.130757	96.335283
0.557031	-0.117393	94.828373
0.557637	-0.043278	93.323903
0.558242	-0.037811	91.758972
0.558848	-0.079120	90.114059
0.559453	-0.039026	88.449625
0.560059	0.006537	86.756182
0.560664	-0.008651	85.048910
0.561270	0.007752	83.144531
0.561875	0.075791	81.248286
0.562480	0.072146	79.546437
0.563086	0.044809	77.524933
0.563691	0.037519	75.482280
0.564297	0.112241	73.524490
0.564902	0.118923	71.510577
0.565508	0.147476	69.465755
0.566113	0.157803	67.293776
0.566719	0.262900	65.162466
0.567324	0.191823	62.976118
0.567930	0.259255	60.762657
0.568535	0.264722	58.449965
0.569141	0.289629	56.057562
0.569746	0.297527	53.878533
0.570352	0.341874	51.559605
0.570957	0.335192	48.990158
0.571562	0.347949	46.709187
0.572168	0.394119	44.411406
0.572773	0.439073	41.930345
0.573379	0.457298	39.431119
0.573984	0.403839	36.917795
0.574590	0.480991	34.450832
0.575195	0.471271	31.936152
0.575801	0.491318	29.344472
0.576406	0.517440	26.792648
0.577012	0.557535	24.253296
0.577617	0.581835	21.741055
0.578223	0.625575	18.971247
0.578828	0.649267	16.383363
0.579434	0.642584	13.941073
0.580039	0.653519	11.249077
0.580645	0.674782	8.545152
0.581250	0.733101	5.952930
0.581855	0.731886	3.337934
0.582461	0.738569	0.642414
0.583066	0.733709	-1.982343
0.583672	0.750719	-4.647498
0.584277	0.709409	-7.309941
0.584883	0.764083	-9.942831
0.585488	0.806608	-12.676580
0.586094	0.826656	-15.295101
0.586699	0.881938	-17.773993
0.587305	0.853385	-20.465989
0.587910	0.866750	-23.175607
0.588516	0.898340	-25.622778
0.589121	0.889835	-28.129595
0.589727	0.894695	-30.766553
0.590332	0.951192	-33.291265
0.590938	0.991894	-35.817332
0.591543	0.919602	-38.358854
0.592148	0.978529	-40.857537
0.592754	1.019839	-43.300641
0.593359	0.992502	-45.781973
0.593965	1.011334	-48.123133
0.594570	0.999184	-50.575184
0.595176	1.066616	-53.134057
0.595781	1.091524	-55.296005
0.596387	1.041101	-57.538476
0.596992	1.051429	-59.928168
0.597598	1.059934	-62.185822
0.598203	1.093954	-64.429649
0.598809	1.107318	-66.620335
0.599414	1.160778	-68.795838
0.600020	1.055074	-70.972426
0.600625	1.127366	-73.055747
0.601230	1.128581	-75.026281
0.601836	1.125543	-77.147830
0.602441	1.173535	-79.166082
0.603047	1.179003	-81.017862
0.603652	1.137086	-82.849851
0.604258	1.196620	-84.860239
0.604863	1.208163	-86.554497
0.605469	1.208770	-88.230047
0.606074	1.218490	-89.986120
0.606680	1.249472	-91.667906
0.607285	1.275595	-93.278928
0.607891	1.277417	-94.841961
0.608496	1.271342	-96.386015
0.609102	1.285922	-97.885605
0.609707	1.305362	-99.277288
0.610313	1.296857	-100.664632
0.610918	1.322372	-101.966301
0.611523	1.302325	-103.314332
0.612129	1.332699	-104.523548
0.612734	1.304754	-105.475737
0.613340	1.323587	-106.766290
0.613945	1.349102	-107.804426
0.614551	1.322979	-108.705102
0.615156	1.356392	-109.601168
0.615762	1.389196	-110.488830
0.616367	1.398916	-111.335552
0.616973	1.358214	-112.113951
0.617578	1.360037	-112.798811
0.618184	1.404991	-113.422669
0.618789	1.414104	-114.033242
0.619395	1.434759	-114.521537
0.620000	1.420179	-114.919005
0.620605	1.341812	-115.539881
0.621211	1.438404	-115.791755
0.621816	1.405599	-115.877431
0.622422	1.438404	-116.195189
0.623027	1.447516	-116.339427
0.623633	1.469386	-116.415613
0.624238	1.461488	-116.453842
0.624844	1.502191	-116.391754
0.625449	1.480321	-116.380638
0.626055	1.468171	-116.241009
0.626660	1.495508	-116.039834
0.627266	1.500976	-115.664327
0.627871	1.440833	-115.458272
0.628477	1.473031	-115.114757
0.629082	1.478498	-114.470837
0.629687	1.455413	-114.034326
0.630293	1.432936	-113.538439
0.630898	1.401954	-112.879064
0.631504	1.405599	-112.124525
0.632109	1.399524	-111.404147
0.632715	1.418356	-110.613548
0.633320	1.414711	-109.727784
0.633926	1.412889	-108.784812
0.634531	1.400131	-107.820965
0.635137	1.428076	-106.807501
0.635742	1.407421	-105.785904
0.636348	1.429899	-104.507823
0.636953	1.334522	-103.472398
0.637559	1.398309	-102.258573
0.638164	1.364897	-100.680357
0.638770	1.358214	-99.367843
0.639375	1.343027	-97.955555
0.639980	1.358822	-96.552757
0.640586	1.317512	-95.006805
0.641191	1.274380	-93.415304
0.641797	1.377046	-91.803197
0.642402	1.305362	-90.108126
0.643008	1.281062	-88.463485
0.643613	1.259192	-86.644781
0.644219	1.268305	-84.916633
0.644824	1.276202	-83.198246
0.645430	1.245827	-81.115467
0.646035	1.209985	-79.184518
0.646641	1.126758	-77.421395
0.647246	1.219705	-75.313944
0.647852	1.148628	-73.236587
0.648457	1.168676	-71.057559
0.649062	1.176573	-68.994302
0.649668	1.169890	-66.861365
0.650273	1.186293	-64.608049
0.650879	1.100029	-62.418175
0.651484	1.127366	-60.166757
0.652090	1.067831	-57.982578
0.652695	1.118861	-55.546795
0.653301	1.028344	-53.146529
0.653906	1.044139	-50.926019
0.654512	1.045961	-48.397511
0.655117	1.031989	-45.821557
0.655723	1.030774	-43.443252
0.656328	0.989464	-40.993100
0.656934	0.947547	-38.480589
0.657539	0.930537	-35.952352
0.658145	0.935397	-33.436045
0.658750	0.911097	-30.888559
0.659355	0.888013	-28.318298
0.659961	0.917172	-25.734210
0.660566	0.898340	-23.119756
0.661172	0.848525	-20.640322
0.661777	0.858245	-17.957002
0.662383	0.813291	-15.177433
0.662988	0.824833	-12.744632
0.663594	0.782308	-10.121773
0.664199	0.761654	-7.370401
0.664805	0.706979	-4.706332
0.665410	0.720344	-2.061512
0.666016	0.695436	0.554840
0.666621	0.677212	3.231653
0.667227	0.639547	5.903043
0.667832	0.675997	8.562233
0.668438	0.662024	11.124360
0.669043	0.624967	13.784363
0.669648	0.536273	16.464972
0.670254	0.597630	18.941423
0.670859	0.578190	21.622303
0.671465	0.506505	24.405939
0.672070	0.525945	26.878866
0.672676	0.473093	29.424996
0.673281	0.483421	31.942930
0.673887	0.392296	34.450561
0.674492	0.457906	37.002928
0.675098	0.442111	39.483717
0.675703	0.389866	41.922212
0.676309	0.352202	44.447466
0.676914	0.357669	46.848274
0.677520	0.355847	49.181301
0.678125	0.324257	51.510803
0.678730	0.241030	54.071845
0.679336	0.252572	56.279341
0.679941	0.238600	58.436679
0.680547	0.209440	60.817424
0.681152	0.128643	63.071825
0.681758	0.187570	65.277152
0.682363	0.190608	67.407107
0.682969	0.087941	69.538417
0.683574	0.117101	71.654544
0.684180	0.082474	73.670897
0.684785	0.047846	75.627874
0.685391	0.050884	77.570753
0.685996	0.004714	79.546166
0.686602	-0.003791	81.414486
0.687207	0.047239	83.169475
0.687813	0.041771	85.160071
0.688418	-0.001968	86.932141
0.689023	-0.043278	88.519033
0.689629	-0.111925	90.183738
0.690234	-0.087018	91.831091
0.690840	-0.082765	93.469497
0.691445	-0.144730	94.951463
0.692051	-0.111925	96.394931
0.692656	-0.179965	97.805592
0.693262	-0.179965	99.238756
0.693867	-0.188469	100.599530
0.694473	-0.201834	101.758588
0.695078	-0.220059	103.062155
0.695684	-0.280201	104.258356
0.696289	-0.266836	105.179095
0.696895	-0.309969	106.261153
0.697500	-0.263191	107.400147
0.698105	-0.285669	108.294316
0.698711	-0.355531	109.168151
0.699316	-0.289314	109.927570
0.699922	-0.277164	110.734708
0.700527	-0.347633	111.467558
0.701133	-0.291744	112.158654
0.701738	-0.382261	112.671351
0.702344	-0.300249	113.284906
0.702949	-0.346418	113.810887
0.703555	-0.327586	114.032125
0.704160	-0.334268	114.497646
0.704766	-0.333661	114.992177
0.705371	-0.313006	115.136144
0.705977	-0.309361	115.288516
0.706582	-0.373756	115.446040
0.707187	-0.335483	115.484810
0.707793	-0.360391	115.482913
0.708398	-0.357353	115.392086
0.709004	-0.396233	115.280654
0.709609	-0.351278	115.142651
0.710215	-0.316651	114.897284
0.710820	-0.339736	114.513371
0.711426	-0.285061	114.177719
0.712031	-0.314829	113.931538
0.712637	-0.286276	113.289515
0.713242	-0.313006	112.702801
0.713848	-0.305109	112.242703
0.714453	-0.292351	111.560283
0.715059	-0.285061	110.916091
0.715664	-0.224312	110.130914
0.716270	-0.255294	109.342755
0.716875	-0.251042	108.463769
0.717480	-0.259546	107.506970
0.718086	-0.208517	106.482391
0.718691	-0.169030	105.480314
0.719297	-0.181787	104.432418
0.719902	-0.210339	103.165453
0.720508	-0.140477	101.885203
0.721113	-0.193937	100.870655
0.721719	-0.165992	99.538891
0.722324	-0.128327	98.078343
0.722930	-0.118000	96.652499
0.723535	-0.109495	95.202525
0.724141	-0.107065	93.708628
0.724746	-0.040241	92.161592
0.725352	-0.045101	90.532133
0.725957	-0.029913	88.917315
0.726562	-0.012903	87.211671
0.727168	0.004714	85.471593
0.727773	0.071539	83.562063
0.728379	0.062426	81.882989
0.728984	-0.020193	80.011145
0.729590	0.080651	77.935415
0.730195	0.121353	76.069807
0.730801	0.122568	74.124488
0.731406	0.144438	72.123860
0.732012	0.180888	70.063585
0.732617	0.151121	67.895673
0.733223	0.158410	65.760025
0.733828	0.194860	63.625461
0.734434	0.205188	61.372687
0.735039	0.200935	59.071653
0.735645	0.215515	56.812915
0.736250	0.245282	54.485039
0.736855	0.299957	51.966563
0.737461	0.349772	49.805429
0.738066	0.306032	47.567567
0.738672	0.352809	45.032824
0.739277	0.436643	42.573995
0.739883	0.431176	40.108931
0.740488	0.434821	37.649560
0.741094	0.423886	35.154129
0.741699	0.479168	32.623453
0.742305	0.524123	30.081389
0.742910	0.545385	27.594635
0.743516	0.536273	24.976385
0.744121	0.546600	22.262699
0.744727	0.600060	19.780554
0.745332	0.592770	17.264518
0.745938	0.620107	14.467326
0.746543	0.624967	11.765027
0.747148	0.662024	9.320297
0.747754	0.604920	6.681984
0.748359	0.666884	4.037164
0.748965	0.751934	1.359809
0.749570	0.723381	-1.274166
0.750176	0.766513	-3.899736
0.750781	0.787776	-6.582242
0.751387	0.799318	-9.230045
0.751992	0.873433	-11.862393
0.752598	0.843665	-14.447566
0.753203	0.810861	-17.199209
0.753809	0.955445	-19.780586
0.754414	0.901377	-22.143436
0.755020	0.878293	-24.785545
0.755625	0.933575	-27.429552
0.756230	0.957875	-29.981376
0.756836	0.976099	-32.549739
0.757441	0.980352	-35.081500
0.758047	1.047784	-37.574761
0.758652	1.043531	-40.113301
0.759258	0.959090	-42.644248
0.759863	1.032597	-45.036380
0.760469	1.069654	-47.572479
0.761074	1.091524	-50.014227
0.761680	1.127366	-52.251818
0.762285	1.114608	-54.643137
0.762891	1.058111	-57.170289
0.763496	1.146198	-59.311359
0.764102	1.137086	-61.506655
0.764707	1.133441	-63.780034
0.765312	1.174143	-65.990513
0.765918	1.194798	-68.155442
0.766523	1.143161	-70.279703
0.767129	1.211200	-72.388239
0.767734	1.253117	-74.480507
0.768340	1.217275	-76.554339
0.768945	1.220920	-78.462242
0.769551	1.210593	-80.513571
0.770156	1.228210	-82.485459
0.770762	1.279847	-84.104615
0.771367	1.211200	-85.929012
0.771973	1.236715	-87.808177
0.772578	1.210593	-89.573198
0.773184	1.220313	-91.253899
0.773789	1.237322	-92.864379
0.774395	1.261622	-94.477299
0.775000	1.273772	-96.011050
0.775605	1.278025	-97.461024
0.776211	1.285315	-98.949227
0.776816	1.301110	-100.349856
0.777422	1.345457	-101.687043
0.778027	1.336344	-102.837966
0.778633	1.290175	-104.106558
0.779238	1.309614	-105.502036
0.779844	1.333307	-106.429553
0.780449	1.341812	-107.400179
0.781055	1.318119	-108.443467
0.781660	1.329662	-109.384540
0.782266	1.317512	-110.283589
0.782871	1.368542	-111.091540
0.783477	1.398309	-111.903016
0.784082	1.332699	-112.635866
0.784687	1.353354	-113.295241
0.785293	1.310829	-113.862704
0.785898	1.321157	-114.452671
0.786504	1.338167	-115.059177
0.787109	1.335737	-115.248422
0.787715	1.304754	-115.532560
0.788320	1.326624	-116.025194
0.788926	1.326017	-116.255921
0.789531	1.325409	-116.375215
0.790137	1.335129	-116.505084
0.790742	1.372794	-116.508609
0.791348	1.347887	-116.536806
0.791953	1.323587	-116.440828
0.792559	1.369757	-116.301741
0.793164	1.347279	-116.098668
0.793770	1.389196	-115.904543
0.794375	1.344849	-115.498399
0.794980	1.364289	-115.077884
0.795586	1.291997	-114.918463
0.796191	1.387981	-114.267764
0.796797	1.359429	-113.581548
0.797402	1.370364	-113.017067
0.798008	1.361252	-112.423304
0.798613	1.290782	-111.680965
0.799219	1.344849	-110.872200
0.799824	1.349709	-109.999722
0.800430	1.293820	-109.083049
0.801035	1.332699	-108.120828
0.801641	1.360644	-107.110347
0.802246	1.302325	-106.074380
0.802852	1.351532	-105.040853
0.803457	1.377654	-103.665167
0.804063	1.312044	-102.295988
0.804668	1.337559	-101.172177
0.805273	1.318727	-99.836075
0.805879	1.322372	-98.382848
0.806484	1.311437	-96.869430
0.807090	1.253725	-95.413763
0.807695	1.299895	-93.846934
0.808301	1.264660	-92.220458
0.808906	1.245220	-90.555482
0.809512	1.263445	-88.892675
0.810117	1.234893	-87.241255
0.810723	1.257977	-85.420383
0.811328	1.218490	-83.483469
0.811934	1.249472	-81.841267
0.812539	1.273165	-79.862329
0.813145	1.227603	-77.747829
0.813750	1.223350	-75.788683
0.814355	1.205733	-73.755520
0.814961	1.188723	-71.661083
0.815566	1.188115	-69.536551
0.816172	1.186900	-67.362674
0.816777	1.155918	-65.238684
0.817383	1.173535	-62.968558
0.817988	1.148628	-60.720394
0.818594	1.106103	-58.461655
0.819199	1.158348	-56.254430
0.819805	1.120076	-53.833559
0.820410	1.057504	-51.313998
0.821016	1.037456	-49.081287
0.821621	1.009512	-46.628966
0.822227	1.070261	-44.087715
0.822832	0.980352	-41.617771
0.823438	0.957267	-39.176565
0.824043	0.927500	-36.703096
0.824648	0.948155	-34.074001
0.825254	0.960305	-31.528142
0.825859	0.941472	-29.024035
0.826465	0.905630	-26.429102
0.827070	0.915350	-23.829018
0.827676	0.883153	-21.164677
0.828281	0.896518	-18.714795
0.828887	0.854600	-16.105763
0.829492	0.812076	-13.234554
0.830098	0.768336	-10.658600
0.830703	0.767121	-8.039266
0.831309	0.748896	-5.405020
0.831914	0.686324	-2.720615
0.832520	0.666277	-0.066848
0.833125	0.690577	2.547606
0.833730	0.656557	5.160704
0.834336	0.620107	7.841855
0.834941	0.623752	10.512703
0.835547	0.566647	12.991053
0.836152	0.545993	15.617165
0.836758	0.500430	18.375857
0.837363	0.506505	20.958319
0.837969	0.494355	23.442362
0.838574	0.491318	26.178009
0.839180	0.456083	28.795174
0.839785	0.451223	31.311752
0.840391	0.418419	33.800405
0.840996	0.394726	36.307222
0.841602	0.388044	38.860402
0.842207	0.361921	41.311368
0.842812	0.367389	43.747151
0.843418	0.341874	46.183476
0.844023	0.293882	48.644203
0.844629	0.244067	50.971265
0.845234	0.278695	53.176592
0.845840	0.290237	55.698050
0.846445	0.216123	58.038126
0.847051	0.159625	60.198176
0.847656	0.194253	62.484027
0.848262	0.137148	64.683931
0.848867	0.061211	66.845336
0.849473	0.114063	68.951161
0.850078	0.104951	71.081929
0.850684	0.094016	73.127292
0.851289	0.072754	75.202480
0.851895	0.034481	77.119601
0.852500	0.069716	78.906583
0.853105	0.038126	80.966588
0.853711	-0.009866	82.887234
0.854316	0.025976	84.535943
0.854922	-0.043278	86.389350
0.855527	-0.007436	88.181483
0.856133	-0.056643	89.810400
0.856738	-0.075475	91.454228
0.857344	-0.148982	93.023497
0.857949	-0.108280	94.619878
0.858555	-0.114355	96.072835
0.859160	-0.161132	97.461806
0.859766	-0.142907	98.865689
0.860371	-0.139262	100.231343
0.860977	-0.217629	101.560938
0.861582	-0.175712	102.616426
0.862187	-0.226134	103.869563
0.862793	-0.251042	105.127852
0.863398	-0.217022	106.072722
0.864004	-0.279594	107.104622
0.864609	-0.239499	108.064945
0.865215	-0.283239	108.974025
0.865820	-0.262584	109.778452
0.866426	-0.249827	110.592368
0.867031	-0.295389	111.347721
0.867637	-0.315436	112.001673
0.868242	-0.261976	112.631496
0.868848	-0.315436	113.082918
0.869453	-0.294174	113.605104
0.870059	-0.328801	114.194800
0.870664	-0.286884	114.418478
0.871270	-0.330016	114.694211
0.871875	-0.294174	115.113370
0.872480	-0.376793	115.260862
0.873086	-0.412635	115.363347
0.873691	-0.409598	115.404015
0.874297	-0.387728	115.473423
0.874902	-0.397448	115.455258
0.875508	-0.377401	115.351959
0.876113	-0.325156	115.171933
0.876719	-0.378616	114.989466
0.877324	-0.416280	114.755757
0.877930	-0.380438	114.287796
0.878535	-0.371326	113.814141
0.879141	-0.323941	113.604562
0.879746	-0.378616	112.964979
0.880352	-0.366466	112.316178
0.880957	-0.308146	111.777453
0.881563	-0.299034	111.119434
0.882168	-0.334876	110.300367
0.882773	-0.326371	109.512479
0.883379	-0.352493	108.636746
0.883984	-0.252257	107.762912
0.884590	-0.300249	106.768698
0.885195	-0.267444	105.718362
0.885801	-0.246182	104.573674
0.886406	-0.241929	103.568344
0.887012	-0.323333	102.266404
0.887617	-0.186647	100.963922
0.888223	-0.181180	99.869392
0.888828	-0.209732	98.544135
0.889434	-0.201834	97.067319
0.890039	-0.132580	95.642289
0.890645	-0.104635	94.136192
0.891250	-0.119215	92.646362
0.891855	-0.080943	91.025309
0.892461	-0.117393	89.334847
0.893066	-0.057250	87.672311
0.893672	-0.044493	85.968294
0.894277	-0.051783	84.179956
0.894883	0.039949	82.197764
0.895488	-0.009258	80.550683
0.896094	-0.005006	78.606720
0.896699	0.009574	76.518789
0.897305	0.111026	74.610615
0.897910	0.053921	72.632761
0.898516	0.069716	70.562454
0.899121	0.052099	68.422468
0.899727	0.165700	66.359752
0.900332	0.209440	64.202414
0.900937	0.197898	61.962383
0.901543	0.247105	59.693613
0.902148	0.228880	57.355164
0.902754	0.273835	55.140076
0.903359	0.297527	52.837144
0.903965	0.282340	50.284235
0.904570	0.389866	48.095176
0.905176	0.324257	45.806613
0.905781	0.378931	43.255602
0.906387	0.349164	40.817650
0.906992	0.404446	38.362346
0.907598	0.400801	35.881014
0.908203	0.428746	33.331088
0.908809	0.490103	30.776823
0.909414	0.518048	28.243165
0.910020	0.485851	25.697305
0.910625	0.535058	23.127315
0.911230	0.581227	20.385975
0.911836	0.593985	17.931755
0.912441	0.546600	15.397554
0.913047	0.620107	12.530141
0.913652	0.652304	10.027119
0.914258	0.677212	7.451978
0.914863	0.661417	4.788721
0.915469	0.690577	2.118958
0.916074	0.721559	-0.522880
0.916680	0.742214	-3.151703
0.917285	0.789598	-5.775105
0.917891	0.835160	-8.433752
0.918496	0.845488	-11.145811
0.919102	0.856423	-13.700618
0.919707	0.857638	-16.324290
0.920312	0.847918	-19.088134
0.920918	0.890443	-21.586275
0.921523	0.935397	-23.955633
0.922129	0.905022	-26.680706
0.922734	0.939042	-29.249069
0.923340	0.937220	-31.832072
0.923945	0.961520	-34.354615
0.924551	1.013764	-36.906982
0.925156	0.960305	-39.455552
0.925762	1.023484	-41.913297
0.926367	1.024699	-44.346097
0.926973	1.025307	-46.864844
0.927578	1.076944	-49.317437
0.928184	1.053859	-51.660495
0.928789	1.105496	-53.899442
0.929395	1.041101	-56.434728
0.930000	1.136478	-58.763959
0.930605	1.105496	-60.921568
0.931211	1.174143	-63.138282
0.931816	1.121291	-65.388345
0.932422	1.131011	-67.615091
0.933027	1.113393	-69.754264
0.933633	1.108533	-71.873373
0.934238	1.196620	-73.923617
0.934844	1.157741	-75.994195
0.935449	1.220920	-77.964186
0.936055	1.150451	-79.871005
0.936660	1.192368	-81.998520
0.937266	1.259800	-83.699013
0.937871	1.202088	-85.373207
0.938477	1.250687	-87.257252
0.939082	1.200265	-89.048029
0.939688	1.230033	-90.725206
0.940293	1.237322	-92.335415
0.940898	1.268305	-93.970838
0.941504	1.246435	-95.530346
0.942109	1.268305	-96.999028
0.942715	1.254332	-98.470692
0.943320	1.246435	-99.880269
0.943926	1.247650	-101.323465
0.944531	1.293212	-102.574162
0.945137	1.248865	-103.663812
0.945742	1.237930	-105.022146
0.946348	1.274380	-106.242206
0.946953	1.231248	-107.136646
0.947559	1.287137	-108.143874
0.948164	1.281062	-109.163845
0.948770	1.264052	-110.055031
0.949375	1.304754	-110.888468
0.949980	1.267697	-111.666324
0.950586	1.298072	-112.466142
0.951191	1.315082	-113.080239
0.951797	1.355177	-113.733920
0.952402	1.363074	-114.208388
0.953008	1.353354	-114.840108
0.953613	1.278632	-115.247608
0.954219	1.344242	-115.418959
0.954824	1.365504	-115.788773
0.955430	1.329662	-116.141777
0.956035	1.411674	-116.286558
0.956641	1.380084	-116.371149
0.957246	1.355177	-116.447877
0.957852	1.341204	-116.505897
0.958457	1.370972	-116.427814
0.959063	1.374009	-116.283304
0.959668	1.360037	-116.133643
0.960273	1.423824	-115.985881
0.960879	1.338774	-115.652669
0.961484	1.385551	-115.153528
0.962090	1.377654	-114.910601
0.962695	1.406206	-114.516657
0.963301	1.386159	-113.778113
0.963906	1.423216	-113.162661
0.964512	1.390411	-112.528500
0.965117	1.364289	-111.795651
0.965723	1.364897	-111.041382
0.966328	1.384336	-110.193847
0.966934	1.356392	-109.286935
0.967539	1.353354	-108.396833
0.968145	1.371579	-107.335652
0.968750	1.316904	-106.257389
0.969355	1.356999	-105.279985
0.969961	1.312652	-104.162410
0.970566	1.338774	-102.692644
0.971172	1.273772	-101.447640
0.971777	1.277417	-100.218361
0.972383	1.281670	-98.738292
0.972988	1.278025	-97.329258
0.973594	1.261622	-95.836717
0.974199	1.202088	-94.299170
0.974805	1.228210	-92.692757
0.975410	1.214845	-91.044591
0.976016	1.219098	-89.343013
0.976621	1.253725	-87.719248
0.977227	1.201480	-85.908678
0.977832	1.182040	-83.978813
0.978437	1.180218	-82.179360
0.979043	1.218490	-80.465039
0.979648	1.211200	-78.371958
0.980254	1.152273	-76.331203
0.980859	1.132226	-74.279333
0.981465	1.115216	-72.228818
0.982070	1.077551	-70.119197
0.982676	1.081804	-67.973246
0.983281	1.118861	-65.803979
0.983887	1.047176	-63.653148
0.984492	1.042924	-61.412303
0.985098	1.021662	-59.108558
0.985703	1.004652	-56.780954
0.986309	0.985212	-54.656151
0.986914	1.081804	-52.031665
0.987520	0.948762	-49.596695
0.988125	0.929930	-47.304066
0.988730	0.922640	-44.845509
0.989336	0.955445	-42.337335
0.989941	0.931752	-39.844616
0.990547	0.939650	-37.303637
0.991152	0.873433	-34.830710
0.991758	0.861283	-32.261533
0.992363	0.877078	-29.676090
0.992969	0.838805	-27.156258
0.993574	0.858853	-24.607687
0.994180	0.804178	-21.885054
0.994785	0.804786	-19.229389
0.995391	0.773196	-16.849458
0.995996	0.788383	-14.107304
0.996602	0.752541	-11.319873
0.997207	0.706979	-8.766151
0.997812	0.707586	-6.113739
0.998418	0.657164	-3.453194
0.999023	0.630434	-0.822201
0.999629	0.636509	1.823432
1.000234	0.669314	4.477742
1.000840	0.635294	7.124731
1.001445	0.589732	9.806153
1.002051	0.589732	12.360959
1.002656	0.602490	14.885400
1.003262	0.555105	17.659546
1.003867	0.425708	20.319007
1.004473	0.496178	22.798983
1.005078	0.515010	25.443261
1.005684	0.472486	28.145560
1.006289	0.457298	30.657800
1.006895	0.460336	33.177360
1.007500	0.415989	35.683365
1.008105	0.417204	38.231393
1.008711	0.381969	40.713810
1.009316	0.392904	43.139832
1.009922	0.340659	45.528982
1.010527	0.318789	47.993775
1.011133	0.322434	50.423322
1.011738	0.253787	52.585269
1.012344	0.281125	55.053045
1.012949	0.248927	57.480694
1.013555	0.172383	59.668941
1.014160	0.194253	61.920630
1.014766	0.207618	64.167168
1.015371	0.183925	66.349992
1.015977	0.175420	68.437380
1.016582	0.196075	70.596616
1.017187	0.114063	72.630592
1.017793	0.057566	74.672431
1.018398	0.065464	76.648116
1.019004	0.029621	78.461397
1.019609	0.056351	80.481817
1.020215	0.030836	82.426051
1.020820	0.049061	84.098619
1.021426	-0.049353	85.925727
1.022031	-0.051175	87.776694
1.022637	-0.099775	89.404526
1.023242	-0.059073	91.009855
1.023848	-0.092485	92.591866
1.024453	-0.152627	94.184723
1.025059	-0.131365	95.652863
1.025664	-0.108888	97.125882
1.026270	-0.137440	98.483945
1.026875	-0.158095	99.917923
1.027480	-0.201834	101.271648
1.028086	-0.219452	102.311411
1.028691	-0.159917	103.602777
1.029297	-0.211554	104.871911
1.029902	-0.300249	105.765809
1.030508	-0.212769	106.863050
1.031113	-0.278379	107.839098
1.031719	-0.246789	108.772038
1.032324	-0.289314	109.610626
1.032930	-0.280201	110.344018
1.033535	-0.326371	111.164441
1.034141	-0.278986	111.886988
1.034746	-0.334268	112.465567
1.035352	-0.333053	112.958472
1.035957	-0.303894	113.513464
1.036563	-0.375578	114.049748
1.037168	-0.393803	114.221912
1.037773	-0.389550	114.655169
1.038379	-0.347633	115.103067
1.038984	-0.405345	115.193080
1.039590	-0.426000	115.302344
1.040195	-0.395018	115.445769
1.040801	-0.439973	115.472881
1.041406	-0.373756	115.516532
1.042012	-0.442403	115.351959
1.042617	-0.399270	115.220464
1.043223	-0.374363	115.035015
1.043828	-0.360998	114.786936
1.044434	-0.378008	114.344189
1.045039	-0.407775	114.019653
1.045645	-0.422963	113.741751
1.046250	-0.441795	113.067193
1.046855	-0.415065	112.469905
1.047461	-0.379223	111.951786
1.048066	-0.418710	111.300274
1.048672	-0.392588	110.537872
1.049277	-0.403523	109.762456
1.049883	-0.419318	108.895128
1.050488	-0.331231	107.970051
1.051094	-0.374971	107.048499
1.051699	-0.354316	105.996536
1.052305	-0.289314	104.923967
1.052910	-0.295389	103.921077
1.053516	-0.298426	102.583077
1.054121	-0.277771	101.280324
1.054727	-0.260154	100.263607
1.055332	-0.241322	98.946484
1.055937	-0.223704	97.449876
1.056543	-0.184825	96.018610
1.057148	-0.148982	94.569178
1.057754	-0.192114	93.049525
1.058359	-0.215199	91.457752
1.058965	-0.225527	89.794674
1.059570	-0.099775	88.191244
1.060176	-0.121037	86.451709
1.060781	-0.099775	84.604808
1.061387	-0.064540	82.755739
1.061992	-0.060288	81.066904
1.062598	-0.097953	79.032927
1.063203	-0.056643	77.036637
1.063809	0.008967	75.208987
1.064414	-0.042063	73.174197
1.065020	0.101913	71.163266
1.065625	0.107381	69.072354
1.066230	0.127428	66.908508
1.066836	0.120138	64.792381
1.067441	0.099483	62.596815
1.068047	0.188785	60.336178
1.068652	0.196075	58.056563
1.069258	0.183925	55.801078
1.069863	0.196075	53.356890
1.070469	0.268367	50.969096
1.071074	0.287807	48.855680
1.071680	0.241637	46.444840
1.072285	0.281125	43.971100
1.072891	0.282947	41.472145
1.073496	0.335799	39.019823
1.074102	0.357061	36.547710
1.074707	0.336407	34.004561
1.075312	0.400194	31.483374
1.075918	0.456083	28.948902
1.076523	0.440896	26.383521
1.077129	0.479776	23.746022
1.077734	0.495570	21.123976
1.078340	0.516833	18.719101
1.078945	0.533843	16.017616
1.079551	0.587910	13.219882
1.080156	0.616462	10.706015
1.080762	0.590947	8.175067
1.081367	0.632864	5.545972
1.081973	0.600667	2.828220
1.082578	0.668707	0.198312
1.083184	0.641977	-2.460065
1.083789	0.650482	-5.051202
1.084395	0.655949	-7.743740
1.085000	0.747074	-10.326744
1.085605	0.707586	-12.944180
1.086211	0.751934	-15.669524
1.086816	0.796281	-18.417100
1.087422	0.892265	-20.735486
1.088027	0.828478	-23.324184
1.088633	0.838805	-26.057661
1.089238	0.856423	-28.578849
1.089844	0.849133	-31.114405
1.090449	0.861283	-33.701205
1.091055	0.919602	-36.218596
1.091660	0.921425	-38.744122
1.092266	0.932967	-41.229792
1.092871	0.965165	-43.705701
1.093477	1.016802	-46.187033
1.094082	1.025307	-48.652368
1.094688	1.005867	-50.889688
1.095293	1.019232	-53.340654
1.095898	1.065401	-55.867535
1.096504	1.067831	-57.990440
1.097109	1.089094	-60.193327
1.097715	1.055074	-62.510629
1.098320	1.132833	-64.766928
1.098926	1.093954	-66.995300
1.099531	1.141338	-69.120374
1.100137	1.146198	-71.260089
1.100742	1.116431	-73.349918
1.101348	1.166246	-75.392841
1.101953	1.222743	-77.374762
1.102559	1.217883	-79.373221
1.103164	1.269520	-81.441088
1.103770	1.261622	-83.096574
1.104375	1.214845	-84.860239
1.104980	1.264660	-86.857343
1.105586	1.249472	-88.577628
1.106191	1.269520	-90.267819
1.106797	1.264052	-91.887788
1.107402	1.296857	-93.497997
1.108008	1.260407	-95.123117
1.108613	1.271950	-96.591257
1.109219	1.339382	-98.049093
1.109824	1.268912	-99.532687
1.110430	1.358214	-100.899697
1.111035	1.316904	-102.089934
1.111641	1.295642	-103.361508
1.112246	1.350317	-104.757799
1.112852	1.305969	-105.744151
1.113457	1.341812	-106.822413
1.114062	1.318119	-107.841841
1.114668	1.344242	-108.879435
1.115273	1.342419	-109.758150
1.115879	1.347279	-110.597822
1.116484	1.344849	-111.402791
1.117090	1.350924	-112.161940
1.117695	1.359429	-112.848969
1.118301	1.319334	-113.456288
1.118906	1.319942	-114.045713
1.119512	1.315689	-114.702377
1.120117	1.344242	-114.977840
1.120723	1.302325	-115.288819
1.121328	1.327839	-115.792027
1.121934	1.283492	-116.044172
1.122539	1.307184	-116.224199
1.123145	1.319334	-116.346205
1.123750	1.297465	-116.441641
1.124355	1.340597	-116.460620
1.124961	1.296857	-116.427814
1.125566	1.274380	-116.366268
1.126172	1.310222	-116.178921
1.126777	1.310829	-116.035768
1.127383	1.329054	-115.676527
1.127988	1.260407	-115.260894
1.128594	1.266482	-115.063786
1.129199	1.290782	-114.657370
1.129805	1.329054	-113.898222
1.130410	1.281670	-113.312050
1.131016	1.243397	-112.725337
1.131621	1.228210	-112.059455
1.132227	1.235500	-111.300848
1.132832	1.254332	-110.458193
1.133438	1.216668	-109.621232
1.134043	1.265875	-108.656570
1.134648	1.233070	-107.634431
1.135254	1.237930	-106.603073
1.135859	1.211808	-105.669591
1.136465	1.217883	-104.470678
1.137070	1.225173	-103.030194
1.137676	1.209985	-101.924277
1.138281	1.225780	-100.626675
1.138887	1.194798	-99.174260
1.139492	1.191153	-97.733776
1.140098	1.189938	-96.297358
1.140703	1.213023	-94.721039
1.141309	1.157741	-93.137943
1.141914	1.149236	-91.491675
1.142520	1.168676	-89.844864
1.143125	1.179610	-88.177719
1.143730	1.133441	-86.361727
1.144336	1.134048	-84.503440
1.144941	1.093954	-82.799422
1.145547	1.137086	-80.913750
1.146152	1.078766	-78.782711
1.146758	1.093954	-76.868030
1.147363	1.050821	-74.895328
1.147969	1.038064	-72.785436
1.148574	1.016802	-70.671478
1.149180	1.028344	-68.545319
1.149785	1.012549	-66.442748
1.150391	0.989464	-64.222781
1.150996	1.007689	-61.979225
1.151602	0.974884	-59.781218
1.152207	0.928715	-57.475575
1.152813	0.974277	-55.157460
1.153418	0.914742	-52.572287
1.154023	0.880723	-50.358826
1.154629	0.927500	-48.022004
1.155234	0.909275	-45.441711
1.155840	0.885583	-42.950890
1.156445	0.864320	-40.512938
1.157051	0.830908	-38.011543
1.157656	0.835768	-35.481680
1.158262	0.834553	-32.895152
1.158867	0.818151	-30.400263
1.159473	0.797496	-27.825122
1.160078	0.754364	-25.246457
1.160684	0.754364	-22.549310
1.161289	0.740999	-20.044390
1.161895	0.775018	-17.570107
1.162500	0.744036	-14.701067
1.163105	0.683894	-12.112370
1.163711	0.684502	-9.513912
1.164316	0.697259	-6.804564
1.164922	0.677819	-4.161371
1.165527	0.605527	-1.539326
1.166133	0.649267	1.138300
1.166738	0.658379	3.758177
1.167344	0.604920	6.449088
1.167949	0.557535	9.105024
1.168555	0.562395	11.672032
1.169160	0.562395	14.234972
1.169766	0.554498	17.078255
1.170371	0.503468	19.597274
1.170977	0.530198	22.101922
1.171582	0.490711	24.869562
1.172187	0.468233	27.463410
1.172793	0.423279	29.975650
1.173398	0.377109	32.467285
1.174004	0.398371	35.044595
1.174609	0.335799	37.510473
1.175215	0.338229	40.004548
1.175820	0.364351	42.451176
1.176426	0.327902	44.906751
1.177031	0.301779	47.377509
1.177637	0.295704	49.763134
1.178242	0.278087	52.002623
1.178848	0.267760	54.496697
1.179453	0.223412	56.848432
1.180059	0.206403	59.078702
1.180664	0.219768	61.322258
1.181270	0.159018	63.584793
1.181875	0.177850	65.794458
1.182480	0.210048	67.932817
1.183086	0.137148	70.022645
1.183691	0.136541	72.124132
1.184297	0.059996	74.154312
1.184902	0.103736	76.095835
1.185508	0.073969	78.003196
1.186113	0.022331	79.965596
1.186719	0.033874	81.887327
1.187324	0.012612	83.522750
1.187930	0.012004	85.511991
1.188535	-0.042063	87.360518
1.189141	-0.061503	88.955815
1.189746	-0.028091	90.597474
1.190352	-0.020801	92.203074
1.190957	-0.091878	93.811385
1.191563	-0.091270	95.343781
1.192168	-0.122860	96.757424
1.192773	-0.161740	98.200620
1.193379	-0.105243	99.611823
1.193984	-0.158702	100.957957
1.194590	-0.163562	102.061976
1.195195	-0.160525	103.356867
1.195801	-0.283846	104.580452
1.196406	-0.186647	105.549180
1.197012	-0.197582	106.597619
1.197617	-0.230387	107.620843
1.198223	-0.252864	108.594180
1.198828	-0.286276	109.384779
1.199434	-0.245574	110.210082
1.200039	-0.292959	110.960284
1.200645	-0.337306	111.713739
1.201250	-0.319689	112.325938
1.201855	-0.306324	112.816132
1.202461	-0.280201	113.416944
1.203066	-0.308754	113.941841
1.203672	-0.369503	114.190462
1.204277	-0.302071	114.574103
1.204883	-0.391980	115.051011
1.205488	-0.360391	115.239443
1.206094	-0.386513	115.386392
1.206699	-0.381653	115.427874
1.207305	-0.403523	115.509212
1.207910	-0.399270	115.536866
1.208516	-0.420533	115.454173
1.209121	-0.426608	115.300988
1.209727	-0.444225	115.142922
1.210332	-0.440580	114.931716
1.210937	-0.440580	114.469991
1.211543	-0.426000	114.064389
1.212148	-0.399878	113.858605
1.212754	-0.415673	113.181336
1.213359	-0.393803	112.588658
1.213965	-0.390158	112.062405
1.214570	-0.453338	111.456442
1.215176	-0.367073	110.742300
1.215781	-0.384691	109.959834
1.216387	-0.388335	109.105521
1.216992	-0.319081	108.240362
1.217598	-0.340951	107.312032
1.218203	-0.401700	106.243801
1.218809	-0.354923	105.226000
1.219414	-0.337306	104.202504
1.220020	-0.367073	102.849864
1.220625	-0.330016	101.673455
1.221230	-0.311184	100.631523
1.221836	-0.357961	99.262073
1.222441	-0.344596	97.852225
1.223047	-0.357353	96.390321
1.223652	-0.260154	94.972611
1.224258	-0.286276	93.392768
1.224863	-0.205479	91.842207
1.225469	-0.252257	90.213562
1.226074	-0.210947	88.581934
1.226680	-0.190292	86.879272
1.227285	-0.200012	85.045928
1.227891	-0.088840	83.195232
1.228496	-0.159310	81.524291
1.229102	-0.155057	79.521765
1.229707	-0.122252	77.481282
1.230312	-0.057250	75.669356
1.230918	-0.119822	73.701534
1.231523	-0.107065	71.656171
1.232129	-0.044493	69.600775
1.232734	-0.040241	67.476243
1.233340	0.016864	65.381806
1.233945	0.011397	63.163465
1.234551	0.070931	60.897135
1.235156	0.049669	58.622671
1.235762	0.062426	56.409752
1.236367	0.098268	53.936554
1.236973	0.141401	51.559605
1.237578	0.168738	49.471675
1.238184	0.174205	47.004713
1.238789	0.188785	44.505758
1.239395	0.210655	42.157277
