LabVIEW Measurement	
Writer_Version	2
Reader_Version	2
Separator	Tab
Decimal_Separator	.
Multi_Headings	No
X_Columns	One
Time_Pref	Absolute
Operator	AlunosGDS-JT
Date	2019/10/09
Time	15:19:08.4651639249999940857
***End_of_Header***	
	
Channels	2		
Samples	2048	2048	
Date	2019/10/09	2019/10/09	
Time	15:22:58.7152420499999924534	15:22:58.7152420499999924534	
Y_Unit_Label	g	Newtons	
X_Dimension	Time	Time	
X0	0.0000000000000000E+0	0.0000000000000000E+0	
Delta_X	0.000605	0.000605	
***End_of_Header***			
X_Value	Acceleration (Trigger)	Force (Trigger)	Comment
0.000000	2.366657	1.004365
0.000605	1.535603	7.437337
0.001211	0.820581	13.923992
0.001816	0.122568	20.175040
0.002422	-0.684186	26.387859
0.003027	-1.410143	32.864754
0.003633	-2.155540	38.876398
0.004238	-2.889395	44.766308
0.004844	-3.645726	50.638324
0.005449	-4.355281	56.231623
0.006055	-5.002871	61.670924
0.006660	-5.676584	66.903899
0.007266	-6.264032	71.974200
0.007871	-6.860593	76.783949
0.008477	-7.452293	81.269163
0.009082	-7.994179	85.532868
0.009687	-8.512373	89.704390
0.010293	-9.040287	93.299502
0.010898	-9.385344	96.667953
0.011504	-9.960035	99.992211
0.012109	-10.343364	102.757411
0.012715	-10.685384	105.092606
0.013320	-10.981235	107.229339
0.013926	-11.280123	109.011169
0.014531	-11.542561	110.418577
0.015137	-11.769764	111.459153
0.015742	-11.886403	112.127746
0.016348	-12.095382	112.429237
0.016953	-12.220526	112.357660
0.017559	-12.281275	111.913287
0.018164	-12.314080	111.175015
0.018770	-12.286135	110.119798
0.019375	-12.272770	108.348812
0.019980	-12.136691	106.706611
0.020586	-11.965985	104.637117
0.021191	-11.854813	102.057096
0.021797	-11.625788	99.180464
0.022402	-11.428351	96.008036
0.023008	-11.128249	92.514054
0.023613	-10.775294	88.710718
0.024219	-10.354907	84.685332
0.024824	-9.953960	80.356558
0.025430	-9.489226	75.756116
0.026035	-9.022669	70.767424
0.026641	-8.470456	65.740775
0.027246	-7.997824	60.605947
0.027852	-7.477201	54.969810
0.028457	-6.705074	49.258842
0.029062	-6.113981	43.503681
0.029668	-5.438446	37.618381
0.030273	-4.666926	31.479849
0.030879	-3.989569	25.269742
0.031484	-3.273332	18.997546
0.032090	-2.549805	12.678175
0.032695	-1.842072	6.225682
0.033301	-1.107003	-0.211629
0.033906	-0.279594	-6.532627
0.034512	0.428138	-12.963701
0.035117	1.265267	-19.533591
0.035723	2.011879	-25.632809
0.036328	2.732976	-31.813907
0.036934	3.494776	-38.061430
0.037539	4.238350	-44.079853
0.038145	4.975850	-49.916893
0.038750	5.689050	-55.661480
0.039355	6.337247	-61.204351
0.039961	7.035867	-66.572617
0.040566	7.736917	-71.715579
0.041172	8.422172	-76.568437
0.041777	9.049107	-81.258621
0.042383	9.690015	-85.651652
0.042988	10.094607	-89.734246
0.043594	10.727010	-93.707847
0.044199	11.240344	-97.058947
0.044805	11.699003	-100.148682
0.045410	12.149764	-103.150844
0.046016	12.607816	-105.732221
0.046621	12.975351	-107.811204
0.047227	13.355643	-109.666509
0.047832	13.646026	-111.124075
0.048438	13.932156	-112.241650
0.049043	14.031786	-112.986430
0.049648	14.230437	-113.381187
0.050254	14.320953	-113.399895
0.050859	14.378665	-113.024929
0.051465	14.415115	-112.151908
0.052070	14.433340	-111.190772
0.052676	14.379273	-109.748389
0.053281	14.214034	-107.692180
0.053887	14.045758	-105.547314
0.054492	13.794862	-103.088486
0.055098	13.555509	-100.162780
0.055703	13.211059	-96.981676
0.056309	12.845954	-93.464919
0.056914	12.463840	-89.667549
0.057520	12.070790	-85.556758
0.058125	11.617598	-81.130379
0.058730	11.092115	-76.539156
0.059336	10.602473	-71.654305
0.059941	9.981005	-66.393404
0.060547	9.439727	-61.146059
0.061152	8.766622	-55.617016
0.061758	8.140902	-49.637093
0.062363	7.525509	-43.837196
0.062969	6.824459	-37.798168
0.063574	6.136166	-31.642556
0.064180	5.436939	-25.305291
0.064785	4.699439	-19.033638
0.065391	3.964977	-12.636725
0.065996	3.218973	-6.146545
0.066602	2.413434	0.289952
0.067207	1.641307	6.713706
0.067812	0.976707	13.065612
0.068418	0.144438	19.620590
0.069023	-0.627689	25.846152
0.069629	-1.273456	31.917716
0.070234	-2.120305	38.193707
0.070840	-2.870562	44.199929
0.071445	-3.552172	50.030734
0.072051	-4.295139	55.606681
0.072656	-4.967029	61.110239
0.073262	-5.623732	66.450850
0.073867	-6.235480	71.469366
0.074473	-6.838115	76.269355
0.075078	-7.382431	80.922123
0.075684	-7.957730	85.179863
0.076289	-8.454661	89.169732
0.076895	-9.032997	93.053592
0.077500	-9.409036	96.427194
0.078105	-9.866481	99.453758
0.078711	-10.271680	102.415251
0.079316	-10.617952	104.945386
0.079922	-10.973945	106.964450
0.080527	-11.233953	108.789390
0.081133	-11.540131	110.289522
0.081738	-11.733314	111.385678
0.082344	-11.884581	112.030955
0.082949	-12.049819	112.425983
0.083555	-12.210198	112.431948
0.084160	-12.323800	111.982966
0.084766	-12.277023	111.126754
0.085371	-12.320762	110.247226
0.085977	-12.362072	108.699919
0.086582	-12.139729	106.747279
0.087188	-12.016407	104.680768
0.087793	-11.862103	102.267488
0.088398	-11.699294	99.469483
0.089004	-11.488494	96.195925
0.089609	-11.080864	92.846724
0.090215	-10.797771	89.103036
0.090820	-10.394394	85.079547
0.091426	-10.040224	80.708477
0.092031	-9.546938	76.248207
0.092637	-9.096176	71.328381
0.093242	-8.612002	66.171321
0.093848	-8.173391	61.112950
0.094453	-7.537950	55.613459
0.095059	-6.960829	49.826306
0.095664	-6.274360	44.183390
0.096270	-5.668687	38.230038
0.096875	-4.914177	32.164168
0.097480	-4.267802	25.979546
0.098086	-3.547312	19.719551
0.098691	-2.814065	13.339177
0.099297	-2.103903	6.954736
0.099902	-1.355468	0.551587
0.100508	-0.613716	-5.831227
0.101113	0.119531	-12.225158
0.101719	0.940865	-18.809960
0.102324	1.776779	-24.896706
0.102930	2.459603	-31.149923
0.103535	3.256638	-37.426456
0.104141	3.981987	-43.422105
0.104746	4.758366	-49.246131
0.105352	5.470959	-55.046570
0.105957	6.139811	-60.604081
0.106563	6.876096	-65.944421
0.107168	7.605090	-71.057288
0.107773	8.290345	-76.028357
0.108379	8.892981	-80.776019
0.108984	9.575806	-85.118079
0.109590	9.973108	-89.260320
0.110195	10.663830	-93.296280
0.110801	11.182632	-96.794329
0.111406	11.667413	-99.781850
0.112012	12.183177	-102.858843
0.112617	12.656416	-105.378132
0.113223	13.047035	-107.598100
0.113828	13.437047	-109.438765
0.114434	13.809442	-111.005323
0.115039	14.017813	-112.149739
0.115645	14.249876	-112.942779
0.116250	14.468575	-113.331842
0.116855	14.561522	-113.465507
0.117461	14.624094	-113.118196
0.118066	14.693956	-112.274999
0.118672	14.675731	-111.385168
0.119277	14.690918	-109.863888
0.119883	14.522642	-107.910436
0.120488	14.345861	-105.846636
0.121094	14.124125	-103.412750
0.121699	13.856219	-100.481894
0.122305	13.569481	-97.348508
0.122910	13.206199	-93.866455
0.123516	12.797962	-90.138763
0.124121	12.381220	-85.987304
0.124727	11.903729	-81.649854
0.125332	11.424415	-77.060528
0.125938	10.856406	-72.216075
0.126543	10.280501	-66.933213
0.127148	9.568516	-61.845018
0.127754	8.956768	-56.255785
0.128359	8.303710	-50.297010
0.128965	7.612988	-44.482473
0.129570	6.941098	-38.487909
0.130176	6.238833	-32.302202
0.130781	5.515913	-25.976595
0.131387	4.697009	-19.765132
0.131992	3.907265	-13.346258
0.132598	3.111446	-6.934975
0.133203	2.307122	-0.440458
0.133809	1.490041	5.941001
0.134414	0.741606	12.321646
0.135020	-0.022016	18.858188
0.135625	-0.847602	24.984518
0.136230	-1.551689	31.154771
0.136836	-2.354191	37.488512
0.137441	-3.136645	43.517237
0.138047	-3.832835	49.245557
0.138652	-4.571550	54.925616
0.139258	-5.268347	60.439748
0.139863	-5.961499	65.677603
0.140469	-6.573855	70.808906
0.141074	-7.177705	75.646853
0.141680	-7.717769	80.302875
0.142285	-8.308255	84.617822
0.142891	-8.821588	88.639684
0.143496	-9.371979	92.560145
0.144102	-9.810591	95.981194
0.144707	-10.184201	98.996371
0.145313	-10.622812	102.126504
0.145918	-10.941748	104.647962
0.146523	-11.266150	106.757040
0.147129	-11.541953	108.582250
0.147734	-11.796494	110.108411
0.148340	-12.024305	111.237644
0.148945	-12.178001	111.929825
0.149551	-12.383334	112.319702
0.150156	-12.481749	112.396431
0.150762	-12.507263	112.010078
0.151367	-12.498759	111.211345
0.151973	-12.459271	110.365166
0.152578	-12.330482	108.924952
0.153184	-12.255153	106.959570
0.153789	-12.053464	105.028350
0.154395	-11.914348	102.623475
0.155000	-11.667705	99.813540
0.155605	-11.452044	96.702657
0.156211	-11.077219	93.318751
0.156816	-10.703609	89.623053
0.157422	-10.340934	85.600649
0.158027	-9.893818	81.385475
0.158633	-9.458244	76.853086
0.159238	-8.915750	71.990738
0.159844	-8.395734	66.827171
0.160449	-7.993572	61.788592
0.161055	-7.401871	56.351461
0.161660	-6.658904	50.611754
0.162266	-6.033791	44.875300
0.162871	-5.389846	39.020637
0.163477	-4.723423	32.926028
0.164082	-4.016906	26.740321
0.164687	-3.256929	20.489816
0.165293	-2.573497	14.150381
0.165898	-1.886419	7.713613
0.166504	-1.076628	1.295282
0.167109	-0.367681	-5.054184
0.167715	0.366781	-11.501255
0.168320	1.189938	-18.001195
0.168926	1.954775	-24.164941
0.169531	2.695919	-30.423851
0.170137	3.435241	-36.692522
0.170742	4.166058	-42.612256
0.171348	4.902343	-48.573471
0.171953	5.564513	-54.326192
0.172559	6.291078	-59.972361
0.173164	6.996380	-65.323004
0.173770	7.717477	-70.497958
0.174375	8.337123	-75.483668
0.174980	8.935506	-80.250580
0.175586	9.607396	-84.647407
0.176191	10.135309	-88.805644
0.176797	10.748880	-92.876850
0.177402	11.274971	-96.272685
0.178008	11.707508	-99.493374
0.178613	12.166167	-102.631370
0.179219	12.596881	-105.166113
0.179824	13.022128	-107.375236
0.180430	13.348961	-109.308896
0.181035	13.610184	-110.877894
0.181641	13.926689	-112.032613
0.182246	14.115620	-112.871473
0.182852	14.218894	-113.351634
0.183457	14.327636	-113.455746
0.184062	14.431518	-113.137446
0.184668	14.448527	-112.422491
0.185273	14.474042	-111.595018
0.185879	14.424228	-110.028461
0.186484	14.276606	-108.157701
0.187090	14.135667	-106.157887
0.187695	13.839209	-103.711530
0.188301	13.601679	-100.857673
0.188906	13.281529	-97.797490
0.189512	12.931004	-94.341736
0.190117	12.546459	-90.587475
0.190723	12.131540	-86.537687
0.191328	11.689283	-82.173124
0.191934	11.211184	-77.627992
0.192539	10.686915	-72.780827
0.193145	10.086102	-67.545954
0.193750	9.512626	-62.385912
0.194355	8.829194	-56.809151
0.194961	8.103237	-50.953403
0.195566	7.451394	-45.242164
0.196172	6.807449	-39.192290
0.196777	6.110044	-33.011735
0.197383	5.326982	-26.797831
0.197988	4.610745	-20.478189
0.198594	3.823431	-14.095104
0.199199	3.055557	-7.659149
0.199805	2.263382	-1.210452
0.200410	1.466348	5.153384
0.201016	0.710016	11.645190
0.201621	-0.091270	18.100937
0.202227	-0.828162	24.245975
0.202832	-1.593607	30.498379
0.203437	-2.361481	36.907492
0.204043	-3.156085	42.795233
0.204648	-3.782413	48.651523
0.205254	-4.507763	54.310706
0.205859	-5.270169	59.841376
0.206465	-5.931125	65.148097
0.207070	-6.530723	70.259066
0.207676	-7.030691	75.188652
0.208281	-7.625430	79.839252
0.208887	-8.194653	84.168027
0.209492	-8.717099	88.271497
0.210098	-9.225573	92.222053
0.210703	-9.652035	95.581828
0.211309	-10.088216	98.716299
0.211914	-10.473976	101.816066
0.212520	-10.794126	104.320715
0.213125	-11.149511	106.545834
0.213730	-11.319610	108.454822
0.214336	-11.645835	110.010806
0.214941	-11.879113	111.133261
0.215547	-12.062577	111.908135
0.216152	-12.163421	112.341935
0.216758	-12.295855	112.457976
0.217363	-12.353567	112.126933
0.217969	-12.326837	111.400319
0.218574	-12.360857	110.572847
0.219180	-12.222348	109.144021
0.219785	-12.181038	107.226628
0.220391	-12.015192	105.362917
0.220996	-11.841448	102.980546
0.221602	-11.657985	100.167900
0.222207	-11.415594	97.100397
0.222812	-11.110024	93.742790
0.223418	-10.703609	90.033535
0.224023	-10.350047	86.082437
0.224629	-9.909613	81.859401
0.225234	-9.447916	77.408349
0.225840	-8.971640	72.551695
0.226445	-8.428539	67.405480
0.227051	-7.882400	62.386422
0.227656	-7.405516	56.938716
0.228262	-6.703251	51.193587
0.228867	-6.084821	45.488042
0.229473	-5.429333	39.640156
0.230078	-4.731928	33.595163
0.230684	-4.007794	27.371228
0.231289	-3.345624	21.150275
0.231895	-2.594152	14.807316
0.232500	-1.891887	8.445378
0.233105	-1.159855	2.016202
0.233711	-0.398663	-4.440629
0.234316	0.371034	-10.731533
0.234922	1.125543	-17.329077
0.235527	1.877623	-23.541354
0.236133	2.530073	-29.734381
0.236738	3.369024	-36.020133
0.237344	3.995352	-42.091154
0.237949	4.828228	-47.926026
0.238555	5.452734	-53.792077
0.239160	6.126446	-59.415200
0.239766	6.872451	-64.769910
0.240371	7.504246	-69.992311
0.240977	8.180996	-74.996457
0.241582	8.789707	-79.758760
0.242187	9.461597	-84.189206
0.242793	10.029605	-88.387841
0.243398	10.491909	-92.536047
0.244004	11.061740	-96.016473
0.244609	11.570821	-99.097803
0.245215	11.970553	-102.298429
0.245820	12.432857	-104.982833
0.246426	12.842917	-107.223406
0.247031	13.212274	-109.118024
0.247637	13.482002	-110.733385
0.248242	13.779067	-111.992487
0.248848	13.969213	-112.860086
0.249453	14.131415	-113.326420
0.250059	14.220717	-113.459271
0.250664	14.331281	-113.263790
0.251270	14.328243	-112.526331
0.251875	14.357403	-111.615895
0.252480	14.326421	-110.340254
0.253086	14.213427	-108.407136
0.253691	13.989868	-106.356350
0.254297	13.762057	-103.969098
0.254902	13.504479	-101.204441
0.255508	13.216527	-98.157001
0.256113	12.873899	-94.711008
0.256719	12.501504	-90.997957
0.257324	12.091445	-86.967148
0.257930	11.666805	-82.687176
0.258535	11.124312	-78.126590
0.259141	10.603688	-73.357780
0.259746	10.031428	-68.179843
0.260352	9.390520	-62.986453
0.260957	8.817652	-57.619542
0.261562	8.139079	-51.650735
0.262168	7.468404	-45.807187
0.262773	6.815954	-39.930292
0.263379	6.125231	-33.733469
0.263984	5.410209	-27.445548
0.264590	4.630185	-21.157085
0.265195	3.876283	-14.766137
0.265801	3.079249	-8.402030
0.266406	2.280392	-1.851661
0.267012	1.489433	4.585107
0.267617	0.792636	10.915052
0.268223	-0.027483	17.414179
0.268828	-0.745543	23.834950
0.269434	-1.467855	29.882926
0.270039	-2.337181	36.108217
0.270645	-3.083793	42.252713
0.271250	-3.868070	48.070503
0.271855	-4.499865	53.819157
0.272461	-5.194233	59.293162
0.273066	-5.850935	64.683118
0.273672	-6.490020	69.789478
0.274277	-7.095693	74.690868
0.274883	-7.638187	79.381051
0.275488	-8.198298	83.807431
0.276094	-8.701304	87.858032
0.276699	-9.223750	91.839225
0.277305	-9.740121	95.348119
0.277910	-10.136816	98.399083
0.278516	-10.438134	101.516202
0.279121	-10.822071	104.248596
0.279727	-11.146474	106.384786
0.280332	-11.330545	108.320615
0.280938	-11.608778	109.959021
0.281543	-11.883366	111.146818
0.282148	-12.043744	111.956396
0.282754	-12.137906	112.391550
0.283359	-12.233283	112.503254
0.283965	-12.339595	112.340308
0.284570	-12.323192	111.612610
0.285176	-12.219311	110.620294
0.285781	-12.139729	109.582429
0.286387	-12.148234	107.617318
0.286992	-11.917385	105.510409
0.287598	-11.766726	103.296677
0.288203	-11.537093	100.590854
0.288809	-11.260683	97.536365
0.289414	-10.928383	94.176047
0.290020	-10.629495	90.519119
0.290625	-10.212753	86.563954
0.291230	-9.836713	82.408970
0.291836	-9.300902	77.893662
0.292441	-8.796073	73.214594
0.293047	-8.304610	68.095221
0.293652	-7.707441	62.856552
0.294258	-7.115133	57.740160
0.294863	-6.654044	51.972799
0.295469	-5.947527	46.150670
0.296074	-5.240402	40.358636
0.296680	-4.584915	34.343467
0.297285	-3.936109	28.102993
0.297891	-3.153048	21.863875
0.298496	-2.484195	15.517120
0.299102	-1.779500	9.147049
0.299707	-1.063871	2.703774
0.300312	-0.338521	-3.764987
0.300918	0.383184	-10.058330
0.301523	1.093954	-16.507028
0.302129	1.864865	-23.121925
0.302734	2.585355	-29.136823
0.303340	3.381174	-35.217604
0.303945	4.077364	-41.434219
0.304551	4.845238	-47.346090
0.305156	5.500119	-53.200483
0.305762	6.095464	-58.822522
0.306367	6.770392	-64.259382
0.306973	7.511536	-69.483410
0.307578	8.101414	-74.540697
0.308184	8.730172	-79.320894
0.308789	9.272666	-83.892325
0.309395	9.915396	-88.056256
0.310000	10.362513	-92.016301
0.310605	10.788974	-95.927815
0.311211	11.304738	-99.041952
0.311816	11.731200	-101.971723
0.312422	12.172849	-104.781387
0.313027	12.528234	-107.094080
0.313633	12.878759	-109.050786
0.314238	13.179469	-110.705730
0.314844	13.410925	-112.009839
0.315449	13.607754	-112.885300
0.316055	13.725608	-113.419958
0.316660	13.841639	-113.603509
0.317266	13.887809	-113.485299
0.317871	13.850752	-112.824839
0.318477	13.859864	-111.725158
0.319082	13.810657	-110.681329
0.319688	13.712850	-108.898685
0.320293	13.542752	-106.662992
0.320898	13.325268	-104.386088
0.321504	12.984463	-101.673215
0.322109	12.737213	-98.616828
0.322715	12.386688	-95.164057
0.323320	12.042845	-91.550780
0.323926	11.626711	-87.567147
0.324531	11.244596	-83.225087
0.325137	10.704533	-78.641998
0.325742	10.206994	-73.900029
0.326348	9.701557	-68.896968
0.326953	9.117754	-63.425674
0.327559	8.484136	-58.139288
0.328164	7.888791	-52.449739
0.328770	7.290408	-46.441619
0.329375	6.623378	-40.495586
0.329980	5.969105	-34.353259
0.330586	5.218848	-28.123902
0.331191	4.608315	-21.751661
0.331797	3.927920	-15.421716
0.332402	3.136353	-8.940213
0.333008	2.319879	-2.528659
0.333613	1.634625	4.008967
0.334219	0.851563	10.291737
0.334824	0.145653	16.687023
0.335430	-0.619184	23.227902
0.336035	-1.415610	29.247410
0.336641	-1.928944	35.464296
0.337246	-2.783083	41.625059
0.337852	-3.464085	47.574345
0.338457	-4.143265	53.224039
0.339062	-4.841278	58.770705
0.339668	-5.361901	64.185876
0.340273	-6.016781	69.344020
0.340879	-6.644932	74.294212
0.341484	-7.098123	78.999850
0.342090	-7.625430	83.520310
0.342695	-8.150306	87.577418
0.343301	-8.594385	91.448805
0.343906	-9.034819	95.250514
0.344512	-9.608295	98.364922
0.345117	-9.867088	101.277613
0.345723	-10.253455	104.054470
0.346328	-10.570568	106.340864
0.346934	-10.834221	108.270728
0.347539	-11.078434	109.863856
0.348145	-11.291057	111.131364
0.348750	-11.496998	111.973476
0.349355	-11.659200	112.484004
0.349961	-11.814719	112.595978
0.350566	-11.897338	112.484546
0.351172	-11.945330	111.823273
0.351777	-11.938040	110.739860
0.352383	-12.008510	109.622555
0.352988	-11.871823	107.994181
0.353594	-11.653125	105.838470
0.354199	-11.598450	103.493514
0.354805	-11.370032	100.954703
0.355410	-11.204793	97.888285
0.356016	-10.890718	94.573516
0.356621	-10.565100	90.933669
0.357227	-10.221865	87.053876
0.357832	-9.890173	82.822435
0.358438	-9.443056	78.357556
0.359043	-8.971032	73.649749
0.359648	-8.540318	68.632047
0.360254	-7.966842	63.328309
0.360859	-7.385469	58.236590
0.361465	-6.943820	52.555988
0.362070	-6.274967	46.703493
0.362676	-5.660182	40.890041
0.363281	-5.021704	34.821460
0.363887	-4.298177	28.704076
0.364492	-3.644511	22.432694
0.365098	-2.889395	16.134200
0.365703	-2.239982	9.707192
0.366309	-1.590569	3.283438
0.366914	-0.846995	-3.171495
0.367520	-0.099168	-9.496289
0.368125	0.569685	-15.925195
0.368730	1.369757	-22.521926
0.369336	2.186838	-28.505645
0.369941	2.801623	-34.666679
0.370547	3.536693	-40.939146
0.371152	4.252323	-46.823633
0.371758	4.910848	-52.665554
0.372363	5.551756	-58.341004
0.372969	6.293508	-63.764038
0.373574	6.930770	-68.989150
0.374180	7.564996	-74.075176
0.374785	8.232633	-78.873809
0.375391	8.838306	-83.491603
0.375996	9.442157	-87.669361
0.376602	9.936051	-91.627508
0.377207	10.552051	-95.427319
0.377812	10.976691	-98.672409
0.378418	11.422592	-101.633089
0.379023	11.867279	-104.437059
0.379629	12.258506	-106.783100
0.380234	12.662491	-108.808671
0.380840	12.945584	-110.519738
0.381445	13.229891	-111.821950
0.382051	13.450412	-112.763294
0.382656	13.639343	-113.308526
0.383262	13.772992	-113.532746
0.383867	13.884164	-113.437310
0.384473	13.920614	-112.818061
0.385078	14.005663	-111.807580
0.385684	13.966783	-110.813637
0.386289	13.896921	-108.952639
0.386895	13.723785	-106.770357
0.387500	13.560976	-104.510534
0.388105	13.348961	-101.850260
0.388711	13.071335	-98.851893
0.389316	12.760297	-95.453618
0.389922	12.411595	-91.869080
0.390527	12.066538	-87.865113
0.391133	11.623673	-83.607102
0.391738	11.205716	-79.046516
0.392344	10.677803	-74.407846
0.392949	10.164469	-69.337274
0.393555	9.535104	-63.954367
0.394160	8.903916	-58.733864
0.394766	8.326795	-53.018016
0.395371	7.736917	-46.991188
0.395977	7.099047	-41.085824
0.396582	6.353650	-34.995553
0.397187	5.721247	-28.743421
0.397793	4.975242	-22.429201
0.398398	4.243210	-16.090852
0.399004	3.528796	-9.641883
0.399609	2.746949	-3.184238
0.400215	1.966925	3.293741
0.400820	1.224565	9.659474
0.401426	0.463373	16.069130
0.402031	-0.198797	22.611094
0.402637	-1.026206	28.621383
0.403242	-1.709638	34.860773
0.403848	-2.501812	41.076574
0.404453	-3.225340	46.949403
0.405059	-3.948259	52.671758
0.405664	-4.578232	58.261533
0.406270	-5.276852	63.686193
0.406875	-5.911077	68.796620
0.407480	-6.505815	73.756301
0.408086	-7.093871	78.525925
0.408691	-7.640009	83.051264
0.409297	-8.231103	87.114879
0.409902	-8.714062	91.019073
0.410508	-9.344034	94.722092
0.411113	-9.720682	97.891809
0.411719	-10.063917	100.880686
0.412324	-10.452714	103.707431
0.412930	-10.713329	106.068926
0.413535	-11.021329	107.969509
0.414141	-11.244280	109.612524
0.414746	-11.561393	110.921784
0.415352	-11.774624	111.765524
0.415957	-11.917993	112.372572
0.416563	-12.087484	112.509490
0.417168	-12.159169	112.419476
0.417773	-12.190758	111.793992
0.418379	-12.211413	110.753958
0.418984	-12.118466	109.756762
0.419590	-12.115429	108.029699
0.420195	-11.977527	105.930923
0.420801	-11.830513	103.743491
0.421406	-11.707192	101.079150
0.422012	-11.387649	98.139346
0.422617	-11.148296	94.824306
0.423223	-10.817818	91.267965
0.423828	-10.481266	87.425859
0.424434	-10.085179	83.227495
0.425039	-9.605865	78.778884
0.425645	-9.166038	74.137502
0.426250	-8.678827	69.139592
0.426855	-8.229280	63.809826
0.427461	-7.787023	58.615622
0.428066	-7.122423	53.166560
0.428672	-6.454178	47.308101
0.429277	-5.777428	41.484074
0.429883	-5.150493	35.473514
0.430488	-4.461593	29.366705
0.431094	-3.764796	23.097220
0.431699	-3.059493	16.781103
0.432305	-2.435595	10.351655
0.432910	-1.713283	3.981041
0.433516	-1.008588	-2.490973
0.434121	-0.209732	-8.840168
0.434727	0.447578	-15.239249
0.435332	1.282885	-21.792330
0.435937	2.107864	-27.879618
0.436543	2.735406	-34.006220
0.437148	3.444354	-40.228257
0.437754	4.163021	-46.211434
0.438359	4.850098	-52.037630
0.438965	5.481286	-57.731788
0.439570	6.150746	-63.187627
0.440176	6.815346	-68.464795
0.440781	7.515789	-73.452403
0.441387	8.205904	-78.310955
0.441992	8.799427	-82.931188
0.442598	9.377155	-87.195706
0.443203	9.938481	-91.106949
0.443809	10.488872	-95.041780
0.444414	10.948138	-98.327267
0.445020	11.369740	-101.248905
0.445625	11.853914	-104.160241
0.446230	12.245141	-106.553728
0.446836	12.695903	-108.596110
0.447441	12.937686	-110.298772
0.448047	13.208022	-111.662800
0.448652	13.471675	-112.691717
0.449258	13.698878	-113.270297
0.449863	13.816125	-113.485841
0.450469	13.908464	-113.436768
0.451074	14.010523	-112.914039
0.451680	14.023888	-111.881055
0.452285	14.034215	-110.766462
0.452891	13.940661	-109.260094
0.453496	13.861079	-107.049615
0.454102	13.663643	-104.803891
0.454707	13.425505	-102.162053
0.455313	13.212274	-99.140641
0.455918	12.839272	-95.844309
0.456523	12.556179	-92.217746
0.457129	12.186214	-88.295659
0.457734	11.758537	-84.064489
0.458340	11.333290	-79.478146
0.458945	10.830892	-74.850863
0.459551	10.324848	-69.953269
0.460156	9.687585	-64.516951
0.460762	9.060042	-59.268522
0.461367	8.506006	-53.602289
0.461973	7.866314	-47.693672
0.462578	7.277650	-41.672538
0.463184	6.580853	-35.636763
0.463789	5.857933	-29.434518
0.464395	5.158706	-23.110537
0.465000	4.424851	-16.768121
0.465605	3.662445	-10.323761
0.466211	2.886065	-3.912750
0.466816	2.090246	2.605898
0.467422	1.361859	9.046733
0.468027	0.671744	15.336551
0.468633	-0.154450	21.808565
0.469238	-0.925362	28.113025
0.469844	-1.627626	34.117891
0.470449	-2.395501	40.260218
0.471055	-3.156085	46.237972
0.471660	-3.854705	52.044376
0.472266	-4.581877	57.565285
0.472871	-5.263487	63.053388
0.473477	-5.880095	68.239459
0.474082	-6.488805	73.223813
0.474687	-7.081114	77.885257
0.475293	-7.670384	82.483259
0.475898	-8.286385	86.754826
0.476504	-8.745044	90.501225
0.477109	-9.319127	94.211836
0.477715	-9.796619	97.717747
0.478320	-10.147143	100.588414
0.478926	-10.460611	103.276614
0.479531	-10.863381	105.698570
0.480137	-11.139184	107.750711
0.480742	-11.383397	109.441173
0.481348	-11.712052	110.716543
0.481953	-11.860281	111.691236
0.482559	-12.028557	112.230774
0.483164	-12.208376	112.462043
0.483770	-12.313472	112.297199
0.484375	-12.408849	111.873974
0.484980	-12.351137	110.821468
0.485586	-12.382727	109.581073
0.486191	-12.248470	108.273440
0.486797	-12.155524	106.179274
0.487402	-11.953835	103.833775
0.488008	-11.826869	101.312317
0.488613	-11.608170	98.426467
0.489219	-11.334190	95.124170
0.489824	-10.976375	91.565118
0.490430	-10.607625	87.726807
0.491035	-10.272288	83.620626
0.491641	-9.798441	79.186926
0.492246	-9.343427	74.507859
0.492852	-8.875655	69.688349
0.493457	-8.368397	64.417958
0.494063	-7.807071	59.109611
0.494668	-7.306494	53.779031
0.495273	-6.660727	47.984828
0.495879	-6.055661	42.063468
0.496484	-5.354611	36.124484
0.497090	-4.716134	30.008728
0.497695	-4.024196	23.738430
0.498301	-3.341371	17.418788
0.498906	-2.638499	11.044649
0.499512	-1.914364	4.677289
0.500117	-1.238829	-1.825633
0.500723	-0.483712	-8.274331
0.501328	0.258647	-14.522938
0.501934	0.908667	-21.025319
0.502539	1.737291	-27.505195
0.503145	2.542830	-33.418151
0.503750	3.225048	-39.491341
0.504355	3.966192	-45.533623
0.504961	4.715842	-51.404012
0.505566	5.355535	-57.089493
0.506172	6.089389	-62.554280
0.506777	6.699922	-67.861001
0.507383	7.417982	-72.945129
0.507988	8.086227	-77.758674
0.508594	8.699190	-82.362369
0.509199	9.308508	-86.788748
0.509805	9.775672	-90.764248
0.510410	10.373448	-94.387014
0.511016	10.825424	-98.095456
0.511621	11.372778	-101.071590
0.512227	11.843587	-103.790427
0.512832	12.228131	-106.256847
0.513437	12.606601	-108.390597
0.514043	12.983248	-110.131488
0.514648	13.300361	-111.489280
0.515254	13.549434	-112.559137
0.515859	13.761450	-113.200618
0.516465	13.907249	-113.467133
0.517070	13.998981	-113.372240
0.517676	14.145995	-112.996732
0.518281	14.169687	-112.205049
0.518887	14.222539	-110.690547
0.519492	14.169687	-109.364477
0.520098	14.000803	-107.465520
0.520703	13.884164	-105.025399
0.521309	13.670933	-102.417994
0.521914	13.411533	-99.499881
0.522520	13.017268	-96.255604
0.523125	12.799785	-92.590543
0.523730	12.404913	-88.696381
0.524336	11.965086	-84.509675
0.524941	11.535586	-80.035307
0.525547	11.029543	-75.258634
0.526152	10.515601	-70.417705
0.526758	9.931798	-65.238142
0.527363	9.350425	-59.604174
0.527969	8.669423	-54.182767
0.528574	8.043702	-48.372297
0.529180	7.397934	-42.301276
0.529785	6.701137	-36.254656
0.530391	6.049294	-30.067594
0.530996	5.258335	-23.788349
0.531602	4.559108	-17.401197
0.532207	3.772401	-11.018925
0.532813	2.938917	-4.623910
0.533418	2.215390	1.850816
0.534023	1.379476	8.358890
0.534629	0.637117	14.681514
0.535234	-0.095523	20.885115
0.535840	-0.916857	27.450125
0.536445	-1.685946	33.615769
0.537051	-2.399753	39.543636
0.537656	-3.177955	45.626586
0.538262	-3.933679	51.371174
0.538867	-4.654776	56.940885
0.539473	-5.340031	62.373137
0.540078	-5.974257	67.641629
0.540684	-6.632782	72.588568
0.541289	-7.226912	77.393979
0.541895	-7.754219	81.856147
0.542500	-8.358677	86.194954
0.543105	-8.870795	90.205699
0.543711	-9.388989	93.643559
0.544316	-9.845826	97.292082
0.544922	-10.244343	100.348469
0.545527	-10.679309	103.011725
0.546133	-11.004320	105.413076
0.546738	-11.260683	107.460608
0.547344	-11.592983	109.206921
0.547949	-11.860281	110.570407
0.548555	-12.077157	111.543744
0.549160	-12.257583	112.138049
0.549766	-12.435579	112.395075
0.550371	-12.528526	112.244059
0.550977	-12.582593	111.851199
0.551582	-12.568621	111.061142
0.552187	-12.471421	109.683016
0.552793	-12.427682	108.301908
0.553398	-12.375437	106.549087
0.554004	-12.179216	104.174579
0.554609	-11.984210	101.627634
0.555215	-11.753362	98.739616
0.555820	-11.523121	95.521638
0.556426	-11.117314	92.007322
0.557031	-10.802631	88.129699
0.557637	-10.395609	84.112175
0.558242	-9.923585	79.755474
0.558848	-9.486188	75.030587
0.559453	-8.932152	70.175830
0.560059	-8.454053	65.169244
0.560664	-7.975954	59.579198
0.561270	-7.325327	54.271664
0.561875	-6.726336	48.704392
0.562480	-6.080568	42.794419
0.563086	-5.379519	36.784401
0.563691	-4.735573	30.704704
0.564297	-4.037561	24.483209
0.564902	-3.268472	18.202338
0.565508	-2.599012	11.821421
0.566113	-1.845717	5.380044
0.566719	-1.204202	-0.956679
0.567324	-0.501330	-7.528738
0.567930	0.343089	-13.884982
0.568535	1.109141	-20.117322
0.569141	1.901923	-26.646002
0.569746	2.593252	-32.851229
0.570352	3.314350	-38.759576
0.570957	4.028764	-44.825174
0.571562	4.755329	-50.757651
0.572168	5.438154	-56.497900
0.572773	6.144671	-61.927169
0.573379	6.828104	-67.223858
0.573984	7.528546	-72.393661
0.574590	8.157911	-77.246791
0.575195	8.783024	-81.843979
0.575801	9.362575	-86.283643
0.576406	9.964603	-90.426969
0.577012	10.411720	-94.031027
0.577617	10.968793	-97.610414
0.578223	11.493062	-100.848454
0.578828	11.953543	-103.490021
0.579434	12.314396	-106.006870
0.580039	12.718988	-108.164208
0.580645	13.017268	-109.924620
0.581250	13.417000	-111.332028
0.581855	13.610184	-112.424931
0.582461	13.738973	-113.154798
0.583066	13.920006	-113.444901
0.583672	14.017813	-113.327775
0.584277	14.101040	-113.004595
0.584883	14.112582	-112.327597
0.585488	14.069450	-110.882774
0.586094	14.027533	-109.486754
0.586699	13.910894	-107.707635
0.587305	13.772992	-105.354273
0.587910	13.472890	-102.686679
0.588516	13.282136	-99.861019
0.589121	12.982033	-96.611862
0.589727	12.644873	-92.996416
0.590332	12.303461	-89.138314
0.590938	11.918916	-85.022914
0.591543	11.524044	-80.552341
0.592148	11.000383	-75.842094
0.592754	10.402000	-70.937722
0.593359	9.881376	-65.915953
0.593965	9.264161	-60.310724
0.594570	8.642693	-54.653168
0.595176	8.019402	-49.070714
0.595781	7.400972	-43.097840
0.596387	6.680482	-36.989675
0.596992	6.026817	-30.736458
0.597598	5.302075	-24.501406
0.598203	4.564575	-18.107476
0.598809	3.746279	-11.763704
0.599414	2.972330	-5.298468
0.600020	2.170436	1.104681
0.600625	1.397701	7.630378
0.601230	0.664454	14.000721
0.601836	-0.065755	20.296233
0.602441	-0.786853	26.751437
0.603047	-1.662861	32.971306
0.603652	-2.328676	38.900800
0.604258	-3.080148	44.914071
0.604863	-3.860780	50.746503
0.605469	-4.503510	56.372608
0.606074	-5.191803	61.740061
0.606680	-5.942059	67.001504
0.607285	-6.517965	72.046048
0.607891	-7.106628	76.826516
0.608496	-7.620570	81.315254
0.609102	-8.181288	85.665990
0.609707	-8.731071	89.761597
0.610313	-9.228610	93.199999
0.610918	-9.732224	96.771523
0.611523	-10.076674	100.038573
0.612129	-10.556595	102.684207
0.612734	-10.857306	105.099927
0.613340	-11.193858	107.241268
0.613945	-11.557141	108.955860
0.614551	-11.794064	110.383602
0.615156	-11.995752	111.379442
0.615762	-12.191366	112.077046
0.616367	-12.378474	112.359287
0.616973	-12.501796	112.313738
0.617578	-12.628155	111.842252
0.618184	-12.575910	111.227342
0.618789	-12.665212	109.802853
0.619395	-12.650025	108.381076
0.620000	-12.499366	106.744839
0.620605	-12.377259	104.408830
0.621211	-12.223563	101.920178
0.621816	-12.007902	99.045444
0.622422	-11.770371	95.902568
0.623027	-11.518868	92.343516
0.623633	-11.129464	88.556720
0.624238	-10.752816	84.534316
0.624844	-10.313597	80.213946
0.625449	-9.851901	75.502343
0.626055	-9.353147	70.599327
0.626660	-8.906030	65.702546
0.627266	-8.254187	60.295781
0.627871	-7.697722	54.733660
0.628477	-7.129106	49.293275
0.629082	-6.459646	43.422615
0.629687	-5.719109	37.480378
0.630293	-5.046004	31.357301
0.630898	-4.364394	25.179457
0.631504	-3.640866	18.894248
0.632109	-2.942854	12.508180
0.632715	-2.144605	6.125908
0.633320	-1.416825	-0.234945
0.633926	-0.655026	-6.672798
0.634531	0.111026	-13.165147
0.635137	0.943902	-19.348413
0.635742	1.590885	-25.804702
0.636348	2.465678	-32.164200
0.636953	3.220795	-38.062243
0.637559	3.976520	-44.100729
0.638164	4.720702	-49.995519
0.638770	5.411424	-55.779962
0.639375	6.189018	-61.254238
0.639980	6.925910	-66.609490
0.640586	7.627568	-71.811557
0.641191	8.307963	-76.682852
0.641797	8.919103	-81.289258
0.642402	9.522346	-85.707233
0.643008	10.198489	-89.985307
0.643613	10.680233	-93.625696
0.644219	11.135247	-97.144622
0.644824	11.745172	-100.466440
0.645430	12.240281	-103.225946
0.646035	12.627256	-105.660102
0.646641	13.073765	-107.815813
0.647246	13.435832	-109.624214
0.647852	13.761450	-111.132209
0.648457	13.954634	-112.201795
0.649062	14.135667	-112.956877
0.649668	14.245016	-113.320455
0.650273	14.376235	-113.309610
0.650879	14.448527	-112.907804
0.651484	14.457032	-112.263883
0.652090	14.457640	-111.059547
0.652695	14.340393	-109.492990
0.653301	14.218894	-107.801173
0.653906	13.999588	-105.579036
0.654512	13.754160	-102.952923
0.655117	13.500227	-100.110996
0.655723	13.186152	-96.899796
0.656328	12.841702	-93.397681
0.656934	12.450475	-89.556659
0.657539	12.022190	-85.472439
0.658145	11.530119	-81.086999
0.658750	11.051413	-76.388139
0.659355	10.454852	-71.458553
0.659961	9.861936	-66.459016
0.660566	9.187616	-61.087496
0.661172	8.598346	-55.282991
0.661777	7.967158	-49.629230
0.662383	7.308025	-43.782700
0.662988	6.660435	-37.665588
0.663594	5.867653	-31.462529
0.664199	5.159314	-25.244017
0.664805	4.458871	-18.930881
0.665410	3.624780	-12.538578
0.666016	2.807091	-6.085271
0.666621	2.000337	0.361800
0.667227	1.267697	6.791519
0.667832	0.459728	13.348124
0.668438	-0.263191	19.518105
0.669043	-1.028636	25.780540
0.669648	-1.831745	32.234660
0.670254	-2.562562	38.268808
0.670859	-3.328006	44.174986
0.671465	-4.057001	50.009315
0.672070	-4.791463	55.652501
0.672676	-5.499803	61.076348
0.673281	-6.089681	66.425907
0.673887	-6.787086	71.439813
0.674492	-7.328972	76.298094
0.675098	-7.888475	80.827230
0.675703	-8.416996	85.112896
0.676309	-8.960097	89.245647
0.676914	-9.385952	92.991504
0.677520	-9.853723	96.242830
0.678125	-10.388927	99.611010
0.678730	-10.682347	102.495775
0.679336	-11.159231	104.824735
0.679941	-11.390079	107.020573
0.680547	-11.656162	108.813791
0.681152	-11.887618	110.318261
0.681758	-12.157954	111.273704
0.682363	-12.318940	112.033666
0.682969	-12.481749	112.393177
0.683574	-12.588668	112.349797
0.684180	-12.684045	111.902171
0.684785	-12.637268	111.287531
0.685391	-12.712597	110.162364
0.685996	-12.665820	108.486543
0.686602	-12.489646	106.921070
0.687207	-12.383334	104.788947
0.687813	-12.201693	102.207299
0.688418	-12.023090	99.407667
0.689023	-11.696257	96.315491
0.689629	-11.437464	92.790872
0.690234	-11.090584	89.026307
0.690840	-10.634962	85.034541
0.691445	-10.199996	80.718509
0.692051	-9.705494	76.180426
0.692656	-9.189123	71.189836
0.693262	-8.632657	66.320439
0.693867	-8.239608	60.958951
0.694473	-7.531875	55.319832
0.695078	-6.928025	49.903305
0.695684	-6.228190	44.205623
0.696289	-5.542327	38.186115
0.696895	-4.855858	32.069545
0.697500	-4.097096	25.957856
0.698105	-3.459833	19.583717
0.698711	-2.631816	13.250519
0.699316	-1.965394	6.842761
0.699922	-1.223034	0.475943
0.700527	-0.509227	-5.931001
0.701133	0.347342	-12.496011
0.701738	1.058111	-18.762242
0.702344	1.930475	-24.927885
0.702949	2.683162	-31.466325
0.703555	3.354444	-37.493424
0.704160	4.118674	-43.394992
0.704766	4.792386	-49.391996
0.705371	5.582738	-55.115978
0.705977	6.247338	-60.668338
0.706582	6.916798	-66.028199
0.707187	7.581398	-71.193935
0.707793	8.338338	-76.145483
0.708398	8.916673	-80.811265
0.709004	9.494402	-85.182064
0.709609	10.114047	-89.514092
0.710215	10.812059	-93.230397
0.710820	11.104265	-96.625418
0.711426	11.606056	-100.091204
0.712031	12.070182	-102.941807
0.712637	12.516692	-105.417174
0.713242	12.891516	-107.660459
0.713848	13.255406	-109.549384
0.714453	13.477750	-111.044364
0.715059	13.769955	-112.170887
0.715664	13.913931	-112.971518
0.716270	14.039075	-113.400166
0.716875	14.154500	-113.464422
0.717480	14.207352	-113.005408
0.718086	14.239549	-112.434962
0.718691	14.234689	-111.360767
0.719297	14.068843	-109.734833
0.719902	13.930941	-108.021055
0.720508	13.809442	-105.886491
0.721113	13.529387	-103.338191
0.721719	13.211059	-100.526901
0.722324	12.890909	-97.349592
0.722930	12.549496	-93.878384
0.723535	12.185607	-90.059053
0.724141	11.750032	-85.998691
0.724746	11.295626	-81.652294
0.725352	10.764675	-77.051852
0.725957	10.214891	-72.053129
0.726562	9.648705	-67.077993
0.727168	9.122007	-61.660925
0.727773	8.396050	-55.912000
0.728379	7.743599	-50.360182
0.728984	7.108159	-44.516363
0.729590	6.434447	-38.407656
0.730195	5.755874	-32.198361
0.730801	5.069404	-25.929148
0.731406	4.293025	-19.630654
0.732012	3.509963	-13.222083
0.732617	2.669797	-6.829508
0.733223	1.948700	-0.359392
0.733828	1.196620	6.101507
0.734434	0.422671	12.638591
0.735039	-0.300249	18.845987
0.735645	-0.984896	25.134993
0.736250	-1.801370	31.590197
0.736855	-2.572889	37.669081
0.737461	-3.290342	43.583121
0.738066	-4.051533	49.453510
0.738672	-4.664496	55.183185
0.739277	-5.361294	60.609472
0.739883	-5.964537	65.918362
0.740488	-6.617594	71.050478
0.741094	-7.170415	75.897643
0.741699	-7.698329	80.463652
0.742305	-8.228065	84.809778
0.742910	-8.784531	88.965304
0.743516	-9.189730	92.761590
0.744121	-9.605865	96.075546
0.744727	-10.127704	99.389230
0.745332	-10.525613	102.300566
0.745938	-10.877961	104.756412
0.746543	-11.053527	106.942489
0.747148	-11.376107	108.763904
0.747754	-11.631862	110.232314
0.748359	-11.808644	111.366429
0.748965	-12.046174	112.071081
0.749570	-12.153094	112.455536
0.750176	-12.348100	112.451469
0.750781	-12.347492	112.064032
0.751387	-12.329875	111.427432
0.751992	-12.326230	110.403123
0.752598	-12.128186	108.805657
0.753203	-12.137906	107.084016
0.753809	-11.961125	105.064680
0.754414	-11.867571	102.527768
0.755020	-11.603918	99.818963
0.755625	-11.382182	96.692625
0.756230	-11.142829	93.266695
0.756836	-10.781369	89.517856
0.757441	-10.372524	85.535579
0.758047	-9.955782	81.298444
0.758652	-9.463711	76.794252
0.759258	-9.040287	71.812609
0.759863	-8.545178	66.743936
0.760469	-7.921280	61.805944
0.761074	-7.481453	56.033431
0.761680	-6.903725	50.417629
0.762285	-6.231227	44.776069
0.762891	-5.583030	38.794248
0.763496	-4.925719	32.722956
0.764102	-4.253222	26.567615
0.764707	-3.483525	20.261800
0.765312	-2.852945	13.908809
0.765918	-2.085070	7.518132
0.766523	-1.413180	1.117695
0.767129	-0.682971	-5.280573
0.767734	0.033266	-11.784309
0.768340	0.857638	-18.210503
0.768945	1.601212	-24.306739
0.769551	2.318057	-30.747032
0.770156	3.046444	-36.901288
0.770762	3.737774	-42.873620
0.771367	4.455834	-48.792540
0.771973	5.127116	-54.562613
0.772578	5.865223	-60.145881
0.773184	6.483046	-65.501946
0.773789	7.131244	-70.723263
0.774395	7.857809	-75.694060
0.775000	8.432499	-80.428437
0.775605	9.092847	-84.774293
0.776211	9.604966	-89.065110
0.776816	10.217929	-93.006177
0.777422	10.807807	-96.345618
0.778027	11.088470	-99.724101
0.778633	11.686853	-102.793231
0.779238	12.076865	-105.275376
0.779844	12.513047	-107.499953
0.780449	12.846562	-109.425751
0.781055	13.177647	-110.948115
0.781660	13.437047	-112.142419
0.782266	13.652708	-112.946845
0.782871	13.812480	-113.378747
0.783477	13.895707	-113.477978
0.784082	14.014776	-113.157238
0.784687	14.057908	-112.382635
0.785293	14.039683	-111.590680
0.785898	14.077955	-109.955257
0.786504	13.959494	-108.107001
0.787109	13.755375	-106.081429
0.787715	13.606539	-103.607147
0.788320	13.309473	-100.792061
0.788926	13.022128	-97.658132
0.789531	12.694080	-94.254705
0.790137	12.327153	-90.468722
0.790742	11.968731	-86.337055
0.791348	11.512502	-82.027259
0.791953	11.053235	-77.436036
0.792559	10.535649	-72.608392
0.793164	9.943948	-67.368910
0.793770	9.388697	-62.236251
0.794375	8.735032	-56.753299
0.794980	8.115387	-50.735147
0.795586	7.444104	-44.990018
0.796191	6.778289	-39.007926
0.796797	6.106399	-32.837402
0.797402	5.348245	-26.516404
0.798008	4.635045	-20.235804
0.798613	3.843478	-13.891489
0.799219	3.088969	-7.480749
0.799824	2.302870	-0.915468
0.800430	1.508873	5.461653
0.801035	0.813898	11.807052
0.801641	0.037519	18.330580
0.802246	-0.719421	24.559937
0.802852	-1.436265	30.715007
0.803457	-2.251524	37.027058
0.804063	-2.991454	43.054970
0.804668	-3.799423	48.813656
0.805273	-4.501688	54.520556
0.805879	-5.160820	60.052582
0.806484	-5.812055	65.369605
0.807090	-6.429271	70.508229
0.807695	-7.058636	75.361088
0.808301	-7.578652	80.053169
0.808906	-8.170353	84.352662
0.809512	-8.720136	88.348496
0.810117	-9.143561	92.399639
0.810723	-9.686054	95.812826
0.811328	-10.130134	98.793841
0.811934	-10.540801	101.886016
0.812539	-10.957542	104.434045
0.813145	-11.257645	106.581893
0.813750	-11.525551	108.434488
0.814355	-11.795279	109.995081
0.814961	-12.055287	111.162001
0.815566	-12.219311	111.896748
0.816172	-12.279453	112.350882
0.816777	-12.506656	112.410529
0.817383	-12.607500	112.168957
0.817988	-12.589883	111.305968
0.818594	-12.495721	110.432947
0.819199	-12.562546	109.157848
0.819805	-12.450159	107.201413
0.820410	-12.306182	105.224373
0.821016	-12.131224	102.831699
0.821621	-11.877291	100.130214
0.822227	-11.726024	96.969715
0.822832	-11.411342	93.617260
0.823438	-11.052312	89.905293
0.824043	-10.699357	85.940097
0.824648	-10.243128	81.700251
0.825254	-9.833676	77.195516
0.825859	-9.356184	72.412066
0.826465	-8.834346	67.248228
0.827070	-8.427931	62.011999
0.827676	-7.847773	56.812915
0.828281	-7.127891	51.093271
0.828887	-6.525863	45.236167
0.829492	-5.875235	39.427052
0.830098	-5.144418	33.427337
0.830703	-4.501688	27.167342
0.831309	-3.745963	20.938798
0.831914	-3.029118	14.628645
0.832520	-2.344471	8.247457
0.833125	-1.594822	1.759447
0.833730	-0.843957	-4.642075
0.834336	-0.113140	-10.893936
0.834941	0.641977	-17.431834
0.835547	1.408636	-23.888394
0.836152	2.172258	-29.909257
0.836758	2.963825	-36.062971
0.837363	3.665482	-42.244882
0.837969	4.437609	-48.123133
0.838574	5.096134	-53.925470
0.839180	5.791716	-59.510907
0.839785	6.471504	-64.899507
0.840391	7.224798	-70.137092
0.840996	7.896081	-75.085657
0.841602	8.529699	-79.804309
0.842207	9.105604	-84.353236
0.842812	9.747120	-88.456978
0.843418	10.290221	-92.392893
0.844023	10.805984	-96.207615
0.844629	11.250671	-99.220623
0.845234	11.747602	-102.212482
0.845840	12.274908	-104.947587
0.846445	12.643658	-107.210392
0.847051	12.992968	-109.091183
0.847656	13.322838	-110.718202
0.848262	13.606539	-112.000350
0.848867	13.740188	-112.808030
0.849473	13.963139	-113.290631
0.850078	14.119265	-113.389863
0.850684	14.172724	-113.279786
0.851289	14.265671	-112.464515
0.851895	14.220109	-111.462167
0.852500	14.222539	-110.312328
0.853105	14.145387	-108.405509
0.853711	13.991691	-106.237055
0.854316	13.725000	-103.834078
0.854922	13.472282	-101.096533
0.855527	13.200732	-97.987277
0.856133	12.838664	-94.541284
0.856738	12.466877	-90.802476
0.857344	12.101772	-86.802847
0.857949	11.644936	-82.489797
0.858555	11.186277	-77.883662
0.859160	10.592146	-73.142236
0.859766	10.118299	-68.039401
0.860371	9.431829	-62.667339
0.860977	8.810969	-57.401558
0.861582	8.174921	-51.564246
0.862187	7.548593	-45.577003
0.862793	6.867591	-39.632326
0.863398	6.210888	-33.464784
0.864004	5.415069	-27.263895
0.864609	4.663597	-20.934221
0.865215	3.907873	-14.635997
0.865820	3.050089	-8.179166
0.866426	2.350862	-1.723419
0.867031	1.519808	4.774352
0.867637	0.795673	11.110804
0.868242	0.076399	17.505005
0.868848	-0.852462	24.018773
0.869453	-1.518277	30.042618
0.870059	-2.180447	36.205550
0.870664	-3.042483	42.332152
0.871270	-3.829798	48.187358
0.871875	-4.530847	53.897783
0.872480	-5.183298	59.436045
0.873086	-5.918367	64.748188
0.873691	-6.496095	69.894403
0.874297	-7.188033	74.730181
0.874902	-7.645477	79.453713
0.875508	-8.230495	83.901782
0.876113	-8.803971	87.945605
0.876719	-9.309407	91.757887
0.877324	-9.879238	95.449248
0.877930	-10.284437	98.565554
0.878535	-10.653187	101.464146
0.879141	-11.009180	104.133910
0.879746	-11.323862	106.378279
0.880352	-11.578403	108.285911
0.880957	-11.822009	109.850029
0.881563	-12.140944	111.053822
0.882168	-12.371185	111.817851
0.882773	-12.504226	112.264935
0.883379	-12.670072	112.366065
0.883984	-12.730214	112.220200
0.884590	-12.716849	111.506600
0.885195	-12.711382	110.335613
0.885801	-12.603248	109.294224
0.886406	-12.585023	107.570142
0.887012	-12.436187	105.337703
0.887617	-12.221741	103.060799
0.888223	-12.137906	100.306987
0.888828	-11.802569	97.359049
0.889434	-11.495783	93.935560
0.890039	-11.179886	90.302491
0.890645	-10.831183	86.375252
0.891250	-10.374347	82.208067
0.891855	-9.891388	77.692217
0.892461	-9.431514	72.955942
0.893066	-8.935797	67.971046
0.893672	-8.354424	62.593561
0.894277	-7.803426	57.476085
0.894883	-7.172238	51.859469
0.895488	-6.568387	46.006974
0.896094	-5.940844	40.094561
0.896699	-5.189373	34.144190
0.897305	-4.472528	27.976920
0.897910	-3.803675	21.661074
0.898516	-3.106270	15.306999
0.899121	-2.281292	9.002268
0.899727	-1.618514	2.542997
0.900332	-0.842135	-3.985411
0.900937	-0.097345	-10.270621
0.901543	0.680857	-16.632830
0.902148	1.445693	-23.231730
0.902754	2.225110	-29.343149
0.903359	2.980835	-35.353709
0.903965	3.719549	-41.502272
0.904570	4.481956	-47.460776
0.905176	5.247400	-53.220275
0.905781	5.872513	-58.861292
0.906387	6.577816	-64.252333
0.906992	7.325035	-69.501576
0.907598	7.933138	-74.533918
0.908203	8.602598	-79.227898
0.908809	9.193084	-83.840269
0.909414	9.829132	-88.076590
0.910020	10.344895	-91.907580
0.910625	10.827854	-95.743721
0.911230	11.334505	-99.042494
0.911836	11.795595	-101.895537
0.912441	12.257291	-104.569639
0.913047	12.647911	-106.945503
0.913652	12.978996	-108.960772
0.914258	13.342886	-110.557154
0.914863	13.613221	-111.868583
0.915469	13.795470	-112.739706
0.916074	14.014168	-113.266772
0.916680	14.124732	-113.375493
0.917285	14.144172	-113.206583
0.917891	14.225577	-112.688735
0.918496	14.258989	-111.468674
0.919102	14.252306	-110.291180
0.919707	14.075525	-108.758513
0.920312	13.922436	-106.511704
0.920918	13.703130	-104.069956
0.921523	13.442515	-101.438693
0.922129	13.128440	-98.344619
0.922734	12.795532	-94.960442
0.923340	12.410380	-91.287247
0.923945	12.085370	-87.289244
0.924551	11.611523	-82.989209
0.925156	11.142537	-78.372500
0.925762	10.616446	-73.674725
0.926367	10.054512	-68.750561
0.926973	9.437297	-63.221246
0.927578	8.848026	-57.809329
0.928184	8.108097	-52.281371
0.928789	7.543733	-46.298194
0.929395	6.854226	-40.278958
0.930000	6.189626	-34.203599
0.930605	5.457594	-27.956347
0.931211	4.719487	-21.647549
0.931816	3.871423	-15.311097
0.932422	3.126634	-8.874329
0.933027	2.336889	-2.437019
0.933633	1.513125	4.061294
0.934238	0.799318	10.463901
0.934844	0.040556	16.728234
0.935449	-0.748580	23.229800
0.936055	-1.591784	29.404662
0.936660	-2.260029	35.470532
0.937266	-3.067391	41.599573
0.937871	-3.757506	47.525272
0.938477	-4.513838	53.221870
0.939082	-5.242225	58.708617
0.939688	-5.946312	64.156865
0.940293	-6.519788	69.307419
0.940898	-7.146116	74.222636
0.941504	-7.673422	78.868897
0.942109	-8.282740	83.411860
0.942715	-8.885375	87.546510
0.943320	-9.308192	91.273659
0.943926	-9.734046	95.098413
0.944531	-10.296587	98.310697
0.945137	-10.692067	101.183532
0.945742	-11.043807	103.863056
0.946348	-11.364564	106.147552
0.946953	-11.668920	108.095311
0.947559	-11.959303	109.707146
0.948164	-12.185898	110.948083
0.948770	-12.382727	111.802397
0.949375	-12.521843	112.238094
0.949980	-12.688297	112.452553
0.950586	-12.818909	112.239992
0.951191	-12.840779	111.645416
0.951797	-12.777599	110.484460
0.952402	-12.776384	109.392371
0.953008	-12.695587	107.864584
0.953613	-12.489039	105.709957
0.954219	-12.343847	103.393740
0.954824	-12.136691	100.739973
0.955430	-11.882758	97.754078
0.956035	-11.573543	94.357158
0.956641	-11.201148	90.800004
0.957246	-10.838473	86.891744
0.957852	-10.423554	82.721035
0.958457	-9.894425	78.193526
0.959063	-9.461281	73.493311
0.959668	-8.957060	68.574840
0.960273	-8.374472	63.204947
0.960879	-7.883615	57.992577
0.961484	-7.195930	52.566833
0.962090	-6.630352	46.627036
0.962695	-5.873412	40.781048
0.963301	-5.213672	34.811157
0.963906	-4.409956	28.688351
0.964512	-3.712551	22.418867
0.965117	-2.987809	16.111696
0.965723	-2.356013	9.682791
0.966328	-1.594822	3.312719
0.966934	-0.800825	-3.192643
0.967539	-0.074260	-9.489782
0.968145	0.712446	-15.879646
0.968750	1.617615	-22.425406
0.969355	2.378807	-28.452505
0.969961	3.006957	-34.621402
0.970566	3.729269	-40.833950
0.971172	4.499573	-46.776729
0.971777	5.132584	-52.583946
0.972383	5.853073	-58.236621
0.972988	6.546226	-63.681616
0.973594	7.209611	-68.932214
0.974199	7.900941	-73.976215
0.974805	8.567363	-78.754514
0.975410	9.196121	-83.351974
0.976016	9.826094	-87.582059
0.976621	10.162039	-91.484897
0.977227	10.829677	-95.347066
0.977832	11.367310	-98.651532
0.978437	11.838119	-101.515963
0.979043	12.326546	-104.300683
0.979648	12.664313	-106.728062
0.980254	13.068905	-108.683141
0.980859	13.372045	-110.330765
0.981465	13.671541	-111.693708
0.982070	13.835564	-112.652675
0.982676	13.972251	-113.225833
0.983281	14.108937	-113.389321
0.983887	14.234689	-113.298494
0.984492	14.248054	-112.706900
0.985098	14.245624	-111.728954
0.985703	14.236511	-110.575861
0.986309	14.047580	-108.941522
0.986914	13.926689	-106.728062
0.987520	13.689158	-104.503756
0.988125	13.478357	-101.779767
0.988730	13.119327	-98.806073
0.989336	12.771232	-95.411051
0.989941	12.402483	-91.798317
0.990547	12.013685	-87.835018
0.991152	11.565961	-83.551521
0.991758	11.062347	-78.999069
0.992363	10.557519	-74.308885
0.992969	9.987688	-69.331309
0.993574	9.332808	-63.874657
0.994180	8.688862	-58.573087
0.994785	8.058282	-52.955657
0.995391	7.449572	-47.002304
0.995996	6.696277	-41.083384
0.996602	5.964853	-34.928586
0.997207	5.280205	-28.745861
0.997812	4.558500	-22.380670
0.998418	3.785159	-16.056148
0.999023	3.027612	-9.616668
0.999629	2.225718	-3.186950
1.000234	1.412281	3.313804
1.000840	0.641977	9.714784
1.001445	-0.102813	16.009211
1.002051	-0.900454	22.527046
1.002656	-1.659824	28.745829
1.003262	-2.357228	34.755576
1.003867	-3.169450	40.940199
1.004473	-3.875967	46.927171
1.005078	-4.625617	52.628107
1.005684	-5.318769	58.191041
1.006289	-6.022856	63.604585
1.006895	-6.669232	68.773303
1.007500	-7.191678	73.734069
1.008105	-7.755434	78.443774
1.008711	-8.327087	82.979416
1.009316	-8.901170	87.105932
1.009922	-9.387167	90.879173
1.010527	-10.032327	94.637501
1.011133	-10.386497	97.990227
1.011738	-10.625850	100.879331
1.012344	-11.051704	103.616875
1.012949	-11.340265	106.002771
1.013555	-11.600273	107.935347
1.014160	-11.904628	109.588665
1.014766	-12.005472	110.868373
1.015371	-12.271555	111.795076
1.015977	-12.467169	112.284998
1.016582	-12.495721	112.474515
1.017187	-12.606893	112.300181
1.017793	-12.588668	111.821647
1.018398	-12.523666	110.715187
1.019004	-12.498151	109.581344
1.019609	-12.321977	108.152247
1.020215	-12.266695	106.027444
1.020820	-12.043744	103.693604
1.021426	-11.808644	101.120089
1.022031	-11.647657	98.105455
1.022637	-11.343302	94.827560
1.023242	-10.888288	91.273930
1.023848	-10.575428	87.347504
1.024453	-10.140461	83.216379
1.025059	-9.720682	78.736046
1.025664	-9.234685	74.073246
1.026270	-8.678219	69.157758
1.026875	-8.050069	63.870287
1.027480	-7.590802	58.629720
1.028086	-7.099946	53.175779
1.028691	-6.380671	47.320573
1.029297	-5.716679	41.420089
1.029902	-5.105538	35.472159
1.030508	-4.353459	29.358300
1.031113	-3.673064	23.095594
1.031719	-2.942247	16.735283
1.032324	-2.213252	10.398017
1.032930	-1.518885	4.002460
1.033535	-0.812367	-2.510223
1.034141	-0.039026	-8.911202
1.034746	0.643799	-15.160352
1.035352	1.457236	-21.743527
1.035957	2.207493	-28.074015
1.036563	2.921300	-34.033332
1.037168	3.574965	-40.156952
1.037773	4.319147	-46.205469
1.038379	4.973420	-52.036274
1.038984	5.680545	-57.701150
1.039590	6.342715	-63.190880
1.040195	6.962968	-68.464524
1.040801	7.710187	-73.507441
1.041406	8.245391	-78.332916
1.042012	8.885691	-82.953420
1.042617	9.463419	-87.276501
1.043223	9.959743	-91.154938
1.043828	10.355830	-95.112543
1.044434	10.929306	-98.525459
1.045039	11.420770	-101.334852
1.045645	11.845409	-104.172170
1.046250	12.283413	-106.558609
1.046855	12.633331	-108.613733
1.047461	12.961378	-110.271388
1.048066	13.227461	-111.664155
1.048672	13.483825	-112.639390
1.049277	13.591351	-113.257012
1.049883	13.695233	-113.484214
1.050488	13.817947	-113.416433
1.051094	13.882342	-112.937898
1.051699	13.920006	-111.850960
1.052305	13.889632	-110.749110
1.052910	13.806405	-109.267956
1.053516	13.695233	-106.985359
1.054121	13.464992	-104.689747
1.054727	13.183722	-102.088036
1.055332	12.902451	-99.114342
1.055937	12.630901	-95.784932
1.056543	12.271871	-92.162166
1.057148	11.867886	-88.270173
1.057754	11.456005	-84.000232
1.058359	10.949961	-79.487906
1.058965	10.468824	-74.778473
1.059570	9.926331	-69.887115
1.060176	9.346780	-64.401994
1.060781	8.742322	-59.042675
1.061387	8.138472	-53.577888
1.061992	7.493919	-47.578173
1.062598	6.810486	-41.606926
1.063203	6.175046	-35.560848
1.063809	5.417499	-29.348300
1.064414	4.720702	-22.993954
1.065020	3.949790	-16.649368
1.065625	3.276685	-10.232392
1.066230	2.469931	-3.798064
1.066836	1.711169	2.718143
1.067441	0.919602	9.139728
1.068047	0.236170	15.441476
1.068652	-0.550537	21.963106
1.069258	-1.348786	28.207647
1.069863	-2.037078	34.246676
1.070469	-2.792803	40.430213
1.071074	-3.516937	46.361063
1.071680	-4.361964	52.093721
1.072285	-4.909317	57.731213
1.072891	-5.656537	63.135268
1.073496	-6.218470	68.381257
1.074102	-6.819283	73.333889
1.074707	-7.419489	78.044407
1.075312	-8.003292	82.548871
1.075918	-8.516625	86.813931
1.076523	-9.045147	90.554094
1.077129	-9.413289	94.498414
1.077734	-9.936950	97.811285
1.078340	-10.364019	100.647248
1.078945	-10.699357	103.417599
1.079551	-11.052919	105.821931
1.080156	-11.311712	107.806021
1.080762	-11.627610	109.476961
1.081367	-11.904020	110.793542
1.081973	-12.082017	111.741123
1.082578	-12.268518	112.279305
1.083184	-12.408242	112.423543
1.083789	-12.499974	112.389924
1.084395	-12.523666	111.919794
1.085000	-12.521843	110.856172
1.085605	-12.464131	109.778452
1.086211	-12.428897	108.302179
1.086816	-12.258798	106.206928
1.087422	-12.151879	103.977471
1.088027	-11.981780	101.357866
1.088633	-11.706584	98.453037
1.089238	-11.422277	95.207405
1.089844	-11.132501	91.619885
1.090449	-10.729732	87.780490
1.091055	-10.316027	83.661837
1.091660	-9.902930	79.263926
1.092266	-9.477076	74.565066
1.092871	-8.949162	69.685095
1.093477	-8.496578	64.299206
1.094082	-7.982637	59.143501
1.094688	-7.271867	53.830816
1.095293	-6.690494	47.902135
1.095898	-6.009491	42.101696
1.096504	-5.366761	36.106861
1.097109	-4.652347	29.991647
1.097715	-4.025411	23.716740
1.098320	-3.291557	17.412552
1.098926	-2.619059	11.059561
1.099531	-1.921047	4.637976
1.100137	-1.131303	-1.806926
1.100742	-0.429645	-8.204652
1.101348	0.292059	-14.533512
1.101953	1.097599	-21.061107
1.102559	1.818088	-27.369904
1.103164	2.603580	-33.353081
1.103770	3.293087	-39.575932
1.104375	4.039699	-45.556397
1.104980	4.776591	-51.430040
1.105586	5.473996	-57.143990
1.106191	6.074202	-62.640769
1.106797	6.820206	-67.897874
1.107402	7.477516	-72.996642
1.108008	8.132397	-77.850314
1.108613	8.809147	-82.465938
1.109219	9.341920	-86.755400
1.109824	9.902638	-90.743100
1.110430	10.459104	-94.668984
1.111035	10.901361	-98.051262
1.111641	11.355768	-100.958802
1.112246	11.857559	-103.849261
1.112852	12.300423	-106.311885
1.113457	12.633331	-108.367009
1.114062	13.022128	-110.101122
1.114668	13.266341	-111.511512
1.115273	13.510554	-112.517926
1.115879	13.627193	-113.213090
1.116484	13.759020	-113.439750
1.117090	13.877482	-113.436225
1.117695	13.897529	-112.970704
1.118301	13.926081	-111.911963
1.118906	13.940054	-110.920732
1.119512	13.949774	-109.370984
1.120117	13.774207	-107.207952
1.120723	13.530602	-104.954907
1.121328	13.319801	-102.350213
1.121934	13.076803	-99.446740
1.122539	12.751792	-96.122482
1.123145	12.331406	-92.542283
1.123750	11.991816	-88.646223
1.124355	11.623066	-84.464398
1.124961	11.160154	-79.966170
1.125566	10.609156	-75.240740
1.126172	10.062410	-70.408487
1.126777	9.521131	-65.028020
1.127383	8.824941	-59.672768
1.127988	8.292168	-54.171922
1.128594	7.665233	-48.228330
1.129199	7.034652	-42.256269
1.129805	6.343322	-36.211818
1.130410	5.613720	-30.010929
1.131016	4.894445	-23.649804
1.131621	4.153301	-17.328535
1.132227	3.362949	-10.966326
1.132832	2.590215	-4.532812
1.133438	1.824163	1.965502
1.134043	1.025307	8.379495
1.134648	0.302994	14.680159
1.135254	-0.487357	21.231612
1.135859	-1.353646	27.472086
1.136465	-1.955066	33.533347
1.137070	-2.729623	39.675403
1.137676	-3.507825	45.746424
1.138281	-4.262334	51.465796
1.138887	-4.967029	57.046624
1.139492	-5.619479	62.494601
1.140098	-6.277397	67.761466
1.140703	-6.811386	72.758292
1.141309	-7.434676	77.479926
1.141914	-7.972309	82.055966
1.142520	-8.599852	86.311808
1.143125	-9.074914	90.156355
1.143730	-9.601612	93.983007
1.144336	-9.993447	97.390500
1.144941	-10.467901	100.273367
1.145547	-10.800201	103.074897
1.146152	-11.102734	105.518814
1.146758	-11.422884	107.589392
1.147363	-11.645835	109.318896
1.147969	-11.935003	110.687533
1.148574	-12.156131	111.685813
1.149180	-12.377867	112.225893
1.149785	-12.465954	112.507592
1.150391	-12.586845	112.397244
1.150996	-12.653062	112.017399
1.151602	-12.619650	110.906330
1.152207	-12.499366	109.954412
1.152813	-12.470814	108.501998
1.153418	-12.371792	106.452296
1.154023	-12.215058	104.226906
1.154629	-12.017622	101.681588
1.155234	-11.816541	98.770253
1.155840	-11.505503	95.533026
1.156445	-11.187783	91.985090
1.157051	-10.840903	88.119396
1.157656	-10.361589	84.120580
1.158262	-9.981297	79.678475
1.158867	-9.515956	75.006999
1.159473	-8.974677	70.227886
1.160078	-8.464988	64.915201
1.160684	-7.858100	59.779288
1.161289	-7.376356	54.381470
1.161895	-6.779796	48.498067
1.162500	-6.065989	42.732061
1.163105	-5.312694	36.800940
1.163711	-4.684544	30.673525
1.164316	-3.985924	24.398889
1.164922	-3.341371	18.078976
1.165527	-2.619667	11.773975
1.166133	-1.872447	5.356999
1.166738	-1.168360	-1.178188
1.167344	-0.396233	-7.536059
1.167949	0.355239	-13.782226
1.168555	1.035634	-20.438876
1.169160	1.794396	-26.720832
1.169766	2.622412	-32.649513
1.170371	3.327715	-38.860163
1.170977	4.014792	-44.900818
1.171582	4.732244	-50.806182
1.172187	5.494651	-56.446928
1.172793	6.046257	-62.002813
1.173398	6.754597	-67.331766
1.174004	7.441067	-72.433788
1.174609	8.098984	-77.328942
1.175215	8.722882	-81.955953
1.175820	9.325518	-86.322414
1.176426	9.875909	-90.285442
1.177031	10.327885	-94.349599
1.177637	10.831499	-97.635357
1.178242	11.324178	-100.641044
1.178848	11.778585	-103.589795
1.179453	12.259114	-106.060553
1.180059	12.578049	-108.146856
1.180664	12.907311	-109.918655
1.181270	13.184329	-111.405502
1.181875	13.448590	-112.424388
1.182480	13.597426	-113.100302
1.183086	13.696448	-113.435141
1.183691	13.829489	-113.447070
1.184297	13.884772	-112.970976
1.184902	13.887809	-112.066233
1.185508	13.847714	-111.129498
1.186113	13.831312	-109.517933
1.186719	13.688551	-107.423496
1.187324	13.463170	-105.202715
1.187930	13.158207	-102.737108
1.188535	12.973528	-99.802727
1.189141	12.689828	-96.506124
1.189746	12.303461	-92.972828
1.190352	11.917701	-89.062399
1.190957	11.519184	-84.949439
1.191563	11.139499	-80.437927
1.192168	10.613408	-75.820404
1.192773	10.074560	-70.878888
1.193379	9.516271	-65.537735
1.193984	8.853494	-60.427308
1.194590	8.297028	-54.677027
1.195195	7.608128	-48.789829
1.195801	7.018857	-42.865757
1.196406	6.357902	-36.837845
1.197012	5.696947	-30.588153
1.197617	4.922390	-24.342527
1.198223	4.266903	-17.996315
1.198828	3.424306	-11.636275
1.199434	2.671012	-5.169412
1.200039	1.863650	1.347880
1.200645	1.180825	7.651255
1.201250	0.386829	14.057657
1.201855	-0.305716	20.665775
1.202461	-1.038356	26.797257
1.203066	-1.789828	32.892951
1.203672	-2.552235	39.166773
1.204277	-3.291557	45.131784
1.204883	-4.025411	50.913244
1.205488	-4.759873	56.488378
1.206094	-5.373444	61.982989
1.206699	-6.039866	67.212439
1.207305	-6.652829	72.235021
1.207910	-7.193500	77.024708
1.208516	-7.738424	81.597223
1.209121	-8.326479	85.798570
1.209727	-8.845281	89.781932
1.210332	-9.432121	93.618615
1.210937	-9.805123	96.909796
1.211543	-10.234015	99.928768
1.212148	-10.644075	102.873181
1.212754	-10.908943	105.242809
1.213359	-11.251570	107.333993
1.213965	-11.454474	109.121517
1.214570	-11.809859	110.497203
1.215176	-12.046782	111.473523
1.215781	-12.148234	112.138862
1.216387	-12.347492	112.415138
1.216992	-12.485394	112.452282
1.217598	-12.557686	111.943382
1.218203	-12.555256	110.995801
1.218809	-12.503011	110.139048
1.219414	-12.531563	108.537244
1.220020	-12.428897	106.567524
1.220625	-12.290995	104.461428
1.221230	-12.147019	101.890354
1.221836	-11.879113	99.132204
1.222441	-11.650087	95.855935
1.223047	-11.328722	92.373069
1.223652	-11.079649	88.548857
1.224258	-10.672627	84.530249
1.224863	-10.236445	80.140471
1.225469	-9.786899	75.539759
1.226074	-9.305155	70.644063
1.226680	-8.784531	65.462872
1.227285	-8.091986	60.467945
1.227891	-7.723844	54.796561
1.228496	-7.044056	49.046009
1.229102	-6.446888	43.288408
1.229707	-5.739156	37.350781
1.230312	-5.034461	31.246953
1.230918	-4.370469	25.053113
1.231523	-3.661521	18.781731
1.232129	-2.953182	12.417895
1.232734	-2.239982	5.973536
1.233340	-1.450238	-0.467028
1.233945	-0.740683	-6.775825
1.234551	-0.016548	-13.201206
1.235156	0.785953	-19.771367
1.235762	1.475461	-25.922641
1.236367	2.309552	-32.014268
1.236973	3.031864	-38.347466
1.237578	3.760251	-44.321696
1.238184	4.511116	-50.138402
1.238789	5.193941	-55.897088
1.239395	5.879803	-61.432095
