LabVIEW Measurement	
Writer_Version	2
Reader_Version	2
Separator	Tab
Decimal_Separator	.
Multi_Headings	No
X_Columns	One
Time_Pref	Absolute
Operator	AlunosGDS-JT
Date	2019/10/09
Time	15:19:08.4651639249999940857
***End_of_Header***	
	
Channels	2		
Samples	2048	2048	
Date	2019/10/09	2019/10/09	
Time	15:23:17.3019217374999923196	15:23:17.3019217374999923196	
Y_Unit_Label	g	Newtons	
X_Dimension	Time	Time	
X0	0.0000000000000000E+0	0.0000000000000000E+0	
Delta_X	0.000605	0.000605	
***End_of_Header***			
X_Value	Acceleration (Trigger)	Force (Trigger)	Comment
0.000000	12.738428	6.817275
0.000605	10.901361	13.346497
0.001211	9.137194	19.823391
0.001816	7.402794	26.205663
0.002422	5.526848	32.535337
0.003027	3.647257	38.699896
0.003633	1.827808	44.709101
0.004238	-0.114355	50.513607
0.004844	-2.022498	56.044819
0.005449	-3.900875	61.542411
0.006055	-5.812663	66.587226
0.006660	-7.520333	71.395078
0.007266	-9.373802	76.270439
0.007871	-11.006750	80.623344
0.008477	-12.586845	84.670420
0.009082	-14.160866	88.413837
0.009687	-15.708157	91.819704
0.010293	-17.112687	94.911879
0.010898	-18.537871	97.588421
0.011504	-19.879222	99.950187
0.012109	-21.165290	101.940241
0.012715	-22.321354	103.568886
0.013320	-23.306711	104.714116
0.013926	-24.216740	105.758759
0.014531	-25.116440	106.264136
0.015137	-25.889175	106.145112
0.015742	-26.547700	106.019039
0.016348	-27.180710	105.524779
0.016953	-27.694651	104.392834
0.017559	-28.230462	102.921441
0.018164	-28.461918	101.192208
0.018770	-28.760198	99.040022
0.019375	-28.844640	96.506092
0.019980	-28.746834	93.730590
0.020586	-28.682439	90.544605
0.021191	-28.637484	87.006429
0.021797	-28.320372	83.042046
0.022402	-28.000222	78.933154
0.023008	-27.599882	74.704424
0.023613	-27.074398	69.738507
0.024219	-26.436528	64.762286
0.024824	-25.697206	59.685479
0.025430	-24.787178	54.357068
0.026035	-23.897804	48.754822
0.026641	-22.872352	42.984478
0.027246	-21.805590	37.062575
0.027852	-20.746118	30.902625
0.028457	-19.550566	24.690619
0.029062	-18.189777	18.372604
0.029668	-16.883054	12.034254
0.030273	-15.445112	5.600740
0.030879	-13.866838	-1.018766
0.031484	-12.264265	-7.205287
0.032090	-10.681739	-13.630396
0.032695	-9.015987	-20.155280
0.033301	-7.359347	-26.446183
0.033906	-5.756773	-32.612369
0.034512	-4.002326	-38.729481
0.035117	-2.275824	-44.707777
0.035723	-0.495255	-50.500625
0.036328	1.282277	-56.127001
0.036934	3.101119	-61.514788
0.037539	4.875006	-66.749119
0.038145	6.681090	-71.716934
0.038750	8.320113	-76.350724
0.039355	10.166292	-80.890434
0.039961	11.744565	-85.043520
0.040566	13.210452	-88.699905
0.041172	14.902934	-92.297999
0.041777	16.448403	-95.533600
0.042383	17.981114	-98.230205
0.042988	19.440318	-100.645653
0.043594	20.762836	-102.746055
0.044199	22.051334	-104.503756
0.044805	23.264502	-105.807594
0.045410	24.367714	-106.686851
0.046016	25.503731	-107.175688
0.046621	26.487874	-107.399908
0.047227	27.390004	-106.931676
0.047832	28.239891	-106.051064
0.048438	29.024167	-105.063628
0.049043	29.578811	-103.491377
0.049648	30.039900	-101.421069
0.050254	30.361265	-99.108648
0.050859	30.592113	-96.426684
0.051465	30.756137	-93.374364
0.052070	30.671695	-89.935420
0.052676	30.530149	-86.151335
0.053281	30.362480	-82.020752
0.053887	30.025320	-77.621214
0.054492	29.477966	-72.848608
0.055098	28.774487	-67.993581
0.055703	27.979882	-62.770366
0.056309	27.072892	-57.151310
0.056914	26.055337	-51.648837
0.057520	24.924180	-45.770043
0.058125	23.772976	-39.681941
0.058730	22.469291	-33.452855
0.059336	21.133408	-27.122096
0.059941	19.687569	-20.691022
0.060547	18.127520	-14.257779
0.061152	16.503077	-7.763803
0.061758	14.786902	-1.223466
0.062363	13.022128	5.391703
0.062969	11.289551	11.911977
0.063574	9.468887	18.348203
0.064180	7.704720	24.647782
0.064785	5.842138	31.169412
0.065391	3.943108	37.404463
0.065996	2.102396	43.303591
0.066602	0.160233	49.186994
0.067207	-1.758238	54.866511
0.067812	-3.703439	60.250774
0.068418	-5.545365	65.440640
0.069023	-7.325327	70.397068
0.069629	-9.144168	75.138223
0.070234	-10.788051	79.551860
0.070840	-12.434972	83.681900
0.071445	-13.991375	87.530242
0.072051	-15.533806	91.129692
0.072656	-16.985720	94.084678
0.073262	-18.303986	96.885937
0.073867	-19.842164	99.529130
0.074473	-21.092390	101.545213
0.075078	-22.202892	103.207748
0.075684	-23.188857	104.545748
0.076289	-24.112858	105.620757
0.076895	-25.032606	106.194999
0.077500	-25.773751	106.403765
0.078105	-26.563495	106.141858
0.078711	-27.219590	105.669017
0.079316	-27.771196	104.658807
0.079922	-28.235930	103.194734
0.080527	-28.541500	101.660712
0.081133	-28.854968	99.566274
0.081738	-28.942447	96.945585
0.082344	-28.848893	94.394845
0.082949	-28.820948	91.379126
0.083555	-28.746226	87.871317
0.084160	-28.512948	84.056323
0.084766	-28.156348	79.988913
0.085371	-27.757223	75.591815
0.085977	-27.243282	70.976732
0.086582	-26.567747	66.049857
0.087188	-25.815668	60.934008
0.087793	-25.013166	55.643554
0.088398	-24.063043	49.951023
0.089004	-23.122033	44.221619
0.089609	-21.979941	38.533155
0.090215	-20.879159	32.253639
0.090820	-19.676318	26.039193
0.091426	-18.356838	19.975221
0.092031	-17.035535	13.478806
0.092637	-15.566611	7.050443
0.093242	-14.005955	0.713448
0.093848	-12.510908	-5.695123
0.094453	-10.830576	-12.145176
0.095059	-9.221320	-18.594145
0.095664	-7.610850	-24.948762
0.096270	-5.928695	-31.126606
0.096875	-4.212520	-37.275711
0.097480	-2.413118	-43.512660
0.098086	-0.641661	-49.150967
0.098691	1.145591	-54.668080
0.099297	2.951067	-60.357900
0.099902	4.727992	-65.571625
0.100508	6.297153	-70.583634
0.101113	8.128144	-75.298761
0.101719	9.808477	-79.889984
0.102324	11.464509	-84.062320
0.102930	13.080448	-87.951330
0.103535	14.653253	-91.517703
0.104141	16.234564	-94.820000
0.104746	17.759378	-97.715339
0.105352	19.139000	-100.119401
0.105957	20.462733	-102.506652
0.106563	21.760343	-104.300683
0.107168	23.043981	-105.418259
0.107773	24.161773	-106.551017
0.108379	25.231573	-107.197649
0.108984	26.324457	-107.283596
0.109590	27.253318	-107.036601
0.110195	28.042455	-106.381564
0.110801	28.798786	-105.287306
0.111406	29.400207	-103.873391
0.112012	29.895923	-102.017001
0.112617	30.203924	-99.819808
0.113223	30.417762	-97.216470
0.113828	30.575711	-94.054886
0.114434	30.521036	-90.784582
0.115039	30.480334	-87.236917
0.115645	30.256776	-83.004121
0.116250	29.849146	-78.552527
0.116855	29.309083	-74.033151
0.117461	28.671820	-69.102751
0.118066	27.912450	-63.934033
0.118672	26.993310	-58.529165
0.119277	26.027999	-52.925563
0.119883	24.938152	-47.099909
0.120488	23.755966	-41.092874
0.121094	22.513030	-34.892255
0.121699	21.122473	-28.755080
0.122305	19.677241	-22.281710
0.122910	18.198597	-15.697721
0.123516	16.592987	-9.434744
0.124121	14.895644	-2.800055
0.124727	13.218957	3.949862
0.125332	11.430490	10.395306
0.125938	9.682118	16.858102
0.126543	7.937998	23.331201
0.127148	6.101539	29.743839
0.127754	4.250500	35.949067
0.128359	2.366049	41.991891
0.128965	0.468233	47.825136
0.129570	-1.443555	53.608222
0.130176	-3.375998	59.017699
0.130781	-5.194840	64.180182
0.131387	-6.974802	69.430780
0.131992	-8.737146	74.076771
0.132598	-10.461826	78.461668
0.133203	-12.040707	82.882354
0.133809	-13.603793	86.726087
0.134414	-15.171131	90.322283
0.135020	-16.623046	93.505285
0.135625	-17.989911	96.456205
0.136230	-19.379253	98.948924
0.136836	-20.639806	101.091892
0.137441	-21.793440	102.841730
0.138047	-22.812210	104.387954
0.138652	-23.832802	105.423921
0.139258	-24.572124	105.984064
0.139863	-25.362476	106.554239
0.140469	-26.169230	106.396444
0.141074	-26.838083	105.829523
0.141680	-27.398194	104.977649
0.142285	-27.795496	103.803951
0.142891	-28.168498	102.129757
0.143496	-28.483788	100.166273
0.144102	-28.570660	97.806947
0.144707	-28.632624	95.135015
0.145313	-28.692159	92.059649
0.145918	-28.611362	88.668423
0.146523	-28.332522	84.981400
0.147129	-28.121113	81.006443
0.147734	-27.661239	76.555120
0.148340	-27.190430	71.992636
0.148945	-26.550737	67.301910
0.149551	-25.853332	62.080322
0.150156	-25.073308	56.814270
0.150762	-24.270807	51.315322
0.151367	-23.244139	45.629569
0.151973	-22.270324	39.721494
0.152578	-21.082670	33.722592
0.153184	-19.876184	27.569691
0.153789	-18.670913	21.282042
0.154395	-17.301011	14.895974
0.155000	-15.924426	8.465984
0.155605	-14.506531	2.198940
0.156211	-12.830451	-4.378813
0.156816	-11.317180	-10.947619
0.157422	-9.797226	-17.147153
0.158027	-8.107173	-23.472760
0.158633	-6.408009	-29.842831
0.159238	-4.688796	-36.014711
0.159844	-2.919162	-41.997616
0.160449	-1.259484	-47.944191
0.161055	0.507720	-53.665733
0.161660	2.355722	-59.130519
0.162266	4.068252	-64.428564
0.162871	5.791716	-69.512963
0.163477	7.498171	-74.474542
0.164082	9.236216	-78.935355
0.164687	10.833322	-83.109317
0.165293	12.528842	-87.278670
0.165898	14.061553	-90.929091
0.166504	15.668378	-94.101520
0.167109	17.095385	-97.115883
0.167715	18.566740	-99.714340
0.168320	20.037486	-101.958438
0.168926	21.274347	-103.873391
0.169531	22.560415	-105.346140
0.170137	23.735311	-106.411117
0.170742	24.860393	-107.110076
0.171348	25.854256	-107.290374
0.171953	26.798911	-107.334838
0.172559	27.637863	-106.748396
0.173164	28.457981	-105.513966
0.173770	29.066692	-104.287127
0.174375	29.575166	-102.551117
0.174980	29.975505	-100.305392
0.175586	30.264066	-97.782036
0.176191	30.463324	-94.903506
0.176797	30.500381	-91.583315
0.177402	30.383135	-87.932623
0.178008	30.174156	-84.006739
0.178613	29.860689	-79.750355
0.179219	29.407497	-75.164012
0.179824	28.779954	-70.248795
0.180430	28.131756	-65.087668
0.181035	27.331077	-59.979952
0.181641	26.269783	-54.216658
0.182246	25.294145	-48.309125
0.182852	24.096771	-42.537154
0.183457	22.871453	-36.415975
0.184062	21.501550	-30.083319
0.184668	20.106741	-23.692371
0.185273	18.662116	-17.287324
0.185879	17.120293	-10.779793
0.186484	15.449680	-4.215596
0.187090	13.767525	2.381407
0.187695	12.037985	8.855590
0.188301	10.299941	15.316759
0.188906	8.484136	21.944941
0.189512	6.532861	28.092962
0.190117	4.710374	34.271077
0.190723	2.883635	40.704049
0.191328	0.997969	46.619445
0.191934	-0.848210	52.306553
0.192539	-2.716866	57.811195
0.193145	-4.548465	63.171056
0.193750	-6.417121	68.207466
0.194355	-8.219560	73.012064
0.194961	-9.917510	77.572108
0.195566	-11.578403	81.844760
0.196172	-13.181584	85.817006
0.196777	-14.775652	89.398833
0.197383	-16.163779	92.831541
0.197988	-17.697098	95.707088
0.198594	-19.071253	98.123892
0.199199	-20.250401	100.611460
0.199805	-21.498805	102.531835
0.200410	-22.613559	103.995094
0.201016	-23.626861	105.125683
0.201621	-24.525955	105.919536
0.202227	-25.344859	106.320258
0.202832	-26.062311	106.322698
0.203437	-26.746351	105.925501
0.204043	-27.318004	105.160387
0.204648	-27.844703	104.001059
0.205254	-28.233500	102.352893
0.205859	-28.545753	100.480235
0.206465	-28.764451	98.377122
0.207070	-28.817911	95.523265
0.207676	-28.831883	92.620063
0.208281	-28.622297	89.467156
0.208887	-28.506873	85.824326
0.209492	-28.212238	81.845574
0.210098	-27.907275	77.623622
0.210703	-27.477775	73.104789
0.211309	-26.890935	68.282568
0.211914	-26.197782	63.182444
0.212520	-25.458460	57.944588
0.213125	-24.615864	52.558699
0.213730	-23.645694	46.834989
0.214336	-22.567997	40.873231
0.214941	-21.479972	35.178260
0.215547	-20.365218	28.980894
0.216152	-19.091300	22.536535
0.216758	-17.765137	16.248343
0.217363	-16.378225	9.916500
0.217969	-14.958508	3.478105
0.218574	-13.378412	-2.991740
0.219180	-11.846916	-9.387297
0.219785	-10.217613	-15.819185
0.220391	-8.516018	-22.172718
0.220996	-6.849658	-28.508627
0.221602	-5.161428	-34.689725
0.222207	-3.450720	-40.707334
0.222812	-1.571737	-46.778084
0.223418	0.092193	-52.409070
0.224023	1.878838	-57.840508
0.224629	3.679454	-63.308006
0.225234	5.446659	-68.430634
0.225840	7.230266	-73.274545
0.226445	8.931861	-77.882849
0.227051	10.612193	-82.255004
0.227656	12.209299	-86.295573
0.228262	13.822200	-90.049021
0.228867	15.351266	-93.406628
0.229473	16.856640	-96.594239
0.230078	18.338929	-99.217098
0.230684	19.829723	-101.417816
0.231289	21.113968	-103.545602
0.231895	22.346577	-105.246095
0.232500	23.644187	-106.145415
0.233105	24.665387	-106.956620
0.233711	25.796544	-107.391774
0.234316	26.700497	-107.323451
0.234922	27.576505	-106.862810
0.235527	28.365035	-105.938818
0.236133	29.075804	-104.688120
0.236738	29.635308	-102.982747
0.237344	30.073920	-100.866078
0.237949	30.415940	-98.389897
0.238555	30.521644	-95.745619
0.239160	30.578748	-92.408076
0.239766	30.497951	-88.859055
0.240371	30.344255	-85.165255
0.240977	30.041722	-80.799065
0.241582	29.672972	-76.157141
0.242187	29.083702	-71.422493
0.242793	28.403307	-66.383914
0.243398	27.577720	-61.058757
0.244004	26.634887	-55.534052
0.244609	25.519526	-49.813866
0.245215	24.389584	-43.917178
0.245820	23.185528	-37.803319
0.246426	21.830205	-31.526515
0.247031	20.483995	-25.286041
0.247637	18.990771	-18.904040
0.248242	17.374833	-12.231394
0.248848	15.838477	-5.830143
0.249453	14.101647	0.637533
0.250059	12.336873	7.365760
0.250664	10.525929	13.873021
0.251270	8.711340	20.263698
0.251875	6.923481	26.697483
0.252480	4.975850	33.018481
0.253086	3.232338	39.182227
0.253691	1.326624	45.117143
0.254297	-0.546892	50.918667
0.254902	-2.411296	56.562938
0.255508	-4.376544	61.838208
0.256113	-6.169263	66.813886
0.256719	-7.941327	71.991280
0.257324	-9.770496	76.560271
0.257930	-11.357274	80.812047
0.258535	-12.918538	84.932056
0.259141	-14.513214	88.668152
0.259746	-15.980315	92.038501
0.260352	-17.406107	95.101124
0.260957	-18.771150	97.769803
0.261562	-20.096705	100.128316
0.262168	-21.413755	102.049504
0.262773	-22.476872	103.607386
0.263379	-23.519942	104.868386
0.263984	-24.394736	105.841723
0.264590	-25.274997	106.088718
0.265195	-26.065956	106.238921
0.265801	-26.659479	106.173038
0.266406	-27.302209	105.339872
0.267012	-27.825263	104.238022
0.267617	-28.246257	102.795910
0.268223	-28.539678	100.996185
0.268828	-28.764451	98.758866
0.269434	-28.824593	96.241474
0.270039	-28.786928	93.401987
0.270645	-28.715244	90.165573
0.271250	-28.545753	86.573986
0.271855	-28.264482	82.667894
0.272461	-28.005082	78.608346
0.273066	-27.540347	74.060232
0.273672	-26.926170	69.209271
0.274277	-26.246382	64.443444
0.274883	-25.544117	59.219958
0.275488	-24.614042	53.793400
0.276094	-23.659059	48.213657
0.276699	-22.653046	42.406982
0.277305	-21.572919	36.445496
0.277910	-20.447837	30.274972
0.278516	-19.257754	24.052935
0.279121	-17.898786	17.774774
0.279727	-16.531314	11.319028
0.280332	-15.029585	4.783570
0.280938	-13.550333	-1.486999
0.281543	-12.001220	-7.914277
0.282148	-10.315420	-14.513991
0.282754	-8.711632	-20.810588
0.283359	-7.061674	-27.029372
0.283965	-5.392276	-33.313226
0.284570	-3.695541	-39.380722
0.285176	-1.982404	-45.375286
0.285781	-0.220059	-51.134514
0.286387	1.630372	-56.747605
0.286992	3.368417	-62.131597
0.287598	5.124686	-67.297604
0.288203	6.820814	-72.197096
0.288809	8.574653	-77.047514
0.289414	10.202134	-81.428345
0.290020	11.706900	-85.390288
0.290625	13.403635	-89.333252
0.291230	14.952141	-92.838351
0.291836	16.503077	-95.863558
0.292441	17.999946	-98.633909
0.293047	19.416626	-101.040682
0.293652	20.773771	-103.102855
0.294258	22.087784	-104.728789
0.294863	23.255997	-106.018529
0.295469	24.318507	-106.903750
0.296074	25.358539	-107.448168
0.296680	26.366982	-107.363849
0.297285	27.271543	-107.022503
0.297891	28.119606	-106.392138
0.298496	28.796964	-104.930235
0.299102	29.355860	-103.347952
0.299707	29.853399	-101.443573
0.300312	30.124342	-99.059032
0.300918	30.307805	-96.293020
0.301523	30.377667	-93.221992
0.302129	30.367340	-89.760274
0.302734	30.230046	-85.937688
0.303340	29.923868	-81.804937
0.303945	29.553296	-77.331653
0.304551	28.993793	-72.694881
0.305156	28.377185	-67.627292
0.305762	27.555851	-62.290747
0.306367	26.665870	-56.983484
0.306973	25.594248	-51.227238
0.307578	24.472203	-45.198784
0.308184	23.309457	-39.227808
0.308789	22.062269	-33.086837
0.309395	20.692366	-26.693448
0.310000	19.338866	-20.258849
0.310605	17.741761	-13.777346
0.311211	16.143440	-7.288251
0.311816	14.389600	-0.698568
0.312422	12.702585	5.876473
0.313027	10.933558	12.330322
0.313633	9.171214	18.750823
0.314238	7.417374	25.379547
0.314844	5.496474	31.536514
0.315449	3.778476	37.597504
0.316055	1.907390	43.867530
0.316660	-0.050568	49.624589
0.317266	-1.891887	55.303293
0.317871	-3.834658	60.640922
0.318477	-5.685696	65.860070
0.319082	-7.461406	70.764713
0.319688	-9.175758	75.473604
0.320293	-10.774079	79.890766
0.320898	-12.385157	84.043038
0.321504	-13.996842	87.870232
0.322109	-15.497356	91.123456
0.322715	-17.040395	94.354176
0.323320	-18.488664	97.185259
0.323926	-19.679356	99.437761
0.324531	-20.960564	101.568258
0.325137	-22.060738	103.303726
0.325742	-23.024833	104.654740
0.326348	-24.035706	105.606930
0.326953	-24.942697	106.186052
0.327559	-25.653466	106.360385
0.328164	-26.352694	106.070553
0.328770	-27.060426	105.443713
0.329375	-27.567077	104.486101
0.329980	-28.005689	103.167351
0.330586	-28.350746	101.358408
0.331191	-28.666037	99.108887
0.331797	-28.762021	96.923895
0.332402	-28.738329	94.087118
0.333008	-28.637484	90.849078
0.333613	-28.563370	87.407965
0.334219	-28.351354	83.584295
0.334824	-28.042139	79.472420
0.335430	-27.631472	75.072611
0.336035	-27.098698	70.434483
0.336641	-26.457183	65.513844
0.337246	-25.705104	60.309066
0.337852	-24.956062	54.890099
0.338457	-24.066081	49.387084
0.339062	-23.108668	43.652529
0.339668	-22.135460	37.447301
0.340273	-20.964816	31.603753
0.340879	-19.792957	25.564996
0.341484	-18.519039	19.067767
0.342090	-17.106005	12.743245
0.342695	-15.658950	6.349586
0.343301	-14.174839	-0.043803
0.343906	-12.564976	-6.506599
0.344512	-11.032872	-12.982951
0.345117	-9.444271	-19.357089
0.345723	-7.788238	-25.684865
0.346328	-6.096363	-31.984715
0.346934	-4.363786	-38.166626
0.347539	-2.613592	-43.925854
0.348145	-0.915034	-49.945633
0.348750	0.954230	-55.716790
0.349355	2.788866	-60.833452
0.349961	4.471021	-66.119839
0.350566	6.207243	-71.141337
0.351172	7.927063	-75.911502
0.351777	9.723427	-80.401867
0.352383	11.260998	-84.585048
0.352988	12.857497	-88.437728
0.353594	14.503810	-91.990002
0.354199	16.162272	-95.191169
0.354805	17.523670	-98.045569
0.355410	19.032081	-100.655414
0.356016	20.328477	-102.668785
0.356621	21.579917	-104.427570
0.357227	22.965615	-105.916857
0.357832	24.062751	-106.787167
0.358438	25.133159	-107.281427
0.359043	26.257025	-107.434070
0.359648	27.194391	-107.124446
0.360254	28.034557	-106.386716
0.360859	28.786637	-105.270496
0.361465	29.358290	-103.816184
0.362070	29.858866	-101.942984
0.362676	30.222756	-99.613482
0.363281	30.472437	-96.842318
0.363887	30.637068	-93.961348
0.364492	30.669265	-90.648749
0.365098	30.584823	-86.657253
0.365703	30.343040	-82.669282
0.366309	30.033217	-78.387141
0.366914	29.475536	-73.687196
0.367520	28.823086	-68.673561
0.368125	28.065539	-63.515959
0.368730	27.167053	-58.123834
0.369336	26.188986	-52.427507
0.369941	25.098531	-46.576368
0.370547	23.919382	-40.625726
0.371152	22.657614	-34.485026
0.371758	21.282852	-28.072930
0.372363	19.806638	-21.684693
0.372969	18.355331	-15.385928
0.373574	16.698691	-8.703521
0.374180	14.930271	-2.093504
0.374785	13.217742	4.376070
0.375391	11.473622	10.882517
0.375996	9.707632	17.388151
0.376602	7.875426	23.821665
0.377207	6.076632	30.210715
0.377812	4.176993	36.386391
0.378418	2.333852	42.435179
0.379023	0.408699	48.335934
0.379629	-1.518885	53.944688
0.380234	-3.397868	59.403781
0.380840	-5.292647	64.724058
0.381445	-7.127283	69.546550
0.382051	-8.845281	74.319156
0.382656	-10.625850	78.901974
0.383262	-12.212021	83.101965
0.383867	-13.851651	86.908011
0.384473	-15.468197	90.438324
0.385078	-16.866044	93.692903
0.385684	-18.308846	96.490366
0.386289	-19.635008	99.013994
0.386895	-20.962386	101.152624
0.387500	-22.098403	102.918187
0.388105	-23.141472	104.306345
0.388711	-24.141410	105.201056
0.389316	-25.084851	106.035849
0.389922	-25.846650	106.249224
0.390527	-26.552560	105.954782
0.391133	-27.221412	105.605845
0.391738	-27.825870	104.800605
0.392344	-28.259015	103.416785
0.392949	-28.573090	101.744218
0.393555	-28.812443	99.798628
0.394160	-28.989224	97.435507
0.394766	-28.971607	94.667867
0.395371	-29.014132	91.591417
0.395977	-28.828845	88.227303
0.396582	-28.678794	84.523742
0.397187	-28.272380	80.344086
0.397793	-27.913350	76.018836
0.398398	-27.387866	71.630414
0.399004	-26.757893	66.545473
0.399609	-25.995486	61.401698
0.400215	-25.184480	56.221863
0.400820	-24.231927	50.788798
0.401426	-23.295169	44.973990
0.402031	-22.222332	39.074319
0.402637	-21.043183	33.074875
0.403242	-19.941794	26.837926
0.403848	-18.566424	20.574678
0.404453	-17.205026	14.168275
0.405059	-15.792599	7.843753
0.405664	-14.332788	1.354929
0.406270	-12.773347	-5.225806
0.406875	-11.230308	-11.409615
0.407480	-9.498338	-17.778060
0.408086	-7.872680	-24.246549
0.408691	-6.144963	-30.446897
0.409297	-4.407526	-36.607118
0.409902	-2.735091	-42.643977
0.410508	-0.973354	-48.507859
0.411113	0.832730	-54.218013
0.411719	2.686807	-59.670870
0.412324	4.382327	-64.952648
0.412930	6.129484	-70.076360
0.413535	7.875426	-74.862793
0.414141	9.527206	-79.314387
0.414746	11.326000	-83.705791
0.415352	12.912171	-87.594531
0.415957	14.394460	-91.082548
0.416563	15.933246	-94.455066
0.417168	17.420395	-97.474309
0.417773	18.930629	-99.958895
0.418379	20.257400	-102.232274
0.418984	21.601180	-104.095442
0.419590	22.864163	-105.528335
0.420195	23.919382	-106.567014
0.420801	25.057222	-107.201445
0.421406	26.085711	-107.447626
0.422012	27.014572	-107.336736
0.422617	27.826186	-106.539630
0.423223	28.600743	-105.592863
0.423828	29.184546	-104.426756
0.424434	29.705170	-102.374072
0.425039	30.098219	-100.148953
0.425645	30.328460	-97.600925
0.426250	30.526504	-94.681726
0.426855	30.429304	-91.372380
0.427461	30.380097	-87.681833
0.428066	30.120697	-83.758118
0.428672	29.767134	-79.451305
0.429277	29.276885	-74.821853
0.429883	28.647520	-69.871118
0.430488	27.942218	-64.861279
0.431094	27.077144	-59.569199
0.431699	26.052907	-53.734327
0.432305	25.017734	-48.056708
0.432910	23.858633	-42.136161
0.433516	22.566490	-35.891891
0.434121	21.216635	-29.612375
0.434727	19.741028	-23.286768
0.435332	18.289722	-16.858134
0.435937	16.749113	-10.294480
0.436543	15.054808	-3.731910
0.437148	13.378120	2.824153
0.437754	11.620028	9.353917
0.438359	9.846141	15.921367
0.438965	8.065572	22.274629
0.439570	6.099717	28.454642
0.440176	4.238958	34.983321
0.440781	2.452314	41.162521
0.441387	0.589732	46.904125
0.441992	-1.286214	52.651966
0.442598	-3.153048	58.221135
0.443203	-5.091566	63.519452
0.443809	-6.902510	68.528207
0.444414	-8.647845	73.319520
0.445020	-10.348224	77.887155
0.445625	-12.021875	82.154384
0.446230	-13.533931	86.054240
0.446836	-15.049025	89.659654
0.447441	-16.508229	93.091278
0.448047	-17.826494	95.885488
0.448652	-19.197612	98.452495
0.449258	-20.558402	100.792842
0.449863	-21.652501	102.623204
0.450469	-22.795200	104.060435
0.451074	-23.768408	105.167166
0.451680	-24.553292	105.939328
0.452285	-25.426263	106.284199
0.452891	-26.148575	106.215333
0.453496	-26.707471	105.854195
0.454102	-27.335014	105.012082
0.454707	-27.786383	103.749455
0.455313	-28.192190	102.096951
0.455918	-28.469816	100.354434
0.456523	-28.780853	97.871475
0.457129	-28.686084	95.146944
0.457734	-28.651457	92.466336
0.458340	-28.559117	89.079719
0.458945	-28.270557	85.411946
0.459551	-28.041531	81.414214
0.460156	-27.689791	77.196601
0.460762	-27.200150	72.604022
0.461367	-26.655227	67.753333
0.461973	-25.941419	62.669205
0.462578	-25.229435	57.415896
0.463184	-24.301789	52.012654
0.463789	-23.366853	46.125185
0.464395	-22.277614	40.431027
0.465000	-21.106970	34.556842
0.465605	-19.961841	28.132817
0.466211	-18.733485	21.939519
0.466816	-17.381807	15.671119
0.467422	-16.073870	9.234893
0.468027	-14.612843	2.819002
0.468633	-13.067374	-3.619122
0.469238	-11.560178	-10.043961
0.469844	-9.927230	-16.526007
0.470449	-8.252365	-22.853511
0.471055	-6.613342	-29.155531
0.471660	-4.891092	-35.269932
0.472266	-3.173702	-41.471363
0.472871	-1.481827	-47.352868
0.473477	0.217945	-52.930714
0.474082	2.013702	-58.569020
0.474687	3.738989	-63.949216
0.475293	5.525633	-68.965291
0.475898	7.304988	-73.822759
0.476504	8.995648	-78.445161
0.477109	10.573314	-82.783968
0.477715	12.172242	-86.753231
0.478320	13.745655	-90.513729
0.478926	15.264394	-93.956468
0.479531	16.752758	-97.021531
0.480137	18.253272	-99.528891
0.480742	19.620744	-101.872492
0.481348	20.982749	-103.968285
0.481953	22.233582	-105.263989
0.482559	23.385394	-106.342251
0.483164	24.517766	-107.214459
0.483770	25.515881	-107.537639
0.484375	26.440489	-107.428647
0.484980	27.303740	-106.895345
0.485586	28.118999	-105.984638
0.486191	28.751402	-104.663990
0.486797	29.273240	-102.882973
0.487402	29.718535	-100.798025
0.488008	30.042330	-98.356549
0.488613	30.222148	-95.542005
0.489219	30.229438	-92.115533
0.489824	30.177194	-88.716986
0.490430	29.996160	-84.755314
0.491035	29.681477	-80.380720
0.491641	29.281138	-75.879239
0.492246	28.680932	-71.091992
0.492852	28.027875	-66.015185
0.493457	27.193176	-60.637158
0.494063	26.207211	-55.085070
0.494668	25.204235	-49.356208
0.495273	24.102239	-43.419393
0.495879	22.806451	-37.259172
0.496484	21.527673	-31.082142
0.497090	20.166275	-24.756535
0.497695	18.702819	-18.167666
0.498301	17.132443	-11.770211
0.498906	15.542019	-5.381703
0.499512	13.877482	1.406172
0.500117	12.171634	7.967657
0.500723	10.392280	14.388429
0.501328	8.594701	20.859630
0.501934	6.828104	27.306700
0.502539	5.023842	33.606822
0.503145	3.197103	39.698719
0.503750	1.288960	45.647463
0.504355	-0.497077	51.506736
0.504961	-2.436203	57.067229
0.505566	-4.299999	62.224290
0.506172	-6.216647	67.396262
0.506777	-8.038527	72.341845
0.507383	-9.641100	76.827600
0.507988	-11.269188	81.130889
0.508594	-12.846853	85.277197
0.509199	-14.412369	89.011938
0.509805	-15.883724	92.331858
0.510410	-17.322880	95.324260
0.511016	-18.676988	97.994565
0.511621	-20.015908	100.282314
0.512227	-21.164682	102.223295
0.512832	-22.299484	103.718547
0.513437	-23.375358	105.016691
0.514043	-24.230104	105.785872
0.514648	-25.059336	106.106070
0.515254	-25.869735	106.370687
0.515859	-26.444426	105.987317
0.516465	-27.133933	105.147645
0.517070	-27.674604	104.060435
0.517676	-28.130833	102.600429
0.518281	-28.452198	100.742413
0.518887	-28.613185	98.515125
0.519492	-28.743189	95.950829
0.520098	-28.729824	93.085042
0.520703	-28.673934	89.795759
0.521309	-28.481966	86.178415
0.521914	-28.236537	82.331971
0.522520	-27.923677	78.107037
0.523125	-27.438288	73.462945
0.523730	-26.989957	68.848676
0.524336	-26.361806	63.950268
0.524941	-25.580567	58.567633
0.525547	-24.795683	53.170356
0.526152	-23.823690	47.517409
0.526758	-22.752068	41.746523
0.527363	-21.719325	35.743554
0.527969	-20.558402	29.615868
0.528574	-19.435142	23.368887
0.529180	-18.110195	17.015897
0.529785	-16.796182	10.531953
0.530391	-15.258003	4.125551
0.530996	-13.790902	-2.150983
0.531602	-12.159776	-8.663666
0.532207	-10.528651	-15.247112
0.532813	-8.972247	-21.409773
0.533418	-7.327757	-27.741074
0.534023	-5.593357	-33.920002
0.534629	-3.903912	-40.080223
0.535234	-2.168905	-46.023545
0.535840	-0.398663	-51.736953
0.536445	1.333307	-57.370650
0.537051	3.189206	-62.743525
0.537656	4.951550	-67.839582
0.538262	6.688987	-72.779471
0.538867	8.420957	-77.571327
0.539473	10.010773	-81.927214
0.540078	11.573251	-85.936333
0.540684	13.312511	-89.888244
0.541289	14.880457	-93.185661
0.541895	16.448403	-96.261027
0.542500	17.923402	-98.982846
0.543105	19.339474	-101.346239
0.543711	20.700871	-103.358797
0.544316	22.132738	-104.938097
0.544922	23.237165	-106.215907
0.545527	24.367107	-107.061002
0.546133	25.505553	-107.421327
0.546738	26.418619	-107.397468
0.547344	27.365097	-107.093537
0.547949	28.129326	-106.269590
0.548555	28.894163	-104.838323
0.549160	29.505911	-103.275290
0.549766	29.939056	-101.343257
0.550371	30.278646	-98.889308
0.550977	30.434164	-96.018099
0.551582	30.516784	-92.938938
0.552187	30.524074	-89.459596
0.552793	30.367947	-85.557030
0.553398	30.122519	-81.375747
0.554004	29.770172	-76.945843
0.554609	29.200948	-72.263793
0.555215	28.536956	-67.140623
0.555820	27.700435	-61.871588
0.556426	26.716292	-56.605536
0.557031	25.720607	-50.682549
0.557637	24.593095	-44.596887
0.558242	23.350767	-38.749544
0.558848	22.127271	-32.520729
0.559453	20.720311	-26.119207
0.560059	19.303632	-19.650446
0.560664	17.772743	-13.212593
0.561270	16.086335	-6.733259
0.561875	14.358011	-0.158488
0.562480	12.626648	6.413842
0.563086	10.858229	12.865251
0.563691	9.138409	19.354075
0.564297	7.287370	25.910409
0.564902	5.494651	32.062225
0.565508	3.652117	38.153580
0.566113	1.686869	44.336305
0.566719	-0.249219	50.202356
0.567324	-2.106333	55.702931
0.567930	-4.087983	61.068757
0.568535	-5.970612	66.215514
0.569141	-7.738424	71.140221
0.569746	-9.475861	75.783500
0.570352	-11.125819	80.226418
0.570957	-12.730214	84.310367
0.571562	-14.309095	88.076829
0.572168	-15.793814	91.389158
0.572773	-17.262738	94.642653
0.573379	-18.629603	97.389415
0.573984	-19.981281	99.554074
0.574590	-21.266741	101.715479
0.575195	-22.342008	103.352800
0.575801	-23.392976	104.682666
0.576406	-24.313331	105.563550
0.577012	-25.147423	106.124506
0.577617	-25.948102	106.252748
0.578223	-26.710509	105.931737
0.578828	-27.303424	105.316826
0.579434	-27.827085	104.288993
0.580039	-28.302754	102.931472
0.580645	-28.676364	101.010013
0.581250	-28.899315	98.868942
0.581855	-29.015954	96.606679
0.582461	-28.975859	93.673382
0.583066	-28.853145	90.417176
0.583672	-28.721319	87.021612
0.584277	-28.497153	83.192791
0.584883	-28.249295	78.984396
0.585488	-27.781523	74.597601
0.586094	-27.237207	69.879220
0.586699	-26.548915	65.004401
0.587305	-25.807770	59.751905
0.587910	-24.948772	54.357882
0.588516	-24.040566	48.846462
0.589121	-23.043666	43.027315
0.589727	-22.032186	36.910745
0.590332	-20.935656	31.037645
0.590938	-19.647158	24.919720
0.591543	-18.324641	18.448790
0.592148	-16.918896	12.061638
0.592754	-15.420204	5.751214
0.593359	-13.964645	-0.671727
0.593965	-12.425252	-7.101988
0.594570	-10.794734	-13.571291
0.595176	-9.151458	-19.963595
0.595781	-7.513043	-26.273748
0.596387	-5.809625	-32.570887
0.596992	-4.068543	-38.644348
0.597598	-2.335966	-44.518261
0.598203	-0.583949	-50.575184
0.598809	1.205125	-56.188547
0.599414	3.096866	-61.368110
0.600020	4.758974	-66.584547
0.600625	6.540758	-71.620956
0.601230	8.266653	-76.375125
0.601836	9.970678	-80.815332
0.602441	11.564139	-84.957031
0.603047	13.194657	-88.798324
0.603652	14.807557	-92.331077
0.604258	16.349381	-95.483442
0.604863	17.798258	-98.343806
0.605469	19.253817	-100.872313
0.606074	20.559325	-102.840678
0.606680	21.811373	-104.692458
0.607285	23.116881	-106.093630
0.607891	24.250468	-106.798283
0.608496	25.286247	-107.360324
0.609102	26.372449	-107.413464
0.609707	27.235700	-107.095978
0.610313	28.007827	-106.360417
0.610918	28.824909	-105.200817
0.611523	29.379552	-103.702040
0.612129	29.894708	-101.737743
0.612734	30.191166	-99.425864
0.613340	30.395892	-96.731699
0.613945	30.485801	-93.822262
0.614551	30.521036	-90.245586
0.615156	30.317525	-86.431135
0.615762	30.155324	-82.452924
0.616367	29.710030	-78.032510
0.616973	29.205201	-73.222489
0.617578	28.557611	-68.291276
0.618184	27.776979	-63.125539
0.618789	26.825034	-57.645299
0.619395	25.822666	-51.968493
0.620000	24.742539	-46.153956
0.620605	23.544558	-40.131195
0.621211	22.229937	-33.924340
0.621816	20.906812	-27.539357
0.622422	19.385643	-21.301323
0.623027	17.937374	-14.821989
0.623633	16.362746	-8.037910
0.624238	14.547549	-1.614156
0.624844	12.766980	4.858129
0.625449	11.081787	11.448896
0.626055	9.343135	17.939889
0.626660	7.535836	24.367710
0.627266	5.710312	30.678134
0.627871	3.800346	36.911288
0.628477	1.944447	42.990714
0.629082	0.061211	48.832634
0.629687	-1.856045	54.407226
0.630293	-3.762366	59.880418
0.630898	-5.628592	65.103903
0.631504	-7.342337	69.941579
0.632109	-9.128373	74.807451
0.632715	-10.884643	79.300256
0.633320	-12.459271	83.377698
0.633926	-14.138389	87.225769
0.634531	-15.562358	90.803800
0.635137	-17.041003	93.923088
0.635742	-18.437027	96.729769
0.636348	-19.750433	99.209475
0.636953	-21.026781	101.319908
0.637559	-22.147610	103.038838
0.638164	-23.204044	104.361112
0.638770	-24.190617	105.271820
0.639375	-25.058121	106.105799
0.639980	-25.963289	106.136978
0.640586	-26.524007	105.908691
0.641191	-27.138793	105.593916
0.641797	-27.746896	104.621121
0.642402	-28.124758	103.304540
0.643008	-28.475891	101.599166
0.643613	-28.719496	99.552718
0.644219	-28.839780	97.199086
0.644824	-28.864688	94.381560
0.645430	-28.803938	91.324901
0.646035	-28.737114	87.859658
0.646641	-28.514163	84.153386
0.647246	-28.144198	79.907846
0.647852	-27.769981	75.650377
0.648457	-27.367819	71.107143
0.649062	-26.646722	66.023016
0.649668	-25.844827	60.943497
0.650273	-25.088496	55.697779
0.650879	-24.213702	50.185817
0.651484	-23.258719	44.397850
0.652090	-22.154292	38.474592
0.652695	-21.012808	32.469183
0.653301	-19.849454	26.297304
0.653906	-18.523292	19.973052
0.654512	-17.231149	13.535742
0.655117	-15.756757	7.211762
0.655723	-14.318208	0.768758
0.656328	-12.797646	-5.867016
0.656934	-11.218766	-12.035642
0.657539	-9.591285	-18.434181
0.658145	-7.935252	-24.893453
0.658750	-6.250060	-31.108441
0.659355	-4.496828	-37.261070
0.659961	-2.758175	-43.237740
0.660566	-1.019523	-49.113009
0.661172	0.803571	-54.723661
0.661777	2.544045	-60.252975
0.662383	4.348307	-65.444468
0.662988	6.038360	-70.580380
0.663594	7.826219	-75.313944
0.664199	9.431829	-79.764996
0.664805	11.120667	-84.178632
0.665410	12.838664	-87.972207
0.666016	14.297869	-91.422267
0.666621	15.857917	-94.790718
0.667227	17.335346	-97.726997
0.667832	18.748988	-100.212667
0.668438	20.197865	-102.369734
0.669043	21.514915	-104.265979
0.669648	22.759674	-105.665253
0.670254	23.945505	-106.595753
0.670859	24.980677	-107.255399
0.671465	26.029822	-107.476094
0.672070	26.984197	-107.364391
0.672676	27.755717	-106.549390
0.673281	28.495646	-105.562497
0.673887	29.153564	-104.289838
0.674492	29.719750	-102.253422
0.675098	30.041722	-99.909279
0.675703	30.324815	-97.355015
0.676309	30.488839	-94.394063
0.676914	30.513746	-91.042693
0.677520	30.408042	-87.330455
0.678125	30.180839	-83.339231
0.678730	29.809659	-79.031333
0.679336	29.344317	-74.391307
0.679941	28.700980	-69.377672
0.680547	27.972593	-64.358072
0.681152	27.115416	-59.029932
0.681758	26.092394	-53.130533
0.682363	25.042034	-47.458878
0.682969	23.887185	-41.623464
0.683574	22.665512	-35.322259
0.684180	21.253085	-29.019968
0.684785	19.765936	-22.636341
0.685391	18.292152	-16.255153
0.685996	16.711448	-9.670080
0.686602	15.095510	-3.108866
0.687207	13.307043	3.428761
0.687813	11.647973	9.965303
0.688418	9.764130	16.468496
0.689023	7.982345	22.937257
0.689629	6.047472	29.053014
0.690234	4.155731	35.454535
0.690840	2.381844	41.691756
0.691445	0.519263	47.461829
0.692051	-1.424115	53.150835
0.692656	-3.287304	58.671202
0.693262	-5.129838	63.935357
0.693867	-7.014897	68.966344
0.694473	-8.803971	73.732714
0.695078	-10.536548	78.192712
0.695684	-12.156131	82.427136
0.696289	-13.755059	86.389079
0.696895	-15.293845	89.909089
0.697500	-16.773097	93.232263
0.698105	-18.208001	95.995835
0.698711	-19.602204	98.420231
0.699316	-20.785605	100.919457
0.699922	-22.052841	102.666042
0.700527	-23.095303	104.033323
0.701133	-24.064258	105.179637
0.701738	-24.962744	105.929026
0.702344	-25.774966	106.172495
0.702949	-26.476623	106.103359
0.703555	-27.117531	105.687182
0.704160	-27.691614	104.865946
0.704766	-28.234715	103.566175
0.705371	-28.602250	101.848872
0.705977	-28.864688	99.985162
0.706582	-29.190913	97.716392
0.707187	-29.125911	94.830271
0.707793	-29.027496	91.916766
0.708398	-28.942447	88.711532
0.709004	-28.682439	85.023424
0.709609	-28.376261	80.993429
0.710215	-28.018446	76.672788
0.710820	-27.588340	72.117082
0.711426	-26.960797	67.261513
0.712031	-26.233017	62.153797
0.712637	-25.399533	56.834604
0.713242	-24.575162	51.474472
0.713848	-23.591019	45.692470
0.714453	-22.493882	39.726103
0.715059	-21.323238	34.003477
0.715664	-20.187829	27.722063
0.716270	-19.001391	21.382629
0.716875	-17.579244	15.115314
0.717480	-16.218454	8.634894
0.718086	-14.741632	2.262925
0.718691	-13.187658	-4.155406
0.719297	-11.482419	-10.594886
0.719902	-9.915080	-17.025147
0.720508	-8.194653	-23.362954
0.721113	-6.557452	-29.643013
0.721719	-4.815763	-35.776663
0.722324	-3.159123	-41.866934
0.722930	-1.254017	-47.900269
0.723535	0.510758	-53.351228
0.724141	2.140668	-58.863733
0.724746	4.022689	-64.328790
0.725352	5.778959	-69.400175
0.725957	7.492096	-74.206942
0.726562	9.227103	-78.768613
0.727168	10.833322	-83.091152
0.727773	12.454120	-87.059602
0.728379	14.040290	-90.742016
0.728984	15.580292	-94.093386
0.729590	17.130620	-97.119407
0.730195	18.543047	-99.734404
0.730801	19.977952	-101.879812
0.731406	21.371546	-103.957711
0.732012	22.598687	-105.497427
0.732617	23.785733	-106.380751
0.733223	24.868290	-107.101942
0.733828	25.898603	-107.474467
0.734434	26.812884	-107.324807
0.735039	27.630573	-106.767646
0.735645	28.467094	-105.772347
0.736250	29.086739	-104.458749
0.736855	29.646850	-102.681528
0.737461	30.036862	-100.514158
0.738066	30.316310	-97.975619
0.738672	30.429912	-95.221807
0.739277	30.471829	-91.818922
0.739883	30.332105	-88.244145
0.740488	30.158969	-84.474158
0.741094	29.867371	-79.988673
0.741699	29.447592	-75.413989
0.742305	28.834021	-70.576856
0.742910	28.094699	-65.513062
0.743516	27.228411	-60.086775
0.744121	26.228473	-54.577253
0.744727	25.182366	-48.854085
0.745332	24.021442	-42.882567
0.745938	22.722616	-36.779282
0.746543	21.460241	-30.451777
0.747148	20.050851	-24.231095
0.747754	18.580712	-17.804359
0.748359	16.812900	-11.136593
0.748965	15.292946	-4.746729
0.749570	13.675793	1.827228
0.750176	11.836297	8.504484
0.750781	10.100682	14.974329
0.751387	8.253896	21.378562
0.751992	6.455101	27.748362
0.752598	4.632007	34.098913
0.753203	2.721434	40.237986
0.753809	0.883760	46.138741
0.754414	-1.012233	51.873838
0.755020	-2.891217	57.516754
0.755625	-4.781743	62.774943
0.756230	-6.589650	67.693414
0.756836	-8.490503	72.617307
0.757441	-10.266820	77.358462
0.758047	-11.850561	81.514802
0.758652	-13.382665	85.481354
0.759258	-14.891683	89.217450
0.759863	-16.438367	92.489110
0.760469	-17.841074	95.508082
0.761074	-19.224949	98.140973
0.761680	-20.536532	100.341420
0.762285	-21.742410	102.272369
0.762891	-22.820107	103.751353
0.763496	-23.856495	104.890347
0.764102	-24.764093	105.831963
0.764707	-25.504630	106.171682
0.765312	-26.242737	106.013074
0.765918	-26.923132	105.815424
0.766523	-27.494785	105.073085
0.767129	-28.054896	103.875528
0.767734	-28.496545	102.336354
0.768340	-28.810621	100.452310
0.768945	-28.951560	98.246982
0.769551	-28.960672	95.620057
0.770156	-28.940625	92.692183
0.770762	-28.838565	89.469325
0.771367	-28.635662	85.821886
0.771973	-28.330092	81.755560
0.772578	-28.054289	77.617386
0.773184	-27.650912	73.216763
0.773789	-27.015471	68.206653
0.774395	-26.344796	63.254563
0.775000	-25.572670	58.109974
0.775605	-24.662641	52.720289
0.776211	-23.717986	47.061920
0.776816	-22.724731	41.201020
0.777422	-21.607546	35.245498
0.778027	-20.461810	29.079313
0.778633	-19.249856	22.819318
0.779238	-17.952246	16.401257
0.779844	-16.547109	10.081886
0.780449	-15.047202	3.618006
0.781055	-13.541221	-2.923959
0.781660	-11.904020	-9.158197
0.782266	-10.292335	-15.586289
0.782871	-8.681257	-22.142894
0.783477	-6.977232	-28.337548
0.784082	-5.332134	-34.497227
0.784687	-3.583762	-40.592378
0.785293	-1.883382	-46.546815
0.785898	-0.055428	-52.274593
0.786504	1.709954	-57.865181
0.787109	3.536693	-63.162141
0.787715	5.275345	-68.315677
0.788320	7.073532	-73.148472
0.788926	8.677320	-77.797716
0.789531	10.389242	-82.372129
0.790137	12.071397	-86.156757
0.790742	13.503264	-89.834291
0.791348	15.116165	-93.384938
0.791953	16.639764	-96.495279
0.792559	18.122053	-99.136574
0.793164	19.564855	-101.456045
0.793770	20.940832	-103.479989
0.794375	22.174048	-105.043565
0.794980	23.329504	-106.265523
0.795586	24.401734	-107.035246
0.796191	25.467281	-107.511340
0.796797	26.360299	-107.498869
0.797402	27.231448	-106.872842
0.798008	28.188253	-106.095528
0.798613	28.858929	-104.943520
0.799219	29.408712	-103.081436
0.799824	29.838211	-101.018450
0.800430	30.132847	-98.621166
0.801035	30.357012	-95.817467
0.801641	30.367947	-92.687334
0.802246	30.396500	-89.099001
0.802852	30.205746	-85.226800
0.803457	29.890456	-81.015964
0.804063	29.497406	-76.529124
0.804668	28.965240	-71.700667
0.805273	28.251433	-66.800904
0.805879	27.506036	-61.436976
0.806484	26.486659	-55.784300
0.807090	25.429616	-50.311922
0.807695	24.347059	-44.326576
0.808301	23.119918	-38.112944
0.808906	21.835673	-31.898227
0.809512	20.438433	-25.563944
0.810117	18.982874	-19.176249
0.810723	17.425863	-12.649468
0.811328	15.806280	-6.134345
0.811934	14.115012	0.448288
0.812539	12.376360	6.965852
0.813145	10.623128	13.556076
0.813750	8.793959	19.983084
0.814355	6.961753	26.224642
0.814961	5.169033	32.745730
0.815566	3.339864	38.887515
0.816172	1.462703	44.690122
0.816777	-0.461235	50.588979
0.817383	-2.357228	56.177670
0.817988	-4.279952	61.529940
0.818594	-6.165010	66.605120
0.819199	-7.867820	71.574562
0.819805	-9.620445	76.205369
0.820410	-11.274048	80.503236
0.821016	-12.860826	84.599115
0.821621	-14.437884	88.362052
0.822227	-15.940221	91.819433
0.822832	-17.378770	94.677899
0.823438	-18.881714	97.352814
0.824043	-20.159277	100.001158
0.824648	-21.398568	101.874087
0.825254	-22.495097	103.411905
0.825859	-23.505970	104.699747
0.826465	-24.443335	105.642718
0.827070	-25.346681	106.086820
0.827676	-26.095723	106.143756
0.828281	-26.819250	105.886188
0.828887	-27.414596	105.273446
0.829492	-27.978352	104.164005
0.830098	-28.415749	102.607208
0.830703	-28.728609	100.894243
0.831309	-29.001374	98.785707
0.831914	-28.919362	96.150105
0.832520	-29.033571	93.318480
0.833125	-29.034179	90.202175
0.833730	-28.864080	86.623602
0.834336	-28.611970	82.699616
0.834941	-28.291212	78.531347
0.835547	-27.845310	74.123946
0.836152	-27.367211	69.368964
0.836758	-26.631534	64.392201
0.837363	-25.877632	59.197455
0.837969	-25.060551	53.877178
0.838574	-24.092810	48.198474
0.839180	-23.063713	42.367940
0.839785	-22.088075	36.545541
0.840391	-20.880374	30.294493
0.840996	-19.596129	24.102821
0.841602	-18.353800	17.917657
0.842207	-16.875156	11.494174
0.842812	-15.441467	5.073131
0.843418	-13.950065	-1.315919
0.844023	-12.409457	-7.722321
0.844629	-10.746134	-14.187557
0.845234	-9.116831	-20.602906
0.845840	-7.475986	-26.931767
0.846445	-5.739763	-33.076534
0.847051	-4.036346	-39.173583
0.847656	-2.219934	-45.328924
0.848262	-0.556612	-50.986751
0.848867	1.235500	-56.536942
0.849473	3.105979	-62.080625
0.850078	4.881688	-67.201626
0.850684	6.561413	-72.086206
0.851289	8.291560	-76.838206
0.851895	10.070915	-81.256452
0.852500	11.665590	-85.377545
0.853105	13.311903	-89.152954
0.853711	14.862232	-92.668355
0.854316	16.467235	-95.885791
0.854922	17.933122	-98.669426
0.855527	19.332184	-100.938739
0.856133	20.681431	-103.208051
0.856738	21.969322	-104.940537
0.857344	23.228053	-105.917941
0.857949	24.350097	-106.922729
0.858555	25.479431	-107.409669
0.859160	26.503668	-107.472298
0.859766	27.368135	-107.097604
0.860371	28.148159	-106.276910
0.860977	28.827339	-105.117311
0.861582	29.499229	-103.555904
0.862187	29.877091	-101.596758
0.862793	30.182661	-99.241770
0.863398	30.415332	-96.562789
0.864004	30.482157	-93.349691
0.864609	30.497951	-89.953314
0.865215	30.390425	-86.314823
0.865820	30.066022	-82.000146
0.866426	29.694842	-77.581901
0.867031	29.129264	-72.912594
0.867637	28.496861	-67.865068
0.868242	27.588655	-62.689571
0.868848	26.699282	-57.234274
0.869453	25.671400	-51.560450
0.870059	24.581553	-45.674065
0.870664	23.381141	-39.600875
0.871270	22.114513	-33.385616
0.871875	20.711806	-27.196385
0.872480	19.236807	-20.769106
0.873086	17.637879	-14.094019
0.873691	16.101523	-7.793085
0.874297	14.390815	-1.235937
0.874902	12.641836	5.549497
0.875508	10.887389	11.967557
0.876113	9.129297	18.408392
0.876719	7.368167	24.870917
0.877324	5.468529	31.251020
0.877930	3.599873	37.401210
0.878535	1.661354	43.393062
0.879141	-0.206694	49.205973
0.879746	-2.103903	54.954356
0.880352	-4.059431	60.306626
0.880957	-5.829065	65.340053
0.881563	-7.675852	70.459156
0.882168	-9.417541	75.188381
0.882773	-11.098481	79.420364
0.883379	-12.681615	83.634453
0.883984	-14.272038	87.526717
0.884590	-15.804142	90.996841
0.885195	-17.270028	94.074918
0.885801	-18.657548	96.891631
0.886406	-19.967916	99.361847
0.887012	-21.171365	101.397992
0.887617	-22.308596	103.091978
0.888223	-23.365031	104.457633
0.888828	-24.321836	105.454558
0.889434	-25.209387	105.844164
0.890039	-26.083573	106.036662
0.890645	-26.657049	106.116101
0.891250	-27.296134	105.390572
0.891855	-27.840450	104.347014
0.892461	-28.234715	103.096858
0.893066	-28.620474	101.348376
0.893672	-28.802723	99.233605
0.894277	-28.889595	96.848793
0.894883	-28.933942	94.042654
0.895488	-28.885950	90.971355
0.896094	-28.738329	87.471137
0.896699	-28.509303	83.593785
0.897305	-28.172143	79.602560
0.897910	-27.738391	75.220916
0.898516	-27.325294	70.298379
0.899121	-26.596907	65.593012
0.899727	-25.852725	60.520814
0.900332	-25.037466	55.119471
0.900937	-24.171177	49.544607
0.901543	-23.188857	43.785651
0.902148	-22.095973	37.852632
0.902754	-20.995798	31.764530
0.903359	-19.750433	25.593735
0.903965	-18.405437	19.278973
0.904570	-17.064695	12.898870
0.905176	-15.668670	6.431736
0.905781	-14.126847	-0.009641
0.906387	-12.651847	-6.322234
0.906992	-11.088154	-12.943367
0.907598	-9.361044	-19.335670
0.908203	-7.717769	-25.534120
0.908809	-6.035614	-31.756971
0.909414	-4.331589	-37.914209
0.910020	-2.560739	-43.885999
0.910625	-0.817835	-49.714092
0.911230	0.971239	-55.371919
0.911836	2.757884	-60.839417
0.912441	4.486816	-66.098962
0.913047	6.170794	-71.104464
0.913652	7.930101	-75.792208
0.914258	9.631695	-80.519535
0.914863	11.277401	-84.522418
0.915469	12.931611	-88.307046
0.916074	14.415723	-92.136138
0.916680	15.960584	-95.319954
0.917285	17.445910	-98.127720
0.917891	18.867450	-100.593868
0.918496	20.220342	-102.802720
0.919102	21.503980	-104.577773
0.919707	22.694672	-105.929600
0.920312	23.898728	-106.893719
0.920918	24.949087	-107.497242
0.921523	25.957530	-107.639853
0.922129	26.911298	-107.312335
0.922734	27.807961	-106.782015
0.923340	28.523591	-105.554906
0.923945	29.063654	-103.952559
0.924551	29.539931	-102.169916
0.925156	29.895923	-99.993599
0.925762	30.182054	-97.263917
0.926367	30.293225	-94.232744
0.926973	30.259813	-90.867817
0.927578	30.165651	-87.174559
0.928184	29.933588	-83.088440
0.928789	29.572128	-78.689445
0.929395	29.047860	-74.073549
0.930000	28.424569	-69.214455
0.930605	27.640293	-63.920477
0.931211	26.802556	-58.567665
0.931816	25.716962	-53.113452
0.932422	24.703659	-46.998238
0.933027	23.546380	-40.990660
0.933633	22.265780	-34.919910
0.934238	20.924430	-28.564208
0.934844	19.471908	-22.173260
0.935449	17.987796	-15.729171
0.936055	16.324474	-9.210795
0.936660	14.680591	-2.627891
0.937266	12.965631	3.901602
0.937871	11.268896	10.443566
0.938477	9.483467	16.864338
0.939082	7.646400	23.325236
0.939688	5.914430	29.877774
0.940293	4.080401	35.864747
0.940898	2.066554	41.919229
0.941504	0.202150	47.985641
0.942109	-1.618514	53.608222
0.942715	-3.465908	59.070840
0.943320	-5.348536	64.333910
0.943926	-7.169808	69.386045
0.944531	-8.916965	74.061859
0.945137	-10.587578	78.537854
0.945742	-12.250293	82.765228
0.946348	-13.824314	86.736389
0.946953	-15.319968	90.205428
0.947559	-16.663140	93.298417
0.948164	-18.173982	96.357244
0.948770	-19.482527	98.896597
0.949375	-20.723640	100.839475
0.949980	-21.868769	102.754970
0.950586	-22.905764	104.165631
0.951191	-23.991966	105.223017
0.951797	-24.782318	105.892424
0.952402	-25.556875	106.168700
0.953008	-26.272504	106.076517
0.953613	-26.992387	105.536437
0.954219	-27.500253	104.610005
0.954824	-27.955267	103.357951
0.955430	-28.365326	101.779193
0.956035	-28.619867	99.596369
0.956641	-28.799686	97.300487
0.957246	-28.921185	94.768454
0.957852	-28.762021	91.621241
0.958457	-28.659354	88.194497
0.959063	-28.440048	84.511541
0.959668	-28.136908	80.506218
0.960273	-27.797318	76.129997
0.960879	-27.274264	71.534978
0.961484	-26.660694	66.669919
0.962090	-25.960252	61.540513
0.962695	-25.196630	56.273648
0.963301	-24.287816	50.667876
0.963906	-23.340731	45.093284
0.964512	-22.299484	39.130713
0.965117	-21.172580	32.931721
0.965723	-19.981888	26.989756
0.966328	-18.776617	20.748197
0.966934	-17.426762	14.296246
0.967539	-16.127329	7.826401
0.968145	-14.573356	1.480460
0.968750	-13.125694	-4.961460
0.969355	-11.516438	-11.480107
0.969961	-9.901108	-17.799750
0.970566	-8.240215	-24.146233
0.971172	-6.613950	-30.484041
0.971777	-4.888662	-36.707434
0.972383	-3.237489	-42.745378
0.972988	-1.399816	-48.382057
0.973594	0.396549	-54.311822
0.974199	2.020992	-59.802637
0.974805	3.766326	-64.880529
0.975410	5.512268	-70.019152
0.976016	7.326250	-74.838391
0.976621	8.954945	-79.433953
0.977227	10.608548	-83.659700
0.977832	12.151587	-87.647129
0.978437	13.821592	-91.298092
0.979043	15.363416	-94.603371
0.979648	16.830517	-97.493559
0.980254	18.233832	-100.169830
0.980859	19.726448	-102.470322
0.981465	21.015554	-104.146685
0.982070	22.298584	-105.618620
0.982676	23.489883	-106.889923
0.983281	24.556038	-107.471756
0.983887	25.572985	-107.622230
0.984492	26.538296	-107.487753
0.985098	27.359022	-106.893990
0.985703	28.207693	-105.855583
0.986309	28.858321	-104.462545
0.986914	29.433619	-102.641130
0.987520	29.901998	-100.450986
0.988125	30.130417	-97.855510
0.988730	30.337573	-94.920858
0.989336	30.366732	-91.825429
0.989941	30.245233	-88.047309
0.990547	30.119482	-83.909948
0.991152	29.781714	-79.766351
0.991758	29.318803	-75.204681
0.992363	28.779954	-70.244457
0.992969	28.074652	-65.135657
0.993574	27.219906	-59.763595
0.994180	26.274643	-54.145352
0.994785	25.240078	-48.351420
0.995391	24.103454	-42.419215
0.995996	22.799768	-36.309152
0.996602	21.517953	-30.048886
0.997207	20.109778	-23.540541
0.997812	18.704033	-17.154473
0.998418	17.055291	-10.841067
0.999023	15.425380	-4.047770
0.999629	13.760843	2.611320
1.000234	11.965086	8.986001
1.000840	10.234939	15.473198
1.001445	8.416704	21.950906
1.002051	6.542581	28.312030
1.002656	4.743179	34.533796
1.003262	2.896393	40.663652
1.003867	0.981567	46.617004
1.004473	-0.939334	52.373521
1.005078	-2.817103	57.754259
1.005684	-4.748331	63.059353
1.006289	-6.576892	68.310494
1.006895	-8.290637	72.907410
1.007500	-10.124059	77.453627
1.008105	-11.765511	81.848827
1.008711	-13.376590	85.828122
1.009316	-14.914161	89.429741
1.009922	-16.357570	92.694623
1.010527	-17.811914	95.665606
1.011133	-19.233454	98.215532
1.011738	-20.569336	100.436042
1.012344	-21.795870	102.239563
1.012949	-22.876604	103.794191
1.013555	-23.898412	104.879231
1.014160	-24.801150	105.583071
1.014766	-25.643746	106.128302
1.015371	-26.488165	105.959120
1.015977	-27.035519	105.466758
1.016582	-27.709839	104.785964
1.017187	-28.168498	103.607928
1.017793	-28.649027	102.010462
1.018398	-28.933335	100.104186
1.019004	-29.180585	97.852496
1.019609	-29.191520	95.220148
1.020215	-29.159323	92.221510
1.020820	-29.013524	88.918942
1.021426	-28.862258	85.331422
1.022031	-28.540285	81.376528
1.022637	-28.231677	76.872336
1.023242	-27.834375	72.479034
1.023848	-27.202580	67.876694
1.024453	-26.554990	62.571600
1.025059	-25.638887	57.385530
1.025664	-24.827880	52.006147
1.026270	-23.835840	46.320665
1.026875	-22.808565	40.429942
1.027480	-21.660398	34.447579
1.028086	-20.564476	28.301999
1.028691	-19.348878	22.055289
1.029297	-17.973508	15.653225
1.029902	-16.586596	9.139728
1.030508	-15.125569	2.887596
1.031113	-13.529071	-3.535887
1.031719	-11.941685	-10.146717
1.032324	-10.314812	-16.306938
1.032930	-8.628405	-22.683245
1.033535	-6.994242	-29.030271
1.034141	-5.286572	-35.188052
1.034746	-3.574042	-41.280492
1.035352	-1.793473	-47.210799
1.035957	-0.059680	-52.938848
1.036563	1.784068	-58.484429
1.037168	3.590760	-63.785457
1.037773	5.571803	-68.904288
1.038379	7.119094	-73.839297
1.038984	8.817044	-78.447059
1.039590	10.447562	-82.659250
1.040195	11.976628	-87.008630
1.040801	13.677008	-90.549517
1.041406	15.261356	-93.794336
1.042012	16.823835	-96.878106
1.042617	18.327994	-99.513708
1.043223	19.682101	-101.840499
1.043828	21.003404	-103.755181
1.044434	22.272462	-105.356442
1.045039	23.478948	-106.506553
1.045645	24.553608	-107.308268
1.046250	25.643455	-107.617079
1.046855	26.578998	-107.558245
1.047461	27.496316	-107.155625
1.048066	28.305500	-106.052690
1.048672	28.949445	-104.711708
1.049277	29.553296	-103.240858
1.049883	29.948775	-101.029837
1.050488	30.155324	-98.484791
1.051094	30.358835	-95.684345
1.051699	30.370985	-92.529269
1.052305	30.360050	-88.927108
1.052910	30.220326	-84.994446
1.053516	29.795687	-80.808825
1.054121	29.453667	-76.300024
1.054727	28.883228	-71.447165
1.055332	28.198581	-66.328334
1.055937	27.329862	-61.172087
1.056543	26.360907	-55.613491
1.057148	25.388307	-49.584766
1.057754	24.154483	-43.906604
1.058359	22.912762	-37.813622
1.058965	21.681977	-31.495335
1.059570	20.332729	-25.081884
1.060176	18.788475	-18.660028
1.060781	17.254549	-12.193707
1.061387	15.551132	-5.665841
1.061992	13.842854	0.878292
1.062598	12.124857	7.419172
1.063203	10.347325	13.889831
1.063809	8.514511	20.441555
1.064414	6.681090	26.731103
1.065020	4.949728	32.995978
1.065625	2.992377	39.360898
1.066230	1.052036	45.218544
1.066836	-0.792928	50.962589
1.067441	-2.775185	56.522269
1.068047	-4.634729	61.904905
1.068652	-6.545303	66.957040
1.069258	-8.291852	71.837011
1.069863	-9.984335	76.474325
1.070469	-11.682892	80.802557
1.071074	-13.185836	84.832553
1.071680	-14.757427	88.484329
1.072285	-16.285886	91.959604
1.072891	-17.799764	94.912150
1.073496	-19.164807	97.382366
1.074102	-20.427790	99.942595
1.074707	-21.716288	101.929938
1.075312	-22.731413	103.399976
1.075918	-23.706443	104.650131
1.076523	-24.659604	105.518001
1.077129	-25.496733	106.014972
1.077734	-26.217830	106.016599
1.078340	-26.892757	105.703450
1.078945	-27.500253	105.007473
1.079551	-28.077981	103.919450
1.080156	-28.469816	102.322527
1.080762	-28.738936	100.488911
1.081367	-29.000767	98.483403
1.081973	-29.006234	95.760499
1.082578	-28.959457	92.823407
1.083184	-28.912680	89.752650
1.083789	-28.707954	86.227760
1.084395	-28.536640	82.249278
1.085000	-28.158778	78.094294
1.085605	-27.725634	73.635109
1.086211	-27.142438	68.852200
1.086816	-26.478445	63.853206
1.087422	-25.695991	58.641379
1.088027	-24.767130	53.263352
1.088633	-23.957946	47.640771
1.089238	-22.838940	41.669252
1.089844	-21.840217	35.844141
1.090449	-20.774670	29.764444
1.091055	-19.483742	23.378105
1.091660	-18.142392	17.144952
1.092266	-16.715385	10.819074
1.092871	-15.324220	4.333774
1.093477	-13.784827	-2.007287
1.094082	-12.182861	-8.469812
1.094688	-10.538978	-14.890041
1.095293	-8.947340	-21.340908
1.095898	-7.301634	-27.625846
1.096504	-5.624947	-33.849239
1.097109	-3.845592	-39.866035
1.097715	-2.146428	-45.993992
1.098320	-0.342166	-51.700351
1.098926	1.495508	-57.052078
1.099531	3.249955	-62.657578
1.100137	5.071227	-67.800269
1.100742	6.730297	-72.698134
1.101348	8.353525	-77.368526
1.101953	10.036895	-81.779180
1.102559	11.638253	-85.921963
1.103164	13.251761	-89.692492
1.103770	14.870737	-93.145535
1.104375	16.435038	-96.257231
1.104980	17.913682	-99.031107
1.105586	19.282977	-101.325091
1.106191	20.641944	-103.404888
1.106797	21.942592	-105.292186
1.107402	23.100479	-106.289111
1.108008	24.241355	-107.062087
1.108613	25.281995	-107.613554
1.109219	26.324457	-107.623586
1.109824	27.241168	-107.176502
1.110430	28.009650	-106.360146
1.111035	28.719205	-105.160419
1.111641	29.295718	-103.604164
1.112246	29.693020	-101.538738
1.112852	30.026535	-99.168296
1.113457	30.214858	-96.436987
1.114062	30.347900	-93.386564
1.114668	30.330890	-89.717436
1.115273	30.206961	-85.956396
1.115879	29.902606	-81.935348
1.116484	29.510164	-77.330297
1.117090	28.976783	-72.513769
1.117695	28.267228	-67.575236
1.118301	27.375424	-62.351750
1.118906	26.501238	-56.806711
1.119512	25.464244	-51.111197
1.120117	24.379257	-45.216678
1.120723	23.204360	-39.188224
1.121328	21.934695	-32.926873
1.121934	20.541707	-26.578763
1.122539	19.048483	-20.350490
1.123145	17.560119	-13.688959
1.123750	15.854880	-7.062675
1.124355	14.156930	-0.718903
1.124961	12.463232	5.868339
1.125566	10.709393	12.404881
1.126172	8.922748	18.920547
1.126777	7.184096	25.348097
1.127383	5.275345	31.641982
1.127988	3.444961	37.831484
1.128594	1.504013	43.836622
1.129199	-0.345203	49.637332
1.129805	-2.300124	55.204333
1.130410	-4.149340	60.677524
1.131016	-6.059306	65.805845
1.131621	-7.737209	70.636200
1.132227	-9.453991	75.540843
1.132832	-11.221195	79.891308
1.133438	-12.775777	83.893920
1.134043	-14.402649	87.723554
1.134648	-15.872181	91.188526
1.135254	-17.408537	94.197195
1.135859	-18.752317	96.953176
1.136465	-20.147735	99.398177
1.137070	-21.294079	101.426731
1.137676	-22.381496	103.115566
1.138281	-23.442790	104.353521
1.138887	-24.397166	105.326858
1.139492	-25.321166	105.934990
1.140098	-26.000346	105.895406
1.140703	-26.744528	105.735171
1.141309	-27.396979	105.315471
1.141914	-27.981997	104.188948
1.142520	-28.328269	102.772593
1.143125	-28.672719	101.040650
1.143730	-28.895062	98.967089
1.144336	-29.029926	96.482233
1.144941	-28.986187	93.619700
1.145547	-28.993477	90.449711
1.146152	-28.930297	87.002363
1.146758	-28.684262	83.097898
1.147363	-28.326447	78.867541
1.147969	-27.909097	74.708491
1.148574	-27.520908	69.828520
1.149180	-26.729341	64.806480
1.149785	-25.928662	59.780102
1.150391	-25.155320	54.462536
1.150996	-24.275059	48.922377
1.151602	-23.272084	43.103501
1.152207	-22.167050	37.153402
1.152813	-21.023743	31.142842
1.153418	-19.870109	24.933005
1.154023	-18.534226	18.627732
1.154629	-17.144884	12.266879
1.155234	-15.672315	5.884607
1.155840	-14.248953	-0.715378
1.156445	-12.647595	-7.036918
1.157051	-11.126426	-13.370930
1.157656	-9.423616	-19.934042
1.158262	-7.809501	-26.253413
1.158867	-6.113373	-32.375406
1.159473	-4.327336	-38.583345
1.160078	-2.606909	-44.541578
1.160684	-0.836060	-50.338763
1.161289	0.970632	-55.972731
1.161895	2.716574	-61.480627
1.162500	4.547566	-66.663173
1.163105	6.255843	-71.667319
1.163711	7.977485	-76.330390
1.164316	9.681510	-80.910497
1.164922	11.417732	-85.118079
1.165527	13.067690	-88.710208
1.166133	14.566989	-92.353038
1.166738	16.139187	-95.644761
1.167344	17.625121	-98.460932
1.167949	18.990771	-100.874211
1.168555	20.377684	-102.992779
1.169160	21.728146	-104.780574
1.169766	22.943745	-106.126436
1.170371	24.114389	-106.949028
1.170977	25.150168	-107.522456
1.171582	26.171976	-107.752370
1.172187	27.082004	-107.372796
1.172793	27.897871	-106.569725
1.173398	28.579481	-105.697788
1.174004	29.208238	-104.028474
1.174609	29.703347	-101.901502
1.175215	30.002843	-99.763685
1.175820	30.227616	-97.081992
1.176426	30.429912	-94.025876
1.177031	30.338788	-90.595337
1.177637	30.255561	-86.864121
1.178242	29.939663	-82.764175
1.178848	29.547221	-78.380905
1.179453	29.055150	-73.729221
1.180059	28.364427	-68.808310
1.180664	27.578935	-63.620342
1.181270	26.713862	-58.035176
1.181875	25.685979	-52.615396
1.182480	24.577300	-46.789201
1.183086	23.460723	-40.488266
1.183691	22.154001	-34.395555
1.184297	20.744611	-28.101127
1.184902	19.248349	-21.723193
1.185508	17.795828	-15.229218
1.186113	16.165310	-8.707859
1.186719	14.464930	-2.184060
1.187324	12.794925	4.410774
1.187930	11.064170	10.921288
1.188535	9.214954	17.450238
1.189141	7.397327	23.714842
1.189746	5.590635	30.276870
1.190352	3.626602	36.460950
1.190957	1.769489	42.311818
1.191563	-0.116178	48.327529
1.192168	-2.005489	54.034159
1.192773	-3.935502	59.438756
1.193379	-5.756166	64.669833
1.193984	-7.586550	69.666930
1.194590	-9.339782	74.378803
1.195195	-11.027404	78.805454
1.195801	-12.609930	82.981314
1.196406	-14.251991	86.866800
1.197012	-15.759187	90.487669
1.197617	-17.174044	93.479799
1.198223	-18.503244	96.357787
1.198828	-19.978851	98.995828
1.199434	-21.202347	101.027636
1.200039	-22.243594	102.697763
1.200645	-23.346806	104.128759
1.201250	-24.256227	105.241183
1.201855	-25.193592	105.792108
1.202461	-25.957214	106.070824
1.203066	-26.658871	105.952342
1.203672	-27.298564	105.437477
1.204277	-27.814935	104.498030
1.204883	-28.318549	103.171689
1.205488	-28.591922	101.600251
1.206094	-28.871370	99.472737
1.206699	-29.026889	96.936366
1.207305	-29.080956	94.465608
1.207910	-29.012917	91.407323
1.208516	-28.856183	87.835528
1.209121	-28.593745	84.126816
1.209727	-28.300932	80.074859
1.210332	-27.872040	75.721412
1.210937	-27.326509	71.116633
1.211543	-26.680741	66.229070
1.212148	-25.994879	61.085024
1.212754	-25.180227	55.804873
1.213359	-24.301181	50.132405
1.213965	-23.279981	44.465360
1.214570	-22.184060	38.648383
1.215176	-20.956311	32.460236
1.215781	-19.755292	26.371592
1.216387	-18.619276	20.163653
1.216992	-17.255448	13.723089
1.217598	-15.884939	7.216371
1.218203	-14.372882	0.854704
1.218809	-12.734467	-5.545462
1.219414	-11.190821	-12.049469
1.220020	-9.508058	-18.432012
1.220625	-7.824081	-24.750841
1.221230	-6.236695	-31.028188
1.221836	-4.436686	-37.213081
1.222441	-2.739343	-43.304708
1.223047	-1.001298	-48.990732
1.223652	0.666277	-54.783850
1.224258	2.496053	-60.400467
1.224863	4.254145	-65.471309
1.225469	5.995835	-70.483047
1.226074	7.731450	-75.359764
1.226680	9.378370	-79.865854
1.227285	10.999775	-84.046052
1.227891	12.586554	-88.007182
1.228496	14.116835	-91.675226
1.229102	15.639219	-94.967763
1.229707	17.153705	-97.839514
1.230312	18.577674	-100.316779
1.230918	19.988279	-102.719485
1.231523	21.206308	-104.463629
1.232129	22.575602	-105.669320
1.232734	23.650262	-106.967193
1.233340	24.713987	-107.634702
1.233945	25.717569	-107.707906
1.234551	26.596615	-107.482601
1.235156	27.441034	-106.908902
1.235762	28.205871	-105.861819
1.236367	28.848601	-104.385003
1.236973	29.347962	-102.597750
1.237578	29.737367	-100.344705
1.238184	29.942093	-97.793694
1.238789	30.096397	-94.712906
1.239395	30.098827	-91.521770
