LabVIEW Measurement	
Writer_Version	2
Reader_Version	2
Separator	Tab
Decimal_Separator	.
Multi_Headings	No
X_Columns	One
Time_Pref	Absolute
Operator	AlunosGDS-JT
Date	2019/10/09
Time	15:19:08.4651639249999940857
***End_of_Header***	
	
Channels	2		
Samples	2048	2048	
Date	2019/10/09	2019/10/09	
Time	15:19:08.4651639249999940857	15:19:08.4651639249999940857	
Y_Unit_Label	g	Newtons	
X_Dimension	Time	Time	
X0	0.0000000000000000E+0	0.0000000000000000E+0	
Delta_X	0.000605	0.000605	
***End_of_Header***			
X_Value	Acceleration (Trigger)	Force (Trigger)	Comment
0.000000	0.594592	0.738934
0.000605	0.654734	0.448288
0.001211	0.610387	0.141918
0.001816	0.608565	-0.253111
0.002422	0.683287	-0.584154
0.003027	0.728849	-0.661424
0.003633	0.661417	-1.086005
0.004238	0.696044	-1.436841
0.004844	0.727634	-1.643437
0.005449	0.742821	-1.975294
0.006055	0.761654	-2.291425
0.006660	0.750111	-2.565803
0.007266	0.697259	-2.866480
0.007871	0.742214	-3.191830
0.008477	0.768943	-3.530735
0.009082	0.716091	-3.831684
0.009687	0.696651	-4.044788
0.010293	0.675997	-4.438460
0.010898	0.728849	-4.877140
0.011504	0.745251	-4.873615
0.012109	0.700296	-5.270271
0.012715	0.694222	-5.686989
0.013320	0.615855	-5.927748
0.013926	0.584872	-6.180707
0.014531	0.549030	-6.509581
0.015137	0.532628	-6.869363
0.015742	0.537488	-7.101175
0.016348	0.496785	-7.411612
0.016953	0.487673	-7.698191
0.017559	0.481598	-8.060413
0.018164	0.477346	-8.300630
0.018770	0.366174	-8.679391
0.019375	0.431783	-9.128915
0.019980	0.343697	-9.165246
0.020586	0.299349	-9.523130
0.021191	0.315752	-9.939035
0.021797	0.343089	-10.219107
0.022402	0.354632	-10.457968
0.023008	0.437858	-10.742106
0.023613	0.415989	-11.044681
0.024219	0.375894	-11.375453
0.024824	0.343697	-11.675859
0.025430	0.335799	-12.004191
0.026035	0.316967	-12.348791
0.026641	0.369819	-12.539120
0.027246	0.348557	-12.809702
0.027852	0.400801	-13.322399
0.028457	0.408091	-13.420546
0.029062	0.378324	-13.636632
0.029668	0.419026	-14.064738
0.030273	0.399586	-14.372735
0.030879	0.342482	-14.630846
0.031484	0.378931	-14.926914
0.032090	0.420241	-15.262024
0.032695	0.467626	-15.537486
0.033301	0.481598	-15.807798
0.033906	0.514403	-16.088954
0.034512	0.508935	-16.480186
0.035117	0.525945	-16.761885
0.035723	0.533843	-16.944081
0.036328	0.555105	-17.476840
0.036934	0.634079	-17.678828
0.037539	0.603097	-17.792429
0.038145	0.646229	-18.136215
0.038750	0.693007	-18.470512
0.039355	0.688147	-18.757633
0.039961	0.732494	-19.020895
0.040566	0.795673	-19.312354
0.041172	0.740391	-19.639601
0.041777	0.831515	-19.946243
0.042383	0.819973	-20.166396
0.042988	0.833338	-20.580403
0.043594	0.914135	-20.861017
0.044199	0.902592	-20.982481
0.044805	0.911705	-21.495449
0.045410	0.943902	-21.821882
0.046016	0.924462	-21.954734
0.046621	0.898947	-22.251615
0.047227	0.866143	-22.543616
0.047832	0.843058	-22.879268
0.048438	0.828478	-23.189435
0.049043	0.833945	-23.478182
0.049648	0.889835	-23.722737
0.050254	0.801141	-24.030734
0.050859	0.823618	-24.330056
0.051465	0.776841	-24.677637
0.052070	0.719129	-25.055856
0.052676	0.709409	-25.118757
0.053281	0.666884	-25.610848
0.053887	0.734924	-25.953821
0.054492	0.625575	-26.117038
0.055098	0.667492	-26.397652
0.055703	0.647444	-26.728966
0.056309	0.598237	-27.025576
0.056914	0.580012	-27.257930
0.057520	0.516225	-27.620152
0.058125	0.540525	-27.923269
0.058730	0.512580	-28.205510
0.059336	0.470663	-28.452776
0.059941	0.488281	-28.792495
0.060547	0.462158	-29.205146
0.061152	0.472486	-29.209213
0.061758	0.443933	-29.614273
0.062363	0.402016	-30.057833
0.062969	0.386221	-30.197462
0.063574	0.352202	-30.449879
0.064180	0.272620	-30.725342
0.064785	0.310892	-31.077533
0.065391	0.268367	-31.291179
0.065996	0.285985	-31.607852
0.066602	0.248927	-31.853762
0.067207	0.264722	-32.161760
0.067812	0.222805	-32.414990
0.068418	0.190000	-32.686386
0.069023	0.143831	-33.161125
0.069629	0.140793	-33.195286
0.070234	0.120138	-33.465869
0.070840	0.148083	-33.860626
0.071445	0.173598	-34.103554
0.072051	0.225842	-34.299306
0.072656	0.177243	-34.595645
0.073262	0.157195	-34.883579
0.073867	0.217945	-35.143316
0.074473	0.166308	-35.438300
0.075078	0.222197	-35.676889
0.075684	0.256217	-35.961841
0.076289	0.250142	-36.228899
0.076895	0.261685	-36.423024
0.077500	0.379539	-36.865228
0.078105	0.381969	-37.009467
0.078711	0.384399	-37.111952
0.079316	0.411736	-37.537617
0.079922	0.366174	-37.791390
0.080527	0.415989	-38.016966
0.081133	0.422671	-38.292428
0.081738	0.462766	-38.602595
0.082344	0.539310	-38.778012
0.082949	0.541740	-39.074622
0.083555	0.542348	-39.344120
0.084160	0.568470	-39.650762
0.084766	0.651089	-39.874440
0.085371	0.617070	-40.040097
0.085977	0.671744	-40.509685
0.086582	0.666884	-40.668835
0.087188	0.668707	-40.736616
0.087793	0.753149	-41.132187
0.088398	0.771373	-41.378097
0.089004	0.849740	-41.578458
0.089609	0.819973	-41.852836
0.090215	0.874648	-42.107422
0.090820	0.855815	-42.441176
0.091426	0.921425	-42.657533
0.092031	0.879508	-42.893683
0.092637	0.911097	-43.272173
0.093242	0.992502	-43.539502
0.093848	0.960305	-43.660694
0.094453	0.949370	-44.068737
0.095059	1.038064	-44.403033
0.095664	1.023484	-44.432857
0.096270	0.936612	-44.743566
0.096875	0.943295	-45.000050
0.097480	0.959090	-45.299913
0.098086	0.963342	-45.528742
0.098691	0.914742	-45.785497
0.099297	0.925677	-46.042252
0.099902	0.953015	-46.287891
0.100508	0.926285	-46.512111
0.101113	0.983389	-46.758292
0.101719	0.915350	-47.140578
0.102324	0.861283	-47.231947
0.102930	0.796281	-47.561092
0.103535	0.842450	-47.934160
0.104141	0.812076	-48.027969
0.104746	0.735531	-48.234023
0.105352	0.794458	-48.542021
0.105957	0.727634	-48.802029
0.106563	0.704549	-49.025165
0.107168	0.628612	-49.300356
0.107773	0.643192	-49.569312
0.108379	0.612210	-49.816306
0.108984	0.549030	-50.022632
0.109590	0.558143	-50.249563
0.110195	0.537488	-50.653268
0.110801	0.517440	-50.763886
0.111406	0.487673	-50.907854
0.112012	0.499823	-51.388557
0.112617	0.467018	-51.558281
0.113223	0.448793	-51.676221
0.113828	0.302994	-51.971475
0.114434	0.360099	-52.196780
0.115039	0.403231	-52.445943
0.115645	0.337622	-52.637628
0.116250	0.334584	-52.852630
0.116855	0.296312	-53.131888
0.117461	0.266545	-53.314897
0.118066	0.290844	-53.486790
0.118672	0.237992	-53.899442
0.119277	0.266545	-54.077300
0.119883	0.170560	-54.086518
0.120488	0.155373	-54.489951
0.121094	0.183925	-54.758636
0.121699	0.217945	-54.891487
0.122305	0.233132	-55.121671
0.122910	0.187570	-55.345891
0.123516	0.237992	-55.548422
0.124121	0.242852	-55.718145
0.124727	0.259255	-55.983848
0.125332	0.264115	-56.186378
0.125938	0.278695	-56.389450
0.126543	0.323042	-56.577339
0.127148	0.378324	-56.867714
0.127754	0.403231	-57.171102
0.128359	0.429961	-57.095729
0.128965	0.445756	-57.405354
0.129570	0.459728	-57.699253
0.130176	0.407484	-57.838611
0.130781	0.487066	-58.046563
0.131387	0.570292	-58.265903
0.131992	0.561787	-58.479820
0.132598	0.591555	-58.610773
0.133203	0.718521	-58.795409
0.133809	0.620107	-59.072770
0.134414	0.704549	-59.348774
0.135020	0.660809	-59.435534
0.135625	0.697259	-59.702592
0.136230	0.665669	-60.094367
0.136836	0.742821	-60.013843
0.137441	0.707586	-60.172451
0.138047	0.777448	-60.509730
0.138652	0.787168	-60.681352
0.139258	0.868573	-60.812034
0.139863	0.810253	-61.036796
0.140469	0.920210	-61.255865
0.141074	0.850955	-61.480627
0.141680	0.810861	-61.675294
0.142285	0.834553	-61.861015
0.142891	0.833945	-62.167656
0.143496	0.899555	-62.241673
0.144102	0.860068	-62.369102
0.144707	0.905630	-62.814288
0.145313	0.906237	-62.822693
0.145918	0.853993	-62.964220
0.146523	0.806001	-63.219349
0.147129	0.784738	-63.370907
0.147734	0.744036	-63.600821
0.148340	0.745859	-63.771900
0.148945	0.793851	-63.992325
0.149551	0.790813	-64.090472
0.150156	0.784131	-64.259925
0.150762	0.769551	-64.527253
0.151367	0.697866	-64.766928
0.151973	0.700904	-64.899236
0.152578	0.556320	-64.974338
0.153184	0.559358	-65.379669
0.153789	0.547208	-65.462633
0.154395	0.479776	-65.494355
0.155000	0.530198	-65.706103
0.155605	0.561787	-65.905380
0.156211	0.493748	-66.061818
0.156816	0.426316	-66.213377
0.157422	0.360099	-66.446002
0.158027	0.408091	-66.600814
0.158633	0.318182	-66.831541
0.159238	0.305424	-66.934839
0.159844	0.292667	-67.188341
0.160449	0.304209	-67.408223
0.161055	0.343697	-67.353998
0.161660	0.322434	-67.715136
0.162266	0.349772	-67.880522
0.162871	0.284162	-67.897874
0.163477	0.290237	-68.084408
0.164082	0.369819	-68.282328
0.164687	0.309069	-68.447714
0.165293	0.285985	-68.645635
0.165898	0.298742	-68.775233
0.166504	0.341874	-68.948753
0.167109	0.409306	-69.059643
0.167715	0.418419	-69.117121
0.168320	0.391081	-69.373876
0.168926	0.398371	-69.624937
0.169531	0.418419	-69.546853
0.170137	0.372249	-69.783545
0.170742	0.397764	-70.056296
0.171348	0.398371	-70.098321
0.171953	0.473093	-70.157968
0.172559	0.588517	-70.303020
0.173164	0.554498	-70.464610
0.173770	0.566647	-70.596105
0.174375	0.546600	-70.774777
0.174980	0.480991	-70.937994
0.175586	0.619500	-71.091992
0.176191	0.624967	-71.192579
0.176797	0.671137	-71.276357
0.177402	0.697866	-71.562122
0.178008	0.756794	-71.543415
0.178613	0.807216	-71.601706
0.179219	0.798103	-71.960133
0.179824	0.802356	-72.047435
0.180430	0.776233	-72.127688
0.181035	0.786561	-72.276535
0.181641	0.853993	-72.391763
0.182246	0.821796	-72.524343
0.182852	0.903807	-72.601343
0.183457	0.949977	-72.761577
0.184062	0.949977	-72.924794
0.184668	0.960305	-72.987153
0.185273	0.912920	-73.112684
0.185879	0.925070	-73.449149
0.186484	0.908667	-73.412547
0.187090	0.850348	-73.352629
0.187695	0.877685	-73.626736
0.188301	0.913527	-73.778294
0.188906	0.850955	-73.869934
0.189512	0.858853	-73.953983
0.190117	0.826048	-74.103644
0.190723	0.846095	-74.236495
0.191328	0.807823	-74.400525
0.191934	0.785346	-74.448514
0.192539	0.710016	-74.645893
0.193145	0.736746	-74.753258
0.193750	0.690577	-74.804230
0.194355	0.701511	-75.063696
0.194961	0.714876	-75.129037
0.195566	0.674174	-75.098671
0.196172	0.643799	-75.259719
0.196777	0.634687	-75.406397
0.197383	0.553890	-75.525150
0.197988	0.581835	-75.620315
0.198594	0.535058	-75.761842
0.199199	0.528375	-75.845077
0.199805	0.553890	-75.949731
0.200410	0.568470	-75.986875
0.201016	0.573937	-76.144941
0.201621	0.597022	-76.276165
0.202227	0.502253	-76.249324
0.202832	0.432998	-76.523973
0.203437	0.443326	-76.622120
0.204043	0.393511	-76.449142
0.204648	0.386221	-76.657637
0.205254	0.363744	-76.775034
0.205859	0.469448	-76.850949
0.206465	0.445148	-76.856100
0.207070	0.338229	-77.003050
0.207676	0.371034	-77.128038
0.208281	0.323649	-77.188770
0.208887	0.290237	-77.269023
0.209492	0.309677	-77.401061
0.210098	0.386829	-77.534183
0.210703	0.424493	-77.453388
0.211309	0.333977	-77.604946
0.211914	0.457906	-77.846789
0.212520	0.447578	-77.747829
0.213125	0.402016	-77.767892
0.213730	0.420849	-77.896405
0.214336	0.405661	-77.986690
0.214941	0.380146	-78.052302
0.215547	0.451223	-78.106798
0.216152	0.465803	-78.150449
0.216758	0.491925	-78.205758
0.217363	0.539310	-78.264863
0.217969	0.522908	-78.318275
0.218574	0.572722	-78.461429
0.219180	0.533843	-78.421573
0.219785	0.517440	-78.459260
0.220391	0.538095	-78.707068
0.220996	0.528375	-78.575572
0.221602	0.563610	-78.663145
0.222207	0.635902	-78.675617
0.222812	0.601275	-78.714659
0.223418	0.606742	-78.786236
0.224023	0.612210	-78.777831
0.224629	0.615855	-78.918003
0.225234	0.567862	-78.994460
0.225840	0.549638	-79.005034
0.226445	0.545385	-79.016963
0.227051	0.603097	-79.236845
0.227656	0.614640	-79.199159
0.228262	0.602490	-79.039737
0.228867	0.632864	-79.313844
0.229473	0.687539	-79.349362
0.230078	0.631042	-79.246334
0.230684	0.625575	-79.342855
0.231289	0.637724	-79.395724
0.231895	0.617070	-79.459981
0.232500	0.665669	-79.451847
0.233105	0.669922	-79.473808
0.233711	0.707586	-79.560568
0.234316	0.747681	-79.588765
0.234922	0.734316	-79.549994
0.235527	0.688147	-79.706975
0.236133	0.744036	-79.749270
0.236738	0.696044	-79.543216
0.237344	0.634687	-79.724327
0.237949	0.694222	-79.781805
0.238555	0.708801	-79.752253
0.239160	0.748896	-79.799700
0.239766	0.731279	-79.819763
0.240371	0.742821	-79.798886
0.240977	0.679642	-79.892966
0.241582	0.727634	-79.866938
0.242187	0.679642	-79.950445
0.242793	0.652304	-80.037205
0.243398	0.637724	-79.871005
0.244004	0.665062	-80.055370
0.244609	0.685109	-80.078687
0.245215	0.649874	-79.881037
0.245820	0.682072	-79.937702
0.246426	0.673567	-80.089532
0.247031	0.751326	-80.031782
0.247637	0.629827	-80.015786
0.248242	0.677212	-80.089803
0.248848	0.607957	-80.105528
0.249453	0.629219	-80.097937
0.250059	0.701511	-80.056726
0.250664	0.773196	-80.062962
0.251270	0.682679	-80.176292
0.251875	0.726419	-80.052930
0.252480	0.689362	-80.070553
0.253086	0.702726	-80.269016
0.253691	0.632864	-80.065944
0.254297	0.674782	-79.965899
0.254902	0.661417	-80.069197
0.255508	0.720344	-79.992469
0.256113	0.712446	-80.012261
0.256719	0.721559	-79.935804
0.257324	0.710016	-79.988131
0.257930	0.652304	-79.969152
0.258535	0.595200	-79.952614
0.259141	0.542955	-79.980269
0.259746	0.532020	-80.064317
0.260352	0.568470	-79.992740
0.260957	0.565432	-79.893780
0.261562	0.634687	-80.102546
0.262168	0.666884	-79.934448
0.262773	0.666277	-79.834675
0.263379	0.635902	-79.899473
0.263984	0.636509	-79.796175
0.264590	0.660809	-79.784788
0.265195	0.545993	-79.824101
0.265801	0.631649	-79.797802
0.266406	0.617677	-79.759573
0.267012	0.597022	-79.727580
0.267617	0.586087	-79.734630
0.268223	0.627397	-79.745746
0.268828	0.601275	-79.650581
0.269434	0.583657	-79.499565
0.270039	0.589732	-79.677694
0.270645	0.559358	-79.523695
0.271250	0.638332	-79.395995
0.271855	0.527768	-79.460523
0.272461	0.573330	-79.422294
0.273066	0.719129	-79.259348
0.273672	0.544778	-79.287003
0.274277	0.555105	-79.251486
0.274883	0.617070	-79.277785
0.275488	0.530198	-79.199972
0.276094	0.488888	-79.110501
0.276699	0.488281	-79.244708
0.277305	0.549030	-79.121346
0.277910	0.485851	-78.924781
0.278516	0.523515	-79.065765
0.279121	0.566040	-79.010727
0.279727	0.467018	-78.733909
0.280332	0.542348	-78.743941
0.280938	0.497393	-78.698121
0.281543	0.541133	-78.646336
0.282148	0.454261	-78.626544
0.282754	0.500430	-78.562829
0.283359	0.583050	-78.485830
0.283965	0.525945	-78.459802
0.284570	0.536880	-78.321800
0.285176	0.510758	-78.378465
0.285781	0.574545	-78.380091
0.286387	0.437858	-78.084566
0.286992	0.482206	-78.148822
0.287598	0.492533	-78.149093
0.288203	0.491925	-77.984250
0.288809	0.527160	-77.897490
0.289414	0.612817	-77.764910
0.290020	0.587302	-77.696315
0.290625	0.604920	-77.638024
0.291230	0.506505	-77.614707
0.291836	0.479776	-77.511951
0.292441	0.555105	-77.485923
0.293047	0.463373	-77.382895
0.293652	0.600060	-77.271463
0.294258	0.564825	-77.359307
0.294863	0.539310	-77.011726
0.295469	0.558750	-76.992476
0.296074	0.612210	-77.023113
0.296680	0.551460	-76.874266
0.297285	0.560572	-76.743855
0.297891	0.501645	-76.727858
0.298496	0.569685	-76.644623
0.299102	0.569685	-76.527768
0.299707	0.667492	-76.401153
0.300312	0.652912	-76.331745
0.300918	0.624967	-76.281316
0.301523	0.673567	-76.103187
0.302129	0.681464	-76.056283
0.302734	0.646837	-76.136536
0.303340	0.734316	-75.800884
0.303945	0.671744	-75.673997
0.304551	0.723989	-75.648240
0.305156	0.727634	-75.500206
0.305762	0.708194	-75.392841
0.306367	0.802963	-75.287916
0.306973	0.761654	-75.190582
0.307578	0.758009	-75.120632
0.308184	0.758616	-74.987781
0.308789	0.760439	-74.868757
0.309395	0.733709	-74.826462
0.310000	0.748896	-74.652671
0.310605	0.745251	-74.528496
0.311211	0.692399	-74.633692
0.311816	0.756186	-74.379106
0.312422	0.762868	-74.150006
0.313027	0.728849	-74.091714
0.313633	0.729456	-74.030711
0.314238	0.731886	-73.876170
0.314844	0.770766	-73.768534
0.315449	0.684502	-73.702922
0.316055	0.721559	-73.546754
0.316660	0.735531	-73.439660
0.317266	0.756186	-73.301386
0.317871	0.738569	-73.236859
0.318477	0.686932	-73.095874
0.319082	0.681464	-72.884668
0.319688	0.751934	-72.941604
0.320293	0.697259	-72.737176
0.320898	0.631649	-72.464154
0.321504	0.631042	-72.423756
0.322109	0.680857	-72.288194
0.322715	0.631649	-72.156698
0.323320	0.632257	-72.005140
0.323926	0.623752	-71.915398
0.324531	0.596415	-71.832705
0.325137	0.578797	-71.664878
0.325742	0.576975	-71.482412
0.326348	0.544778	-71.397007
0.326953	0.592770	-71.276899
0.327559	0.541740	-70.994387
0.328164	0.511365	-71.033429
0.328770	0.513795	-70.934469
0.329375	0.488888	-70.639756
0.329980	0.496178	-70.496332
0.330586	0.453046	-70.349653
0.331191	0.420849	-70.230358
0.331797	0.456691	-70.059821
0.332402	0.442718	-69.957607
0.333008	0.506505	-69.757788
0.333613	0.441503	-69.656117
0.334219	0.463981	-69.504287
0.334824	0.425708	-69.404242
0.335430	0.484028	-69.295250
0.336035	0.355847	-68.986710
0.336641	0.404446	-68.963393
0.337246	0.441503	-68.840574
0.337852	0.478561	-68.513598
0.338457	0.516225	-68.348212
0.339062	0.545993	-68.218072
0.339668	0.547208	-68.068682
0.340273	0.470056	-67.886758
0.340879	0.500430	-67.675552
0.341484	0.510150	-67.583912
0.342090	0.575760	-67.418255
0.342695	0.509543	-67.188341
0.343301	0.515618	-66.976322
0.343906	0.577582	-66.999367
0.344512	0.591555	-66.671035
0.345117	0.596415	-66.467150
0.345723	0.638332	-66.477181
0.346328	0.621930	-66.212293
0.346934	0.593377	-65.971805
0.347539	0.636509	-65.800454
0.348145	0.694222	-65.655403
0.348750	0.631042	-65.510622
0.349355	0.706979	-65.330053
0.349961	0.728849	-65.102851
0.350566	0.730064	-65.010126
0.351172	0.737961	-64.766385
0.351777	0.707586	-64.598288
0.352383	0.731279	-64.591510
0.352988	0.772588	-64.221696
0.353594	0.734316	-63.954909
0.354199	0.761654	-63.933220
0.354805	0.771373	-63.708999
0.355410	0.746466	-63.469597
0.356016	0.792028	-63.238598
0.356621	0.782916	-63.083786
0.357227	0.778056	-62.917587
0.357832	0.770766	-62.744609
0.358438	0.768943	-62.536657
0.359043	0.744036	-62.353919
0.359648	0.747681	-62.181213
0.360254	0.767121	-61.948588
0.360859	0.802963	-61.932320
0.361465	0.779271	-61.552204
0.362070	0.708194	-61.284333
0.362676	0.741606	-61.202724
0.363281	0.691184	-60.986096
0.363887	0.739784	-60.756724
0.364492	0.648659	-60.584560
0.365098	0.675389	-60.442491
0.365703	0.692399	-60.165130
0.366309	0.663847	-60.006794
0.366914	0.702119	-59.763866
0.367520	0.646229	-59.726993
0.368125	0.617070	-59.404897
0.368730	0.630434	-59.138382
0.369336	0.642584	-59.151938
0.369941	0.610387	-58.760976
0.370547	0.557535	-58.475211
0.371152	0.536880	-58.442676
0.371758	0.567255	-58.197580
0.372363	0.576367	-57.976342
0.372969	0.468841	-57.758629
0.373574	0.511365	-57.559623
0.374180	0.480383	-57.345164
0.374785	0.425708	-57.135042
0.375391	0.473701	-56.909467
0.375996	0.496178	-56.711817
0.376602	0.508328	-56.517421
0.377207	0.424493	-56.127001
0.377812	0.472486	-56.154656
0.378418	0.463981	-55.869162
0.379023	0.483421	-55.480640
0.379629	0.378931	-55.346976
0.380234	0.399586	-55.112995
0.380840	0.433606	-54.909923
0.381445	0.395334	-54.727185
0.382051	0.419026	-54.489951
0.382656	0.411129	-54.250819
0.383262	0.432998	-53.988913
0.383867	0.490103	-53.798855
0.384473	0.465196	-53.652447
0.385078	0.504075	-53.391355
0.385684	0.431176	-53.052991
0.386289	0.474916	-53.005544
0.386895	0.491925	-52.736860
0.387500	0.484636	-52.306856
0.388105	0.489496	-52.159636
0.388711	0.590340	-51.945447
0.389316	0.544778	-51.727463
0.389922	0.566040	-51.434106
0.390527	0.544778	-51.194703
0.391133	0.586695	-50.998409
0.391738	0.611602	-50.736503
0.392344	0.555713	-50.479477
0.392949	0.627397	-50.285623
0.393555	0.620715	-50.089329
0.394160	0.661417	-49.667188
0.394766	0.609780	-49.604829
0.395371	0.654734	-49.409348
0.395977	0.716091	-48.952232
0.396582	0.683894	-48.741297
0.397187	0.591555	-48.559644
0.397793	0.685109	-48.286893
0.398398	0.725811	-48.048032
0.399004	0.707586	-47.818118
0.399609	0.640154	-47.586578
0.400215	0.685109	-47.302168
0.400820	0.779271	-47.019928
0.401426	0.728849	-46.894397
0.402031	0.730064	-46.700272
0.402637	0.726419	-46.194082
0.403242	0.740999	-46.126843
0.403848	0.823011	-45.941665
0.404453	0.829086	-45.515728
0.405059	0.790813	-45.277410
0.405664	0.842450	-45.039905
0.406270	0.843665	-44.798875
0.406875	0.781093	-44.513110
0.407480	0.787776	-44.266115
0.408086	0.744036	-44.068737
0.408691	0.739784	-43.859429
0.409297	0.730064	-43.486090
0.409902	0.728241	-43.297116
0.410508	0.761654	-43.203307
0.411113	0.711231	-42.772490
0.411719	0.669922	-42.500552
0.412324	0.725811	-42.376377
0.412930	0.682072	-42.123147
0.413535	0.651089	-41.778005
0.414141	0.621930	-41.500916
0.414746	0.559358	-41.300013
0.415352	0.593377	-40.988220
0.415957	0.610387	-40.726042
0.416563	0.603097	-40.409097
0.417168	0.636509	-40.168339
0.417773	0.606135	-39.898570
0.418379	0.575760	-39.631512
0.418984	0.593377	-39.562375
0.419590	0.505290	-39.161111
0.420195	0.488281	-38.748188
0.420801	0.470663	-38.644077
0.421406	0.507720	-38.395184
0.422012	0.488281	-38.077426
0.422617	0.498608	-37.765091
0.423223	0.506505	-37.577744
0.423828	0.507720	-37.280049
0.424434	0.520478	-36.974220
0.425039	0.438466	-36.776571
0.425645	0.410521	-36.516020
0.426250	0.465196	-36.226730
0.426855	0.480991	-35.844444
0.427461	0.473093	-35.784526
0.428066	0.482206	-35.431251
0.428672	0.488888	-34.937533
0.429277	0.511365	-34.787330
0.429883	0.464588	-34.580733
0.430488	0.485243	-34.229355
0.431094	0.524730	-33.937083
0.431699	0.476131	-33.676261
0.432305	0.506505	-33.423031
0.432910	0.492533	-33.128861
0.433516	0.494963	-32.885391
0.434121	0.467018	-32.657918
0.434727	0.491318	-32.366188
0.435332	0.494963	-31.979022
0.435937	0.507113	-31.917748
0.436543	0.533235	-31.591856
0.437148	0.438466	-31.068043
0.437754	0.549638	-30.892354
0.438359	0.536880	-30.644547
0.438965	0.597022	-30.353359
0.439570	0.631042	-29.996017
0.440176	0.542955	-29.750378
0.440781	0.539310	-29.465968
0.441387	0.569077	-29.177763
0.441992	0.556928	-28.876543
0.442598	0.535665	-28.686214
0.443203	0.606742	-28.409396
0.443809	0.628612	-27.938452
0.444414	0.619500	-27.780387
0.445020	0.670529	-27.578399
0.445625	0.635902	-27.071396
0.446230	0.569685	-26.829282
0.446836	0.584265	-26.599639
0.447441	0.586087	-26.303842
0.448047	0.575152	-26.059559
0.448652	0.614032	-25.699506
0.449258	0.637117	-25.422688
0.449863	0.673567	-25.105201
0.450469	0.691184	-24.821605
0.451074	0.684502	-24.549938
0.451680	0.716091	-24.327616
0.452285	0.649874	-23.903848
0.452891	0.646837	-23.644924
0.453496	0.629827	-23.529425
0.454102	0.679642	-22.950032
0.454707	0.607350	-22.680263
0.455313	0.696651	-22.475022
0.455918	0.705156	-22.128253
0.456523	0.758009	-21.815375
0.457129	0.614032	-21.606881
0.457734	0.631649	-21.374798
0.458340	0.623145	-21.068427
0.458945	0.635294	-20.744976
0.459551	0.607957	-20.422066
0.460156	0.671137	-20.275659
0.460762	0.688147	-19.798209
0.461367	0.563610	-19.510817
0.461973	0.705156	-19.445205
0.462578	0.657164	-19.040958
0.463184	0.616462	-18.608785
0.463789	0.620715	-18.331967
0.464395	0.641369	-18.072501
0.465000	0.630434	-17.755285
0.465605	0.635294	-17.467351
0.466211	0.606135	-17.120312
0.466816	0.664454	-16.833462
0.467422	0.653519	-16.493200
0.468027	0.617070	-16.173273
0.468633	0.652304	-16.064281
0.469238	0.609780	-15.616655
0.469844	0.600060	-15.321129
0.470449	0.613425	-15.203732
0.471055	0.595200	-14.789183
0.471660	0.604920	-14.424791
0.472266	0.628004	-14.162885
0.472871	0.652912	-13.855430
0.473477	0.641369	-13.548246
0.474082	0.648659	-13.284984
0.474687	0.585480	-13.031482
0.475293	0.583657	-12.702608
0.475898	0.599452	-12.415216
0.476504	0.617677	-12.066279
0.477109	0.695436	-11.908213
0.477715	0.727026	-11.475769
0.478320	0.605527	-10.996421
0.478926	0.679642	-10.933520
0.479531	0.674782	-10.638808
0.480137	0.665062	-10.189826
0.480742	0.653519	-9.899722
0.481348	0.601275	-9.678485
0.481953	0.670529	-9.391906
0.482559	0.666277	-9.033479
0.483164	0.699689	-8.727651
0.483770	0.675997	-8.407182
0.484375	0.685717	-8.196518
0.484980	0.598845	-7.806099
0.485586	0.624360	-7.593537
0.486191	0.617070	-7.320786
0.486797	0.623145	-6.789110
0.487402	0.563002	-6.631858
0.488008	0.579405	-6.354769
0.488613	0.590947	-5.985768
0.489219	0.580012	-5.658250
0.489824	0.651697	-5.358657
0.490430	0.628612	-5.059607
0.491035	0.576975	-4.731817
0.491641	0.521693	-4.515460
0.492246	0.495570	-4.204751
0.492852	0.490711	-3.906785
0.493457	0.545385	-3.470275
0.494063	0.554498	-3.340406
0.494668	0.577582	-3.027799
0.495273	0.484636	-2.536251
0.495879	0.504683	-2.339414
0.496484	0.468233	-2.077237
0.497090	0.417811	-1.695764
0.497695	0.481598	-1.390749
0.498301	0.440896	-1.093597
0.498906	0.474308	-0.803494
0.499512	0.449401	-0.488718
0.500117	0.434213	-0.137069
0.500723	0.525945	0.140020
0.501328	0.456691	0.383490
0.501934	0.437858	0.823796
0.502539	0.457298	0.936313
0.503145	0.479168	1.234279
0.503750	0.437858	1.796320
0.504355	0.462766	2.063106
0.504961	0.519263	2.355379
0.505566	0.577582	2.650633
0.506172	0.533843	2.981947
0.506777	0.503468	3.250632
0.507383	0.529590	3.507387
0.507988	0.516833	3.845208
0.508594	0.518655	4.089762
0.509199	0.530805	4.392880
0.509805	0.579405	4.658039
0.510410	0.567862	5.105395
0.511016	0.610995	5.305756
0.511621	0.649267	5.524554
0.512227	0.698474	6.052975
0.512832	0.745859	6.340638
0.513437	0.684502	6.623421
0.514043	0.683894	6.893733
0.514648	0.725204	7.215829
0.515254	0.751934	7.518946
0.515859	0.786561	7.809049
0.516465	0.788991	8.131145
0.517070	0.814506	8.433178
0.517676	0.834553	8.729517
0.518281	0.845488	8.921744
0.518887	0.835160	9.381300
0.519492	0.790813	9.636700
0.520098	0.807823	9.778769
0.520703	0.798711	10.356264
0.521309	0.840020	10.644199
0.521914	0.827263	10.859200
0.522520	0.901985	11.157708
0.523125	0.847918	11.501765
0.523730	0.922640	11.794309
0.524336	0.870395	12.072212
0.524941	0.852170	12.328695
0.525547	0.797496	12.701492
0.526152	0.761654	12.943064
0.526758	0.778663	13.136918
0.527363	0.829693	13.570175
0.527969	0.771981	13.896880
0.528574	0.802356	13.967101
0.529180	0.800533	14.401985
0.529785	0.699081	14.792675
0.530391	0.750111	15.022860
0.530996	0.666277	15.316217
0.531602	0.661417	15.620147
0.532207	0.660202	15.931398
0.532813	0.601275	16.224484
0.533418	0.597630	16.518112
0.534023	0.633472	16.817162
0.534629	0.536880	17.107808
0.535234	0.551460	17.292173
0.535840	0.465803	17.617522
0.536445	0.448793	18.098226
0.537051	0.419634	18.141064
0.537656	0.395941	18.543684
0.538262	0.395941	18.884216
0.538867	0.374071	19.132837
0.539473	0.406269	19.518376
0.540078	0.371034	19.798719
0.540684	0.375286	20.096414
0.541289	0.314537	20.315754
0.541895	0.279910	20.582269
0.542500	0.257432	20.979467
0.543105	0.244675	21.306985
0.543711	0.310892	21.412724
0.544316	0.306032	21.716383
0.544922	0.345519	22.270562
0.545527	0.263507	22.370607
0.546133	0.309677	22.596182
0.546738	0.306032	23.008834
0.547344	0.174813	23.271011
0.547949	0.203973	23.548372
0.548555	0.264115	23.869383
0.549160	0.334584	24.177652
0.549766	0.290844	24.460435
0.550371	0.357669	24.751894
0.550977	0.378324	25.033592
0.551582	0.381361	25.419402
0.552187	0.375286	25.661788
0.552793	0.445148	25.836934
0.553398	0.342482	26.283747
0.554004	0.341267	26.658713
0.554609	0.420849	26.802409
0.555215	0.501645	27.128300
0.555820	0.468233	27.453379
0.556426	0.514403	27.729926
0.557031	0.564217	28.045244
0.557637	0.595200	28.344294
0.558242	0.552675	28.576377
0.558848	0.579405	28.878952
0.559453	0.617677	29.109136
0.560059	0.660202	29.504165
0.560664	0.670529	29.730283
0.561270	0.640154	29.892686
0.561875	0.771981	30.464217
0.562480	0.755579	30.674067
0.563086	0.775626	30.838911
0.563691	0.804786	31.154229
0.564297	0.793851	31.479849
0.564902	0.803571	31.725759
0.565508	0.897125	31.995799
0.566113	0.883153	32.334434
0.566719	0.888013	32.610168
0.567324	0.889835	32.889155
0.567930	0.966379	33.058608
0.568535	0.895910	33.438995
0.569141	0.853993	33.698733
0.569746	0.830908	33.740486
0.570352	0.874648	34.325573
0.570957	0.885583	34.630046
0.571562	0.871610	34.752865
0.572168	0.903200	35.058422
0.572773	0.927500	35.364251
0.573379	0.902592	35.684720
0.573984	0.920210	35.926021
0.574590	0.946332	36.231036
0.575195	0.956660	36.467186
0.575801	0.871003	36.725296
0.576406	0.813291	36.896105
0.577012	0.904415	37.279475
0.577617	0.888013	37.532976
0.578223	0.886798	37.591268
0.578828	0.881938	38.066821
0.579434	0.871610	38.352857
0.580039	0.849740	38.553218
0.580645	0.829693	38.803466
0.581250	0.824226	39.093027
0.581855	0.750719	39.336768
0.582461	0.765906	39.555837
0.583066	0.701511	39.817743
0.583672	0.674782	40.147159
0.584277	0.731279	40.370295
0.584883	0.773196	40.493928
0.585488	0.630434	40.827682
0.586094	0.614640	41.248467
0.586699	0.561180	41.247654
0.587305	0.533843	41.545349
0.587910	0.575152	41.959085
0.588516	0.547208	42.174358
0.589121	0.556320	42.427046
0.589727	0.569685	42.650723
0.590332	0.567862	42.956010
0.590938	0.534450	43.176705
0.591543	0.431176	43.425055
0.592148	0.478561	43.670152
0.592754	0.383791	43.915519
0.593359	0.443326	44.108831
0.593965	0.370426	44.369924
0.594570	0.367996	44.776611
0.595176	0.358884	44.766308
0.595781	0.405661	45.088133
0.596387	0.320004	45.468792
0.596992	0.315144	45.646379
0.597598	0.285985	45.905845
0.598203	0.241637	46.130336
0.598809	0.274442	46.446467
0.599414	0.270190	46.641406
0.600020	0.253787	46.870506
0.600625	0.327294	47.183384
0.601230	0.287200	47.391336
0.601836	0.282340	47.580852
0.602441	0.290844	47.863364
0.603047	0.182103	48.239143
0.603652	0.275657	48.334579
0.604258	0.265937	48.621971
0.604863	0.273835	48.937831
0.605469	0.227665	49.171811
0.606074	0.324257	49.454323
0.606680	0.299349	49.689930
0.607285	0.315144	49.956988
0.607891	0.289629	50.121018
0.608496	0.234955	50.372893
0.609102	0.242245	50.623412
0.609707	0.332154	50.899146
0.610313	0.357669	51.037961
0.610918	0.394119	51.276822
0.611523	0.378324	51.701132
0.612129	0.427531	51.775963
0.612734	0.392296	51.994489
0.613340	0.456083	52.327972
0.613945	0.477346	52.554632
0.614551	0.472486	52.710258
0.615156	0.580620	52.999819
0.615762	0.535665	53.237324
0.616367	0.567862	53.479438
0.616973	0.732494	53.682782
0.617578	0.683287	53.899952
0.618184	0.676604	54.254312
0.618789	0.689362	54.298505
0.619395	0.746466	54.542789
0.620000	0.686324	54.973063
0.620605	0.633472	55.141161
0.621211	0.763476	55.263980
0.621816	0.785346	55.539442
0.622422	0.832730	55.828461
0.623027	0.805393	56.027467
0.623633	0.797496	56.227557
0.624238	0.806001	56.431171
0.624844	0.812076	56.672743
0.625449	0.801141	56.880696
0.626055	0.864320	56.996466
0.626660	0.889835	57.332931
0.627266	0.908667	57.510789
0.627871	0.956052	57.591313
0.628477	0.944510	58.021046
0.629082	0.959697	58.263702
0.629687	0.925677	58.365645
0.630293	0.926285	58.552450
0.630898	0.957267	58.787786
0.631504	0.951800	58.942056
0.632109	0.915350	59.174138
0.632715	0.951192	59.410559
0.633320	0.953015	59.592212
0.633926	0.949977	59.755429
0.634531	0.911097	59.921358
0.635137	0.896518	60.190042
0.635742	0.879508	60.372780
0.636348	0.853385	60.332382
0.636953	0.837590	60.797903
0.637559	0.756186	61.088549
0.638164	0.809646	61.067672
0.638770	0.743429	61.269118
0.639375	0.846095	61.566541
0.639980	0.787776	61.802420
0.640586	0.719736	61.884299
0.641191	0.841235	62.086016
0.641797	0.692399	62.267941
0.642402	0.638332	62.492703
0.643008	0.633472	62.553706
0.643613	0.612817	62.781450
0.644219	0.586695	63.068571
0.644824	0.614640	63.015973
0.645430	0.610387	63.338340
0.646035	0.572115	63.610549
0.646641	0.510150	63.729302
0.647246	0.472486	63.864864
0.647852	0.499215	64.079866
0.648457	0.494963	64.237932
0.649062	0.476131	64.430159
0.649668	0.495570	64.617235
0.650273	0.521693	64.822747
0.650879	0.479168	64.942042
0.651484	0.471878	65.069471
0.652090	0.516225	65.312127
0.652695	0.446971	65.529569
0.653301	0.477346	65.502728
0.653906	0.398371	65.768701
0.654512	0.411129	66.135532
0.655117	0.372856	66.189757
0.655723	0.408091	66.305799
0.656328	0.411736	66.550082
0.656934	0.399586	66.708690
0.657539	0.377716	66.829611
0.658145	0.407484	67.044613
0.658750	0.320612	67.169873
0.659355	0.330939	67.350713
0.659961	0.367389	67.419307
0.660566	0.443326	67.632953
0.661172	0.337622	67.924141
0.661777	0.398371	67.835212
0.662383	0.458513	68.056721
0.662988	0.361314	68.377461
0.663594	0.468841	68.536069
0.664199	0.418419	68.639368
0.664805	0.432998	68.783877
0.665410	0.448186	68.944654
0.666016	0.515618	69.131188
0.666621	0.523515	69.286000
0.667227	0.488281	69.402312
0.667832	0.486458	69.635208
0.668438	0.484636	69.671810
0.669043	0.521085	69.835840
0.669648	0.485851	70.143296
0.670254	0.453046	70.059247
0.670859	0.504683	70.292956
0.671465	0.474308	70.576553
0.672070	0.516833	70.657348
0.672676	0.540525	70.779896
0.673281	0.530198	70.957211
0.673887	0.536880	71.150523
0.674492	0.586695	71.262498
0.675098	0.484028	71.372574
0.675703	0.528375	71.505968
0.676309	0.570900	71.731272
0.676914	0.527768	71.739948
0.677520	0.566040	71.850296
0.678125	0.562395	72.243155
0.678730	0.607350	72.180797
0.679336	0.574545	72.242884
0.679941	0.589732	72.464393
0.680547	0.604920	72.608089
0.681152	0.637117	72.768866
0.681758	0.596415	72.879213
0.682363	0.561180	72.967329
0.682969	0.582442	73.074423
0.683574	0.641369	73.199412
0.684180	0.714269	73.380794
0.684785	0.624360	73.513916
0.685391	0.656557	73.512289
0.685996	0.692399	73.642700
0.686602	0.654734	73.949884
0.687207	0.723989	73.953951
0.687813	0.711231	74.058334
0.688418	0.742214	74.249477
0.689023	0.729456	74.361451
0.689629	0.693007	74.366874
0.690234	0.740391	74.539580
0.690840	0.758616	74.680836
0.691445	0.761046	74.765427
0.692051	0.729456	74.874961
0.692656	0.771981	74.885535
0.693262	0.740391	75.141206
0.693867	0.775018	75.154220
0.694473	0.805393	75.205733
0.695078	0.796281	75.510206
0.695684	0.791421	75.510477
0.696289	0.823011	75.487974
0.696895	0.817543	75.654715
0.697500	0.854600	75.829320
0.698105	0.829693	75.881918
0.698711	0.867358	75.978438
0.699316	0.839413	76.110747
0.699922	0.858245	76.181782
0.700527	0.817543	76.242242
0.701133	0.939042	76.369671
0.701738	0.883153	76.496015
0.702344	0.833945	76.467276
0.702949	0.898947	76.443688
0.703555	0.833338	76.783136
0.704160	0.822403	76.860949
0.704766	0.807216	76.806724
0.705371	0.885583	76.945811
0.705977	0.781093	77.078933
0.706582	0.832730	77.130718
0.707187	0.775018	77.206904
0.707793	0.746466	77.232389
0.708398	0.650482	77.371747
0.709004	0.597022	77.407536
0.709609	0.611602	77.374187
0.710215	0.600667	77.560450
0.710820	0.556928	77.642330
0.711426	0.549638	77.528186
0.712031	0.599452	77.794159
0.712637	0.563002	77.915081
0.713242	0.493748	77.930535
0.713848	0.525338	77.993707
0.714453	0.520478	78.062030
0.715059	0.462766	78.117611
0.715664	0.413559	78.177529
0.716270	0.461551	78.258325
0.716875	0.422671	78.300078
0.717480	0.416596	78.332884
0.718086	0.389259	78.336408
0.718691	0.380146	78.437267
0.719297	0.323042	78.606449
0.719902	0.296919	78.432929
0.720508	0.287200	78.633019
0.721113	0.258647	78.754211
0.721719	0.281125	78.795422
0.722324	0.284162	78.780782
0.722930	0.363744	78.912819
0.723535	0.270797	78.929900
0.724141	0.311499	78.948879
0.724746	0.217945	79.002561
0.725352	0.270190	79.076578
0.725957	0.239207	79.137310
0.726562	0.283555	79.079290
0.727168	0.327902	79.147071
0.727773	0.355239	79.404368
0.728379	0.336407	79.204007
0.728984	0.420849	79.222715
0.729590	0.389866	79.425245
0.730195	0.381969	79.405453
0.730801	0.315752	79.446392
0.731406	0.395334	79.440428
0.732012	0.426316	79.557282
0.732617	0.456083	79.569483
0.733223	0.476738	79.586293
0.733828	0.621322	79.678475
0.734434	0.612817	79.715077
0.735039	0.577582	79.644856
0.735645	0.610387	79.683897
0.736250	0.601882	79.855790
0.736855	0.631649	79.677662
0.737461	0.700904	79.719957
0.738066	0.717306	79.908660
0.738672	0.790206	79.910829
0.739277	0.853993	79.923843
0.739883	0.846095	79.949871
0.740488	0.810861	79.991082
0.741094	0.795673	79.958547
0.741699	0.826656	79.948244
0.742305	0.780486	79.977254
0.742910	0.824226	80.087331
0.743516	0.892873	79.996504
0.744121	0.934790	79.956649
0.744727	0.842450	80.209337
0.745332	0.837590	80.040426
0.745938	0.906237	79.998402
0.746543	0.860068	80.130169
0.747148	0.790813	80.139116
0.747754	0.757401	80.114172
0.748359	0.790206	80.049102
0.748965	0.744036	80.088144
0.749570	0.832123	80.131524
0.750176	0.834553	80.120679
0.750781	0.849133	80.061845
0.751387	0.805393	80.122306
0.751992	0.750719	80.009518
0.752598	0.757401	79.972916
0.753203	0.695436	80.190087
0.753809	0.688147	80.011416
0.754414	0.728241	79.958547
0.755020	0.708801	80.043138
0.755625	0.722774	80.051542
0.756230	0.724596	80.019279
0.756836	0.682072	80.036631
0.757441	0.628612	80.043680
0.758047	0.634079	80.013585
0.758652	0.564217	79.933603
0.759258	0.527768	79.901339
0.759863	0.530198	80.015212
0.760469	0.490103	79.830576
0.761074	0.566040	79.809157
0.761680	0.497393	80.010060
0.762285	0.491318	79.826780
0.762891	0.515010	79.782045
0.763496	0.437251	79.757643
0.764102	0.402624	79.743545
0.764707	0.436036	79.744358
0.765312	0.450008	79.712094
0.765918	0.411129	79.659496
0.766523	0.496785	79.650007
0.767129	0.476738	79.593342
0.767734	0.469448	79.495466
0.768340	0.500430	79.583853
0.768945	0.491925	79.416840
0.769551	0.507720	79.331436
0.770156	0.454261	79.537761
0.770762	0.497393	79.450730
0.771367	0.525338	79.316795
0.771973	0.570900	79.355295
0.772578	0.558750	79.302425
0.773184	0.480991	79.239253
0.773789	0.541133	79.196687
0.774395	0.494355	79.121043
0.775000	0.581227	79.082543
0.775605	0.537488	79.021269
0.776211	0.600060	78.957013
0.776816	0.525945	78.996326
0.777422	0.556320	78.863746
0.778027	0.631649	78.735504
0.778633	0.605527	78.925291
0.779238	0.583657	78.798676
0.779844	0.609172	78.710831
0.780449	0.603097	78.675043
0.781055	0.649874	78.647659
0.781660	0.604312	78.563340
0.782266	0.510758	78.452992
0.782871	0.561180	78.438622
0.783477	0.535665	78.345084
0.784082	0.610387	78.296824
0.784687	0.606135	78.159906
0.785293	0.567862	78.204371
0.785898	0.598237	78.062302
0.786504	0.551460	77.850011
0.787109	0.601275	78.041425
0.787715	0.545993	77.967950
0.788320	0.594592	77.777350
0.788926	0.635902	77.752406
0.789531	0.616462	77.705230
0.790137	0.636509	77.639889
0.790742	0.593377	77.518968
0.791348	0.637724	77.455254
0.791953	0.583657	77.381779
0.792559	0.600667	77.275227
0.793164	0.583050	77.106859
0.793770	0.592770	77.159457
0.794375	0.592162	77.058327
0.794980	0.632864	76.785576
0.795586	0.621930	76.971025
0.796191	0.560572	76.799674
0.796797	0.570900	76.708305
0.797402	0.592162	76.624257
0.798008	0.518655	76.533159
0.798613	0.552675	76.440706
0.799219	0.548423	76.324664
0.799824	0.620715	76.301348
0.800430	0.589732	76.144638
0.801035	0.595200	76.038357
0.801641	0.607957	75.862397
0.802246	0.548423	75.892763
0.802852	0.585480	75.781602
0.803457	0.584872	75.458692
0.804063	0.570900	75.630585
0.804668	0.553283	75.573649
0.805273	0.628004	75.370306
0.805879	0.696044	75.298458
0.806484	0.689969	75.237726
0.807090	0.653519	75.137952
0.807695	0.634687	74.940302
0.808301	0.593377	74.843511
0.808906	0.582442	74.771392
0.809512	0.583050	74.656977
0.810117	0.617677	74.432757
0.810723	0.629219	74.436282
0.811328	0.574545	74.356029
0.811934	0.672352	74.039355
0.812539	0.643799	74.082735
0.813145	0.639547	73.986215
0.813750	0.556928	73.844146
0.814355	0.579405	73.723766
0.814961	0.533843	73.593898
0.815566	0.584872	73.490328
0.816172	0.584872	73.383776
0.816777	0.667492	73.315182
0.817383	0.601882	73.150880
0.817988	0.563610	73.023452
0.818594	0.646837	72.791098
0.819199	0.571507	72.803841
0.819805	0.632864	72.619205
0.820410	0.638332	72.341573
0.821016	0.561787	72.368686
0.821621	0.576975	72.261863
0.822227	0.633472	72.055266
0.822832	0.722774	71.971488
0.823438	0.646229	71.828606
0.824043	0.647444	71.713378
0.824648	0.675389	71.582696
0.825254	0.675997	71.410803
0.825859	0.628612	71.281748
0.826465	0.646837	71.160826
0.827070	0.662632	70.850659
0.827676	0.649267	70.885363
0.828281	0.619500	70.801857
0.828887	0.666277	70.408455
0.829492	0.705156	70.425807
0.830098	0.716699	70.389205
0.830703	0.615855	70.166341
0.831309	0.630434	69.968149
0.831914	0.649267	69.822284
0.832520	0.571507	69.709767
0.833125	0.573330	69.519438
0.833730	0.643192	69.385231
0.834336	0.698474	69.277595
0.834941	0.591555	69.099737
0.835547	0.576367	68.776557
0.836152	0.598845	68.716367
0.836758	0.617070	68.722061
0.837363	0.573937	68.441718
0.837969	0.643192	68.263589
0.838574	0.583657	68.110675
0.839180	0.631649	67.969690
0.839785	0.659594	67.852564
0.840391	0.696044	67.674706
0.840996	0.675997	67.548362
0.841602	0.673567	67.332547
0.842207	0.632864	67.169873
0.842812	0.601882	67.018043
0.843418	0.632257	66.901730
0.844023	0.604312	66.576381
0.844629	0.693007	66.490163
0.845234	0.557535	66.490163
0.845840	0.621930	66.132008
0.846445	0.630434	65.960115
0.847051	0.527768	65.848140
0.847656	0.536273	65.681941
0.848262	0.569685	65.450129
0.848867	0.524123	65.246786
0.849473	0.470056	65.153790
0.850078	0.518048	64.968070
0.850684	0.477346	64.772047
0.851289	0.525338	64.628893
0.851895	0.500430	64.489264
0.852500	0.455476	64.141682
0.853105	0.518048	64.064141
0.853711	0.398979	64.086102
0.854316	0.500430	63.709510
0.854922	0.437251	63.514029
0.855527	0.508328	63.370875
0.856133	0.536880	63.188408
0.856738	0.453653	62.969069
0.857344	0.476738	62.848689
0.857949	0.490711	62.639652
0.858555	0.468233	62.450136
0.859160	0.437858	62.200159
0.859766	0.421456	62.013626
0.860371	0.464588	61.899211
0.860977	0.490711	61.564915
0.861582	0.527160	61.392479
0.862187	0.535665	61.406849
0.862793	0.514403	61.031341
0.863398	0.554498	60.887103
0.864004	0.521693	60.719277
0.864609	0.631649	60.508884
0.865215	0.541133	60.280869
0.865820	0.566647	60.059902
0.866426	0.591555	59.920815
0.867031	0.631649	59.750820
0.867637	0.651697	59.473731
0.868242	0.645622	59.242462
0.868848	0.645622	59.182272
0.869453	0.628612	58.817067
0.870059	0.703941	58.533742
0.870664	0.619500	58.591492
0.871270	0.652912	58.349106
0.871875	0.691792	58.065239
0.872480	0.725204	57.858371
0.873086	0.706371	57.663974
0.873691	0.785953	57.443821
0.874297	0.791421	57.221228
0.874902	0.760439	56.994568
0.875508	0.732494	56.778211
0.876113	0.813291	56.536910
0.876719	0.813291	56.248162
0.877324	0.786561	56.183634
0.877930	0.819366	55.881331
0.878535	0.846703	55.550830
0.879141	0.843665	55.467323
0.879746	0.796281	55.346673
0.880352	0.805393	55.055756
0.880957	0.762261	54.861089
0.881563	0.769551	54.623855
0.882168	0.796888	54.414004
0.882773	0.743429	54.142880
0.883379	0.799318	53.992948
0.883984	0.821796	53.769270
0.884590	0.766513	53.482963
0.885195	0.743429	53.129416
0.885801	0.725811	53.078174
0.886406	0.658379	52.786173
0.887012	0.682072	52.426933
0.887617	0.654127	52.349933
0.888223	0.648052	52.137914
0.888828	0.706979	51.861909
0.889434	0.547815	51.650432
0.890039	0.575152	51.419163
0.890645	0.570900	51.165119
0.891250	0.629827	50.969096
0.891855	0.646229	50.686855
0.892461	0.520478	50.481614
0.893066	0.557535	50.264714
0.893672	0.523515	49.836880
0.894277	0.513795	49.729243
0.894883	0.511365	49.603441
0.895488	0.493140	49.138192
0.896094	0.518655	49.002629
0.896699	0.483421	48.815825
0.897305	0.459728	48.543073
0.897910	0.470663	48.281167
0.898516	0.469448	48.024954
0.899121	0.468233	47.828931
0.899727	0.471878	47.585461
0.900332	0.479168	47.333044
0.900937	0.477953	47.075205
0.901543	0.462766	46.860474
0.902148	0.444541	46.510181
0.902754	0.479168	46.344524
0.903359	0.435428	46.171818
0.903965	0.459121	45.762420
0.904570	0.409914	45.604083
0.905176	0.428138	45.351937
0.905781	0.419634	45.088946
0.906387	0.429961	44.864455
0.906992	0.449401	44.607429
0.907598	0.463981	44.405441
0.908203	0.507720	44.068976
0.908809	0.453653	43.808696
0.909414	0.468233	43.581223
0.910020	0.445148	43.414752
0.910625	0.552675	42.971735
0.911230	0.578797	42.854880
0.911836	0.505290	42.715251
0.912441	0.575760	42.250815
0.913047	0.617070	42.018461
0.913652	0.619500	41.858769
0.914258	0.629827	41.581950
0.914863	0.682679	41.339023
0.915469	0.650482	41.048648
0.916074	0.666884	40.812770
0.916680	0.663239	40.563064
0.917285	0.622537	40.277028
0.917891	0.688754	40.004005
0.918496	0.651089	39.806627
0.919102	0.697866	39.400482
0.919707	0.652912	39.161893
0.920312	0.702726	39.143185
0.920918	0.730064	38.733245
0.921523	0.713661	38.404913
0.922129	0.764691	38.210788
0.922734	0.738569	37.939392
0.923340	0.740999	37.650644
0.923945	0.742821	37.397143
0.924551	0.796281	37.134965
0.925156	0.728849	36.826968
0.925762	0.745251	36.529815
0.926367	0.784131	36.248117
0.926973	0.768943	36.114453
0.927578	0.769551	35.638900
0.928184	0.841843	35.374825
0.928789	0.751326	35.329005
0.929395	0.750719	34.954853
0.930000	0.759224	34.627606
0.930605	0.733709	34.381424
0.931211	0.739784	34.121145
0.931816	0.710624	33.828601
0.932422	0.747681	33.574829
0.933027	0.728849	33.304247
0.933633	0.723989	33.006823
0.934238	0.720344	32.730818
0.934844	0.656557	32.397064
0.935449	0.668099	32.193449
0.936055	0.660202	31.770495
0.936660	0.631649	31.473342
0.937266	0.571507	31.427522
0.937871	0.576975	31.028698
0.938477	0.662632	30.734528
0.939082	0.628004	30.510037
0.939688	0.603097	30.229423
0.940293	0.566040	29.880215
0.940898	0.563002	29.611801
0.941504	0.536273	29.344472
0.942109	0.518048	29.092869
0.942715	0.533235	28.711397
0.943320	0.553890	28.432952
0.943926	0.492533	28.291967
0.944531	0.468841	27.789844
0.945137	0.539918	27.537698
0.945742	0.502253	27.476424
0.946348	0.419634	27.066213
0.946953	0.423886	26.763909
0.947559	0.405054	26.488718
0.948164	0.456691	26.190209
0.948770	0.513188	25.936708
0.949375	0.480991	25.621119
0.949980	0.463981	25.345656
0.950586	0.437251	25.049046
0.951191	0.406876	24.725052
0.951797	0.455476	24.412175
0.952402	0.388044	24.241637
0.953008	0.427531	23.770152
0.953613	0.455476	23.538340
0.954219	0.405661	23.431788
0.954824	0.445148	23.112675
0.955430	0.429353	22.744759
0.956035	0.518048	22.521081
0.956641	0.499215	22.241822
0.957246	0.450616	21.896410
0.957852	0.469448	21.580821
0.958457	0.463981	21.283939
0.959063	0.445756	21.072733
0.959668	0.448186	20.691532
0.960273	0.553283	20.343137
0.960879	0.556928	20.238212
0.961484	0.539310	19.793839
0.962090	0.605527	19.384441
0.962695	0.640154	19.277889
0.963301	0.537488	19.026828
0.963906	0.613425	18.726964
0.964512	0.580620	18.404868
0.965117	0.650482	18.148926
0.965723	0.640154	17.812461
0.966328	0.703334	17.555977
0.966934	0.720951	17.228729
0.967539	0.744036	17.032978
0.968145	0.713661	16.679973
0.968750	0.744036	16.241565
0.969355	0.765298	16.182731
0.969961	0.723381	15.771977
0.970566	0.721559	15.332755
0.971172	0.798711	15.218883
0.971777	0.740391	14.934202
0.972383	0.786561	14.589332
0.972988	0.842450	14.326341
0.973594	0.845488	14.034611
0.974199	0.804178	13.660730
0.974805	0.761654	13.335381
0.975410	0.826656	13.042566
0.976016	0.859460	12.785811
0.976621	0.826656	12.441483
0.977227	0.875255	12.091190
0.977832	0.871610	11.921466
0.978437	0.861283	11.627296
0.979043	0.892873	11.102670
0.979648	0.881938	10.954365
0.980254	0.828478	10.722825
0.980859	0.779271	10.352468
0.981465	0.776233	10.036066
0.982070	0.789598	9.787445
0.982676	0.804786	9.483514
0.983281	0.768943	9.132950
0.983887	0.810253	8.810312
0.984492	0.704549	8.549490
0.985098	0.700904	8.243933
0.985703	0.722166	7.745606
0.986309	0.689969	7.614110
0.986914	0.598237	7.360338
0.987520	0.598845	6.934672
0.988125	0.624360	6.644027
0.988730	0.654734	6.424958
0.989336	0.533235	6.099066
0.989941	0.542955	5.794051
0.990547	0.525338	5.501237
0.991152	0.583657	5.182394
0.991758	0.503468	4.868432
0.992363	0.462158	4.516512
0.992969	0.434821	4.245117
0.993574	0.453653	3.998122
0.994180	0.434213	3.517690
0.994785	0.429353	3.377789
0.995391	0.428138	3.137302
0.995996	0.426923	2.664461
0.996602	0.408091	2.402012
0.997207	0.388044	2.112180
0.997812	0.236777	1.764598
0.998418	0.314537	1.433555
0.999023	0.386221	1.167311
0.999629	0.328509	0.943904
1.000234	0.400194	0.606896
1.000840	0.377716	0.218646
1.001445	0.389866	-0.031331
1.002051	0.369819	-0.254195
1.002656	0.432998	-0.728392
1.003262	0.393511	-0.953697
1.003867	0.371034	-1.088174
1.004473	0.422064	-1.497030
1.005078	0.449401	-1.797978
1.005684	0.573937	-2.093233
1.006289	0.465196	-2.429156
1.006895	0.479776	-2.679404
1.007500	0.590340	-2.979810
1.008105	0.555105	-3.313565
1.008711	0.518048	-3.628611
1.009316	0.539918	-3.914648
1.009922	0.549030	-4.274430
1.010527	0.605527	-4.491330
1.011133	0.646837	-4.924316
1.011738	0.696651	-5.226077
1.012344	0.654734	-5.296299
1.012949	0.646229	-5.705968
1.013555	0.674174	-6.082289
1.014160	0.601275	-6.382695
1.014766	0.699081	-6.640534
1.015371	0.672959	-6.954767
1.015977	0.796888	-7.245413
1.016582	0.741606	-7.522502
1.017187	0.785953	-7.791187
1.017793	0.837590	-8.140395
1.018398	0.767728	-8.473607
1.019004	0.815721	-8.601036
1.019609	0.710016	-9.079842
1.020215	0.720951	-9.477853
1.020820	0.741606	-9.566510
1.021426	0.713054	-9.842515
1.022031	0.747681	-10.205009
1.022637	0.756794	-10.531443
1.023242	0.770158	-10.819377
1.023848	0.733709	-11.098635
1.024453	0.755579	-11.426967
1.025059	0.761654	-11.760450
1.025664	0.723989	-12.011512
1.026270	0.655342	-12.346079
1.026875	0.729456	-12.750326
1.027480	0.675389	-12.887515
1.028086	0.658987	-13.221269
1.028691	0.689362	-13.704142
1.029297	0.674174	-13.838620
1.029902	0.646229	-14.120589
1.030508	0.679642	-14.445668
1.031113	0.611602	-14.765053
1.031719	0.554498	-15.073592
1.032324	0.632864	-15.373727
1.032930	0.600667	-15.702059
1.033535	0.610995	-15.979691
1.034141	0.640154	-16.229125
1.034746	0.593377	-16.554475
1.035352	0.611602	-16.996137
1.035957	0.513188	-17.122752
1.036563	0.528983	-17.428851
1.037168	0.530805	-17.910097
1.037773	0.550853	-18.076026
1.038379	0.530805	-18.305939
1.038984	0.567862	-18.577335
1.039590	0.507113	-18.968297
1.040195	0.528983	-19.186010
1.040801	0.552068	-19.457405
1.041406	0.497393	-19.773536
1.042012	0.561787	-20.123287
1.042617	0.555713	-20.398750
1.043223	0.475523	-20.656047
1.043828	0.509543	-21.087948
1.044434	0.597630	-21.234356
1.045039	0.581835	-21.501413
1.045645	0.569077	-21.987540
1.046250	0.598845	-22.098430
1.046855	0.573330	-22.442758
1.047461	0.572722	-22.732319
1.048066	0.526553	-23.083154
1.048672	0.561787	-23.341264
1.049277	0.610387	-23.625674
1.049883	0.587910	-23.917946
1.050488	0.615855	-24.226757
1.051094	0.641369	-24.489206
1.051699	0.617070	-24.705021
1.052305	0.643799	-25.188978
1.052910	0.652912	-25.349213
1.053516	0.624360	-25.467423
1.054121	0.672959	-25.927522
1.054727	0.636509	-26.218709
1.055332	0.654127	-26.419342
1.055937	0.624360	-26.745776
1.056543	0.649267	-27.038590
1.057148	0.653519	-27.331676
1.057754	0.652912	-27.592769
1.058359	0.632864	-27.888566
1.058965	0.614640	-28.210933
1.059570	0.587910	-28.531402
1.060176	0.658987	-28.701939
1.060781	0.594592	-29.171527
1.061387	0.657772	-29.455665
1.061992	0.571507	-29.491996
1.062598	0.607957	-29.920915
1.063203	0.614032	-30.254127
1.063809	0.621322	-30.433069
1.064414	0.585480	-30.755165
1.065020	0.612817	-31.050420
1.065625	0.597630	-31.360858
1.066230	0.587302	-31.586433
1.066836	0.673567	-31.811738
1.067441	0.610387	-32.092352
1.068047	0.621322	-32.450778
1.068652	0.595807	-32.646259
1.069258	0.593377	-33.098495
1.069863	0.587302	-33.356334
1.070469	0.521693	-33.344134
1.071074	0.524730	-33.780915
1.071680	0.593985	-34.072917
1.072285	0.566040	-34.358140
1.072891	0.575152	-34.579920
1.073496	0.603705	-34.872463
1.074102	0.605527	-35.161753
1.074707	0.525945	-35.494694
1.075312	0.569685	-35.686921
1.075918	0.577582	-36.007933
1.076523	0.606135	-36.314032
1.077129	0.609780	-36.453932
1.077734	0.546600	-36.872007
1.078340	0.667492	-37.156687
1.078945	0.629219	-37.221486
1.079551	0.615855	-37.559578
1.080156	0.642584	-37.909058
1.080762	0.597630	-38.122433
1.081367	0.645622	-38.381899
1.081973	0.609780	-38.674171
1.082578	0.645622	-38.969697
1.083184	0.652912	-39.175752
1.083789	0.592162	-39.475345
1.084395	0.642584	-39.780902
1.085000	0.575152	-40.119536
1.085605	0.580012	-40.241814
1.086211	0.613425	-40.620846
1.086816	0.584872	-40.976290
1.087422	0.578797	-40.953516
1.088027	0.548423	-41.243348
1.088633	0.594592	-41.558123
1.089238	0.590947	-41.820572
1.089844	0.603705	-42.058077
1.090449	0.583657	-42.286364
1.091055	0.603705	-42.572400
1.091660	0.549638	-42.829969
1.092266	0.506505	-43.093502
1.092871	0.563002	-43.349443
1.093477	0.604312	-43.767517
1.094082	0.561180	-43.845330
1.094688	0.542348	-44.160106
1.095293	0.574545	-44.541578
1.095898	0.532628	-44.657077
1.096504	0.553283	-44.908138
1.097109	0.488281	-45.181432
1.097715	0.538703	-45.393180
1.098320	0.525945	-45.665931
1.098926	0.441503	-45.969862
1.099531	0.457906	-46.181339
1.100137	0.572115	-46.388750
1.100742	0.571507	-46.611614
1.101348	0.515010	-46.954044
1.101953	0.505290	-47.328196
1.102559	0.489496	-47.400315
1.103164	0.531413	-47.673338
1.103770	0.535665	-48.114457
1.104375	0.553283	-48.140214
1.104980	0.547815	-48.350607
1.105586	0.590947	-48.581334
1.106191	0.545385	-48.905328
1.106797	0.637724	-49.099182
1.107402	0.620715	-49.340211
1.108008	0.606742	-49.611607
1.108613	0.630434	-49.833387
1.109219	0.643192	-50.006907
1.109824	0.618285	-50.316802
1.110430	0.660202	-50.654081
1.111035	0.672959	-50.713186
1.111641	0.639547	-50.930086
1.112246	0.774411	-51.426786
1.112852	0.697866	-51.536591
1.113457	0.695436	-51.668900
1.114062	0.664454	-51.974186
1.114668	0.700904	-52.228230
1.115273	0.728241	-52.375451
1.115879	0.723381	-52.604009
1.116484	0.736746	-52.871880
1.117090	0.774411	-53.095015
1.117695	0.762868	-53.279380
1.118301	0.726419	-53.477301
1.118906	0.728849	-53.919234
1.119512	0.719736	-54.021448
1.120117	0.696044	-54.131525
1.120723	0.649267	-54.561799
1.121328	0.703941	-54.739928
1.121934	0.720951	-54.898265
1.122539	0.726419	-55.097812
1.123145	0.675389	-55.327184
1.123750	0.700296	-55.538932
1.124355	0.684502	-55.788367
1.124961	0.688754	-56.016382
1.125566	0.618892	-56.250905
1.126172	0.604920	-56.387281
1.126777	0.674782	-56.613128
1.127383	0.643799	-56.976435
1.127988	0.628612	-57.057230
1.128594	0.680249	-57.177880
1.129199	0.684502	-57.601919
1.129805	0.614032	-57.712267
1.130410	0.510150	-57.883617
1.131016	0.535058	-58.140643
1.131621	0.552675	-58.395500
1.132227	0.531413	-58.579323
1.132832	0.554498	-58.737660
1.133438	0.526553	-58.996041
1.134043	0.550245	-59.207519
1.134648	0.527768	-59.388359
1.135254	0.488281	-59.553473
1.135859	0.504075	-59.967210
1.136465	0.493748	-60.095180
1.137070	0.448793	-60.062916
1.137676	0.438466	-60.443033
1.138281	0.493140	-60.668609
1.138887	0.453653	-60.866801
1.139492	0.472486	-60.980402
1.140098	0.471878	-61.141721
1.140703	0.430568	-61.433722
1.141309	0.461551	-61.605073
1.141914	0.502860	-61.780491
1.142520	0.490103	-61.980580
1.143125	0.455476	-62.253332
1.143730	0.473093	-62.301321
1.144336	0.496785	-62.619892
1.144941	0.557535	-62.838147
1.145547	0.607350	-62.808324
1.146152	0.540525	-63.102223
1.146758	0.526553	-63.289028
1.147363	0.560572	-63.441400
1.147969	0.549030	-63.677549
1.148574	0.536273	-63.859202
1.149180	0.547815	-64.007779
1.149785	0.681464	-64.167471
1.150391	0.575760	-64.381931
1.150996	0.648052	-64.605337
1.151602	0.652304	-64.789973
1.152207	0.636509	-64.859652
1.152813	0.614640	-65.136741
1.153418	0.618285	-65.443926
1.154023	0.588517	-65.333849
1.154629	0.632257	-65.475105
1.155234	0.630434	-65.789880
1.155840	0.675389	-65.914869
1.156445	0.720951	-66.017083
1.157051	0.620107	-66.265975
1.157656	0.657164	-66.456305
1.158262	0.659594	-66.662630
1.158867	0.597630	-66.762675
1.159473	0.606135	-66.969272
1.160078	0.608565	-67.228738
1.160684	0.605527	-67.269136
1.161289	0.632864	-67.421779
1.161895	0.634079	-67.797829
1.162500	0.727634	-67.791593
1.163105	0.625575	-67.887842
1.163711	0.616462	-68.076816
1.164316	0.600667	-68.251691
1.164922	0.648052	-68.445817
1.165527	0.683894	-68.602527
1.166133	0.634079	-68.743782
1.166738	0.609172	-68.911880
1.167344	0.671744	-69.030361
1.167949	0.658379	-69.166737
1.168555	0.612210	-69.470125
1.169160	0.655342	-69.520283
1.169766	0.550245	-69.644458
1.170371	0.610387	-69.991498
1.170977	0.558143	-70.019695
1.171582	0.528375	-70.073377
1.172187	0.558750	-70.292717
1.172793	0.613425	-70.392220
1.173398	0.614640	-70.505279
1.174004	0.595200	-70.671207
1.174609	0.614640	-70.876177
1.175215	0.536880	-71.019060
1.175820	0.563002	-71.088197
1.176426	0.569685	-71.210203
1.177031	0.600060	-71.532027
1.177637	0.617677	-71.540975
1.178242	0.582442	-71.553446
1.178848	0.607957	-71.937087
1.179453	0.608565	-72.053671
1.180059	0.610995	-72.020323
1.180664	0.540525	-72.215261
1.181270	0.545385	-72.373056
1.181875	0.576975	-72.483675
1.182480	0.650482	-72.577213
1.183086	0.598845	-72.736905
1.183691	0.623145	-72.873281
1.184297	0.711231	-72.964921
1.184902	0.685717	-73.099670
1.185508	0.679642	-73.356967
1.186113	0.692399	-73.380826
1.186719	0.655949	-73.409023
1.187324	0.637117	-73.699126
1.187930	0.685109	-73.763111
1.188535	0.652912	-73.850956
1.189141	0.661417	-73.961575
1.189746	0.730064	-74.046708
1.190352	0.721559	-74.131570
1.190957	0.758009	-74.249509
1.191563	0.657772	-74.454208
1.192168	0.699081	-74.538528
1.192773	0.645622	-74.674632
1.193379	0.660809	-74.755156
1.193984	0.717306	-74.991577
1.194590	0.708194	-75.055833
1.195195	0.706979	-74.944943
1.195801	0.706979	-75.258634
1.196406	0.723381	-75.399348
1.197012	0.656557	-75.409922
1.197617	0.628004	-75.505087
1.198223	0.581835	-75.660441
1.198828	0.626790	-75.775669
1.199434	0.630434	-75.852939
1.200039	0.607350	-75.948646
1.200645	0.628612	-76.049234
1.201250	0.668099	-76.132469
1.201855	0.600667	-76.187507
1.202461	0.610387	-76.387326
1.203066	0.583050	-76.607750
1.203672	0.457906	-76.397900
1.204277	0.511365	-76.552983
1.204883	0.576367	-76.738432
1.205488	0.493140	-76.800249
1.206094	0.568470	-76.839562
1.206699	0.567862	-76.902191
1.207305	0.513795	-77.017148
1.207910	0.457906	-77.129123
1.208516	0.398979	-77.218594
1.209121	0.386221	-77.279055
1.209727	0.367996	-77.450405
1.210332	0.332154	-77.386149
1.210937	0.398371	-77.587594
1.211543	0.440288	-77.706889
1.212148	0.395334	-77.566718
1.212754	0.381361	-77.737255
1.213359	0.431783	-77.851670
1.213965	0.416596	-77.875800
1.214570	0.377716	-77.936803
1.215176	0.461551	-78.001330
1.215781	0.402624	-78.092428
1.216387	0.405661	-78.144213
1.216992	0.491925	-78.155600
1.217598	0.511973	-78.307430
1.218203	0.538703	-78.361655
1.218809	0.528375	-78.317462
1.219414	0.508328	-78.575301
1.220020	0.516225	-78.543580
1.220625	0.501038	-78.437028
1.221230	0.472486	-78.596720
1.221836	0.545993	-78.692427
1.222441	0.558750	-78.688360
1.223047	0.590947	-78.707339
1.223652	0.573937	-78.767800
1.224258	0.569077	-78.862422
1.224863	0.590947	-78.929119
1.225469	0.616462	-78.948911
1.226074	0.547815	-79.067121
1.226680	0.607957	-79.090980
1.227285	0.602490	-79.034315
1.227891	0.615855	-79.294052
1.228496	0.648659	-79.196990
1.229102	0.657772	-79.122702
1.229707	0.667492	-79.302457
1.230312	0.579405	-79.313844
1.230918	0.637724	-79.365087
1.231523	0.627397	-79.450220
1.232129	0.670529	-79.480586
1.232734	0.728849	-79.472723
1.233340	0.676604	-79.496311
1.233945	0.720344	-79.558399
1.234551	0.801748	-79.634856
1.235156	0.713661	-79.638380
1.235762	0.693007	-79.529117
1.236367	0.745859	-79.811087
1.236973	0.741606	-79.739510
1.237578	0.698474	-79.562737
1.238184	0.748289	-79.730563
1.238789	0.723381	-79.788312
1.239395	0.749504	-79.817323
