LabVIEW Measurement	
Writer_Version	2
Reader_Version	2
Separator	Tab
Decimal_Separator	.
Multi_Headings	No
X_Columns	One
Time_Pref	Absolute
Operator	AlunosGDS-JT
Date	2019/10/09
Time	15:19:08.4651639249999940857
***End_of_Header***	
	
Channels	2		
Samples	2048	2048	
Date	2019/10/09	2019/10/09	
Time	15:30:23.2413162687499892695	15:30:23.2413162687499892695	
Y_Unit_Label	g	Newtons	
X_Dimension	Time	Time	
X0	0.0000000000000000E+0	0.0000000000000000E+0	
Delta_X	0.000605	0.000605	
***End_of_Header***			
X_Value	Acceleration (Trigger)	Force (Trigger)	Comment
0.000000	4.579763	9.838959
0.000605	7.553453	21.316474
0.001211	10.419617	32.741392
0.001816	13.208022	43.677743
0.002422	15.872497	54.180295
0.003027	18.493233	64.172048
0.003633	20.867933	73.714548
0.004238	23.037299	82.497086
0.004844	25.045072	90.546232
0.005449	26.830501	97.748655
0.006055	28.383260	104.111135
0.006660	29.631055	109.538236
0.007266	30.651040	113.826613
0.007871	31.494244	117.175272
0.008477	32.001503	119.694290
0.009082	32.149732	120.809968
0.009687	32.155199	120.857957
0.010293	31.754860	120.010150
0.010898	31.137037	118.030670
0.011504	30.190559	114.896470
0.012109	28.972530	110.726575
0.012715	27.530336	105.662239
0.013320	25.837246	99.552718
0.013926	23.950365	92.627384
0.014531	21.825345	84.784293
0.015137	19.563032	76.221637
0.015742	17.075946	67.069828
0.016348	14.446705	57.040659
0.016953	11.623673	46.661469
0.017559	8.779379	36.116350
0.018164	5.823306	24.872002
0.018770	2.969900	13.412109
0.019375	-0.069400	2.010237
0.019980	-3.086831	-9.529095
0.020586	-5.976079	-20.944523
0.021191	-8.858038	-32.242555
0.021797	-11.752754	-43.243976
0.022402	-14.452464	-53.834101
0.023008	-17.000300	-63.947589
0.023613	-19.348270	-73.599352
0.024219	-21.606331	-82.520977
0.024824	-23.652984	-90.486074
0.025430	-25.411683	-98.013576
0.026035	-26.984489	-104.589973
0.026641	-28.326447	-109.891001
0.027246	-29.402321	-114.382179
0.027852	-30.250992	-117.984882
0.028457	-30.796523	-120.405482
0.029062	-31.021297	-121.692510
0.029668	-30.995782	-121.901818
0.030273	-30.678062	-121.092512
0.030879	-30.040192	-119.085105
0.031484	-29.172688	-116.003233
0.032090	-27.985034	-111.809478
0.032695	-26.626674	-106.853592
0.033301	-24.923864	-100.810497
0.033906	-23.090443	-93.545443
0.034512	-21.024958	-85.814598
0.035117	-18.810637	-77.332737
0.035723	-16.309578	-67.930951
0.036328	-13.676085	-57.969022
0.036934	-11.020114	-47.592814
0.037539	-8.121146	-36.705536
0.038145	-5.240402	-25.482606
0.038750	-2.287366	-14.041692
0.039355	0.608565	-2.495853
0.039961	3.603518	9.023416
0.040566	6.580246	20.373774
0.041172	9.436082	31.807910
0.041777	12.212944	42.681632
0.042383	14.953356	53.158969
0.042988	17.524277	63.429980
0.043594	19.869210	72.934523
0.044199	22.085961	81.771285
0.044805	24.079154	89.862998
0.045410	25.885238	97.136185
0.046016	27.487204	103.547196
0.046621	28.902668	109.020388
0.047227	29.964570	113.526478
0.047832	30.761604	116.961897
0.048438	31.384895	119.355114
0.049043	31.613921	120.659223
0.049648	31.615136	120.801292
0.050254	31.260358	120.115076
0.050859	30.728192	118.190091
0.051465	29.853399	115.052367
0.052070	28.786637	111.053551
0.052676	27.480521	106.066757
0.053281	25.832993	100.031795
0.053887	23.970412	93.170175
0.054492	21.880628	85.385376
0.055098	19.658409	76.960180
0.055703	17.300719	67.736252
0.056309	14.706713	57.870300
0.056914	11.980881	47.504666
0.057520	9.233178	36.861672
0.058125	6.326312	25.721977
0.058730	3.478373	14.177765
0.059336	0.536880	2.901423
0.059941	-2.475690	-8.510480
0.060547	-5.332741	-20.052524
0.061152	-8.137548	-31.296872
0.061758	-10.986095	-42.334353
0.062363	-13.634168	-52.927189
0.062969	-16.106674	-63.078093
0.063574	-18.441280	-72.666413
0.064180	-20.704200	-81.662325
0.064785	-22.753283	-89.837273
0.065391	-24.511982	-97.266357
0.065996	-26.086003	-103.905926
0.066602	-27.477168	-109.282326
0.067207	-28.580380	-113.872194
0.067812	-29.308159	-117.647332
0.068418	-29.817848	-120.109414
0.069023	-30.083324	-121.396442
0.069629	-30.105194	-121.731010
0.070234	-29.796586	-120.963185
0.070840	-29.255915	-119.076158
0.071445	-28.418178	-116.085926
0.072051	-27.341696	-112.062708
0.072656	-25.980299	-107.059918
0.073262	-24.317584	-101.119037
0.073867	-22.516360	-94.100164
0.074473	-20.489147	-86.348984
0.075078	-18.286368	-77.990485
0.075684	-15.889799	-68.506277
0.076289	-13.345000	-58.566309
0.076895	-10.754639	-48.233752
0.077500	-7.965627	-37.434590
0.078105	-5.125586	-26.281339
0.078711	-2.281899	-14.893294
0.079316	0.663239	-3.333628
0.079922	3.530011	8.169916
0.080527	6.432624	19.623302
0.081133	9.316405	30.901541
0.081738	11.961441	41.837350
0.082344	14.607691	52.332581
0.082949	17.092348	62.635314
0.083555	19.435458	72.110846
0.084160	21.657069	80.850004
0.084766	23.656337	89.143704
0.085371	25.396204	96.571975
0.085977	26.990880	103.014979
0.086582	28.314005	108.482748
0.087188	29.337027	113.076953
0.087793	30.169296	116.622991
0.088398	30.651040	119.067450
0.089004	30.870346	120.421175
0.089609	30.876421	120.680099
0.090215	30.617628	119.963246
0.090820	30.013170	118.066459
0.091426	29.191229	114.968318
0.092031	28.078297	111.172032
0.092637	26.704142	106.325681
0.093242	25.062082	100.201248
0.093848	23.242632	93.411747
0.094453	21.163783	85.760070
0.095059	18.967687	77.335145
0.095664	16.606959	68.171407
0.096270	14.074918	58.384624
0.096875	11.353945	48.117679
0.097480	8.604421	37.428322
0.098086	5.787464	26.337972
0.098691	2.906113	14.876182
0.099297	-0.020801	3.584657
0.099902	-2.993884	-7.957386
0.100508	-5.814485	-19.569109
0.101113	-8.594385	-30.651867
0.101719	-11.263720	-41.539687
0.102324	-13.961608	-52.274593
0.102930	-16.435937	-62.469418
0.103535	-18.738345	-72.057196
0.104141	-20.922899	-81.031418
0.104746	-22.921559	-89.301802
0.105352	-24.650491	-96.787280
0.105957	-26.223297	-103.368015
0.106563	-27.489925	-108.879977
0.107168	-28.550613	-113.563383
0.107773	-29.256522	-117.404133
0.108379	-29.675694	-119.746920
0.108984	-29.999489	-121.251933
0.109590	-29.912617	-121.757038
0.110195	-29.567560	-120.939055
0.110801	-28.981934	-119.094324
0.111406	-28.135693	-116.148555
0.112012	-27.023369	-112.169802
0.112617	-25.667439	-107.222322
0.113223	-23.951871	-101.231011
0.113828	-22.093543	-94.347430
0.114434	-20.106425	-86.646679
0.115039	-17.810699	-78.150449
0.115645	-15.456047	-68.897239
0.116250	-12.898491	-59.107474
0.116855	-10.237053	-48.921324
0.117461	-7.468696	-37.838837
0.118066	-4.648702	-26.612924
0.118672	-1.753985	-15.430663
0.119277	1.268305	-3.843071
0.119883	4.080401	7.690839
0.120488	6.986053	19.173235
0.121094	9.886844	30.420837
0.121699	12.641228	41.419005
0.122305	15.209719	52.022415
0.122910	17.704703	62.150273
0.123516	20.030804	71.665118
0.124121	22.295547	80.514894
0.124727	24.224345	88.922738
0.125332	25.989120	96.243914
0.125938	27.545523	102.566539
0.126543	28.804254	108.282387
0.127148	29.833351	112.928106
0.127754	30.593936	116.464655
0.128359	31.139467	118.973641
0.128965	31.342978	120.439612
0.129570	31.324145	120.816204
0.130176	30.965723	120.058411
0.130781	30.411080	118.196056
0.131387	29.495584	115.356297
0.131992	28.368680	111.507956
0.132598	26.965972	106.468021
0.133203	25.308725	100.477795
0.133809	23.494743	93.878624
0.134414	21.344209	86.321298
0.135020	19.136570	77.753491
0.135625	16.760655	68.626354
0.136230	14.200669	59.006312
0.136836	11.444462	48.739096
0.137441	8.677928	38.064109
0.138047	5.808119	26.908961
0.138652	2.868448	15.616352
0.139258	-0.130757	4.176251
0.139863	-2.988416	-7.352507
0.140469	-5.928087	-18.888044
0.141074	-8.765091	-30.033703
0.141680	-11.517653	-41.107514
0.142285	-14.158436	-51.956835
0.142891	-16.683795	-62.001728
0.143496	-19.080365	-71.657558
0.144102	-21.288004	-80.662418
0.144707	-23.297599	-88.994347
0.145313	-25.031998	-96.470877
0.145918	-26.610272	-103.107735
0.146523	-27.961342	-108.801893
0.147129	-28.994084	-113.552809
0.147734	-29.739481	-117.218142
0.148340	-30.254637	-119.839103
0.148945	-30.512823	-121.424910
0.149551	-30.546843	-121.973666
0.150156	-30.227300	-121.073262
0.150762	-29.704246	-119.316646
0.151367	-28.768703	-116.589404
0.151973	-27.622359	-112.585165
0.152578	-26.201427	-107.614910
0.153184	-24.532030	-101.730423
0.153789	-22.758750	-94.906489
0.154395	-20.709668	-87.243424
0.155000	-18.397540	-78.780271
0.155605	-15.986998	-69.642832
0.156211	-13.505986	-59.860386
0.156816	-10.815388	-49.507224
0.157422	-7.986282	-38.639196
0.158027	-5.053294	-27.553727
0.158633	-2.091145	-16.404000
0.159238	0.849133	-4.684370
0.159844	3.784551	7.008689
0.160449	6.606975	18.361759
0.161055	9.521131	29.681480
0.161660	12.267619	40.666363
0.162266	14.898074	51.338910
0.162871	17.516987	61.534278
0.163477	19.891080	71.140492
0.164082	22.089606	80.118239
0.164687	24.161166	88.438238
0.165293	25.911360	95.803337
0.165898	27.486596	102.273453
0.166504	28.845564	108.085008
0.167109	29.881343	112.790104
0.167715	30.645573	116.253449
0.168320	31.222086	118.927821
0.168926	31.499104	120.480280
0.169531	31.539806	120.911911
0.170137	31.219049	120.253078
0.170742	30.719687	118.538215
0.171348	29.867371	115.717978
0.171953	28.662100	111.802939
0.172559	27.321965	106.970144
0.173164	25.750981	101.124698
0.173770	23.925457	94.460457
0.174375	21.899460	86.942715
0.174980	19.680279	78.361623
0.175586	17.313476	69.434034
0.176191	14.728583	59.886654
0.176797	12.008825	49.526713
0.177402	9.142054	38.831121
0.178008	6.313555	27.774390
0.178613	3.381782	16.482052
0.179219	0.519263	5.031920
0.179824	-2.453820	-6.472437
0.180430	-5.297507	-17.923925
0.181035	-8.228065	-29.271572
0.181641	-10.976375	-40.319897
0.182246	-13.622625	-51.092489
0.182852	-16.228174	-61.342896
0.183457	-18.666661	-70.876990
0.184062	-20.845747	-80.151890
0.184668	-22.854127	-88.520692
0.185273	-24.699091	-95.992343
0.185879	-26.243952	-102.631641
0.186484	-27.534880	-108.404967
0.187090	-28.657532	-113.206312
0.187695	-29.431481	-116.926412
0.188301	-30.037154	-119.653925
0.188906	-30.331182	-121.277961
0.189512	-30.396184	-121.846780
0.190117	-30.024397	-121.235394
0.190723	-29.511670	-119.486370
0.191328	-28.676364	-116.837754
0.191934	-27.556750	-113.011915
0.192539	-26.174698	-107.906911
0.193145	-24.614649	-102.146328
0.193750	-22.776368	-95.520315
0.194355	-20.829345	-87.884363
0.194961	-18.595584	-79.506614
0.195566	-16.166816	-70.333115
0.196172	-13.670617	-60.569919
0.196777	-11.005535	-50.259866
0.197383	-8.199513	-39.495950
0.197988	-5.347929	-28.362762
0.198594	-2.444100	-17.091301
0.199199	0.473093	-5.620564
0.199805	3.337434	6.112080
0.200410	6.187803	17.456203
0.201016	9.094669	28.659612
0.201621	11.846017	39.889320
0.202227	14.545119	50.604433
0.202832	17.105713	60.786516
0.203437	19.399008	70.417402
0.204043	21.654032	79.504955
0.204648	23.706152	87.767476
0.205254	25.468496	95.241296
0.205859	27.030975	101.836129
0.206465	28.403307	107.509953
0.207070	29.460957	112.364709
0.207676	30.292010	116.016215
0.208281	30.925021	118.574546
0.208887	31.231198	120.374271
0.209492	31.213581	120.886967
0.210098	30.926236	120.176892
0.210703	30.330890	118.534691
0.211309	29.547828	115.861131
0.211914	28.461626	111.993811
0.212520	27.095369	107.266483
0.213125	25.467889	101.490445
0.213730	23.711012	94.874193
0.214336	21.738474	87.398204
0.214941	19.476160	79.023709
0.215547	17.048001	69.972758
0.216152	14.546334	60.395826
0.216758	11.776155	50.158976
0.217363	9.063687	39.366863
0.217969	6.170186	28.527303
0.218574	3.321032	17.300577
0.219180	0.465196	5.817368
0.219785	-2.481158	-5.730911
0.220391	-5.456671	-17.175350
0.220996	-8.220775	-28.497511
0.221602	-10.984272	-39.623379
0.222207	-13.649355	-50.319242
0.222812	-16.264016	-60.574257
0.223418	-18.550021	-70.277534
0.224023	-20.738828	-79.414974
0.224629	-22.710758	-87.962989
0.225234	-24.511375	-95.337034
0.225840	-26.051983	-102.033811
0.226445	-27.357491	-108.022139
0.227051	-28.501405	-112.855476
0.227656	-29.339749	-116.584252
0.228262	-29.885888	-119.414793
0.228867	-30.161083	-121.131282
0.229473	-30.140428	-121.680039
0.230078	-29.827568	-121.164631
0.230684	-29.266242	-119.548457
0.231289	-28.430936	-116.873542
0.231895	-27.304032	-113.107893
0.232500	-25.990019	-108.212468
0.233105	-24.472495	-102.501501
0.233711	-22.577717	-96.001290
0.234316	-20.579664	-88.320602
0.234922	-18.389643	-79.811358
0.235527	-15.939613	-70.785893
0.236133	-13.392384	-61.061468
0.236738	-10.717582	-50.849020
0.237344	-7.947402	-40.050671
0.237949	-5.072733	-28.946494
0.238555	-2.187130	-17.675846
0.239160	0.633472	-6.181520
0.239766	3.591975	5.368386
0.240371	6.497626	16.905278
0.240977	9.372295	28.050124
0.241582	12.141259	39.212322
0.242187	14.826997	50.071945
0.242793	17.298289	60.109789
0.243398	19.689999	69.848583
0.244004	21.947452	78.942372
0.244609	23.960085	87.284603
0.245215	25.673830	94.803429
0.245820	27.269113	101.422122
0.246426	28.651773	107.243709
0.247031	29.742227	112.085993
0.247637	30.569636	115.837544
0.248242	31.110307	118.454438
0.248848	31.430457	120.133783
0.249453	31.376997	120.861753
0.250059	31.073857	120.165505
0.250664	30.507064	118.572106
0.251270	29.630448	116.069084
0.251875	28.488356	112.295301
0.252480	27.178596	107.562009
0.253086	25.618547	101.830707
0.253691	23.768724	95.242380
0.254297	21.734221	87.798113
0.254902	19.440926	79.474860
0.255508	17.058328	70.475152
0.256113	14.480725	60.895779
0.256719	11.740312	50.779309
0.257324	8.967703	39.958457
0.257930	6.138596	29.013429
0.258535	3.192243	17.914675
0.259141	0.265330	6.314610
0.259746	-2.652471	-5.214148
0.260352	-5.578777	-16.517873
0.260957	-8.495971	-27.898055
0.261562	-11.272833	-38.988134
0.262168	-14.004132	-49.715719
0.262773	-16.497902	-60.033635
0.263379	-18.918771	-69.791950
0.263984	-21.105755	-78.945928
0.264590	-23.132360	-87.416402
0.265195	-24.936014	-95.075942
0.265801	-26.603589	-101.818809
0.266406	-27.949799	-107.862718
0.267012	-29.002589	-112.702562
0.267617	-29.885280	-116.401786
0.268223	-30.418661	-119.294414
0.268828	-30.732129	-121.122878
0.269434	-30.675632	-121.719894
0.270039	-30.424736	-121.319443
0.270645	-29.789903	-119.730111
0.271250	-29.026889	-117.092882
0.271855	-27.909705	-113.384169
0.272461	-26.596299	-108.672296
0.273066	-24.966996	-102.957261
0.273672	-23.063713	-96.350498
0.274277	-20.976358	-88.809169
0.274883	-18.726803	-80.394547
0.275488	-16.309578	-71.497052
0.276094	-13.688235	-61.827937
0.276699	-10.975160	-51.402385
0.277305	-8.262085	-40.731465
0.277910	-5.347929	-29.679343
0.278516	-2.405221	-18.331696
0.279121	0.558143	-6.799142
0.279727	3.565245	4.739377
0.280332	6.529823	16.243734
0.280938	9.470102	27.584874
0.281543	12.228739	38.710199
0.282148	14.901112	49.484689
0.282754	17.485397	59.561033
0.283359	19.943324	69.300912
0.283965	22.146711	78.597773
0.284570	24.206728	86.907469
0.285176	26.066272	94.463439
0.285781	27.751464	101.216610
0.286387	29.104964	107.098386
0.286992	30.288973	111.983779
0.287598	31.109699	115.784945
0.288203	31.706260	118.583222
0.288809	32.015475	120.299711
0.289414	32.070150	120.972914
0.290020	31.729345	120.414397
0.290625	31.259751	118.869529
0.291230	30.408042	116.356476
0.291836	29.295110	112.637460
0.292441	28.000537	107.792736
0.293047	26.374879	102.347741
0.293652	24.553608	95.838041
0.294258	22.497235	88.375608
0.294863	20.234315	80.130169
0.295469	17.848072	71.170858
0.296074	15.243739	61.588502
0.296680	12.517299	51.424314
0.297285	9.677258	40.834189
0.297891	6.829926	29.834937
0.298496	3.878105	18.613363
0.299102	0.799318	7.090569
0.299707	-2.168905	-4.497295
0.300312	-5.151708	-15.756013
0.300918	-8.104136	-27.169001
0.301523	-10.860343	-38.454018
0.302129	-13.654823	-49.169132
0.302734	-16.213594	-59.438788
0.303340	-18.735915	-69.287116
0.303945	-20.989116	-78.507791
0.304551	-23.105630	-87.015137
0.305156	-24.990081	-94.711008
0.305762	-26.654012	-101.564494
0.306367	-28.156955	-107.546858
0.306973	-29.310589	-112.581641
0.307578	-30.192673	-116.468482
0.308184	-30.803813	-119.398254
0.308789	-31.017044	-121.384513
0.309395	-31.110599	-121.978818
0.310000	-30.923490	-121.516822
0.310605	-30.373707	-120.084470
0.311211	-29.661114	-117.525326
0.311816	-28.582202	-113.875176
0.312422	-27.248750	-109.155440
0.313027	-25.649214	-103.524725
0.313633	-23.812755	-96.938567
0.314238	-21.775823	-89.477491
0.314844	-19.632578	-81.196262
0.315449	-17.282786	-72.197638
0.316055	-14.654153	-62.656223
0.316660	-11.987855	-52.312821
0.317266	-9.216460	-41.525317
0.317871	-6.265855	-30.588424
0.318477	-3.383896	-19.309100
0.319082	-0.382261	-7.720694
0.319688	2.666759	3.842768
0.320293	5.627693	15.380473
0.320898	8.488996	26.727307
0.321504	11.346655	37.876762
0.322109	14.065198	48.567475
0.322715	16.736963	58.926602
0.323320	19.219797	68.657533
0.323926	21.544683	77.867092
0.324531	23.657552	86.382572
0.325137	25.588173	93.864796
0.325742	27.283085	100.777659
0.326348	28.738037	106.854916
0.326953	29.876483	111.707774
0.327559	30.838149	115.571841
0.328164	31.455364	118.487244
0.328770	31.814394	120.259585
0.329375	31.968091	120.976438
0.329980	31.757897	120.629128
0.330586	31.327790	119.199759
0.331191	30.567206	116.681012
0.331797	29.556941	113.072073
0.332402	28.225311	108.319260
0.333008	26.687132	102.866674
0.333613	24.856748	96.487384
0.334219	22.918837	88.907826
0.334824	20.775593	80.777614
0.335430	18.369303	71.991280
0.336035	15.822075	62.444172
0.336641	13.164282	52.354000
0.337246	10.411720	41.812406
0.337852	7.444712	30.783330
0.338457	4.562753	19.526781
0.339062	1.517378	8.059568
0.339668	-1.442948	-3.472173
0.340273	-4.389908	-14.894921
0.340879	-7.287055	-26.227656
0.341484	-10.037794	-37.536804
0.342090	-12.754514	-48.301804
0.342695	-15.392260	-58.491750
0.343301	-17.873271	-68.389694
0.343906	-20.212737	-77.804494
0.344512	-22.354766	-86.323228
0.345117	-24.259264	-94.097724
0.345723	-25.931699	-101.043122
0.346328	-27.353846	-107.079168
0.346934	-28.518415	-112.087381
0.347539	-29.432696	-116.112767
0.348145	-30.122811	-119.081310
0.348750	-30.484878	-121.074888
0.349355	-30.587545	-121.912934
0.349961	-30.443569	-121.429791
0.350566	-29.991592	-120.193191
0.351172	-29.320917	-117.769880
0.351777	-28.254155	-114.008840
0.352383	-27.050706	-109.423853
0.352988	-25.455423	-103.860106
0.353594	-23.642656	-97.344712
0.354199	-21.710821	-89.935691
0.354805	-19.565146	-81.735800
0.355410	-17.277926	-72.791401
0.356016	-14.761072	-63.238870
0.356621	-12.196226	-53.086611
0.357227	-9.383522	-42.341673
0.357832	-6.525255	-31.432163
0.358438	-3.573434	-20.191611
0.359043	-0.639231	-8.424263
0.359648	2.341749	3.048373
0.360254	5.296608	14.460548
0.360859	8.099592	25.872994
0.361465	10.917156	37.008079
0.362070	13.591959	47.792329
0.362676	16.238817	58.129224
0.363281	18.799410	67.971588
0.363887	21.064154	77.191721
0.364492	23.157583	85.660296
0.365098	25.065727	93.366198
0.365703	26.737554	100.187421
0.366309	28.184001	106.264949
0.366914	29.343102	111.190469
0.367520	30.265281	115.021730
0.368125	30.936563	118.216390
0.368730	31.424382	120.103960
0.369336	31.478449	120.861482
0.369941	31.343585	120.581410
0.370547	30.903151	119.184305
0.371152	30.144997	116.731712
0.371758	29.129264	113.216311
0.372363	27.820719	108.627528
0.372969	26.320205	103.119091
0.373574	24.598562	96.725974
0.374180	22.618127	89.446550
0.374785	20.460911	81.131431
0.375391	18.129343	72.509400
0.375996	15.675668	63.108427
0.376602	12.953481	52.914686
0.377207	10.247696	42.386648
0.377812	7.356625	31.424811
0.378418	4.480134	20.194832
0.379023	1.465741	8.756900
0.379629	-1.441733	-2.728478
0.380234	-4.334626	-14.223617
0.380840	-7.210510	-25.613830
0.381445	-10.020177	-36.725328
0.382051	-12.771524	-47.641074
0.382656	-15.311463	-57.996134
0.383262	-17.861121	-67.786442
0.383867	-20.131332	-77.300473
0.384473	-22.179807	-85.766067
0.385078	-24.063043	-93.487423
0.385684	-25.680804	-100.492468
0.386289	-27.107203	-106.557795
0.386895	-28.342849	-111.676356
0.387500	-29.263205	-115.760305
0.388105	-29.933880	-118.889896
0.388711	-30.373099	-120.832232
0.389316	-30.418661	-121.721792
0.389922	-30.271647	-121.508688
0.390527	-29.851868	-120.144931
0.391133	-29.094321	-117.845795
0.391738	-28.076766	-114.291623
0.392344	-26.767613	-109.578123
0.392949	-25.341214	-104.230191
0.393555	-23.609244	-97.831923
0.394160	-21.671941	-90.439441
0.394766	-19.501967	-82.302179
0.395371	-17.104790	-73.400618
0.395977	-14.623170	-63.824770
0.396582	-11.959910	-53.636180
0.397187	-9.183048	-43.010538
0.397793	-6.380064	-32.015895
0.398398	-3.445253	-20.739011
0.399004	-0.496470	-9.278034
0.399609	2.460818	2.365952
0.400215	5.393199	13.741797
0.400820	8.210763	25.066940
0.401426	10.998560	36.387475
0.402031	13.802760	47.212123
0.402637	16.413168	57.579384
0.403242	18.824925	67.401413
0.403848	21.161353	76.696918
0.404453	23.289410	85.213754
0.405059	25.130121	92.939990
0.405664	26.753957	99.823572
0.406270	28.190683	105.832776
0.406875	29.456704	110.991734
0.407480	30.345470	114.912195
0.408086	31.030117	117.892125
0.408691	31.432887	120.073865
0.409297	31.578078	120.860668
0.409902	31.390970	120.473502
0.410508	30.883104	119.237717
0.411113	30.181446	116.911739
0.411719	29.211276	113.396609
0.412324	27.902731	108.907329
0.412930	26.398572	103.493514
0.413535	24.654452	97.139981
0.414141	22.748739	89.898515
0.414746	20.573905	81.781317
0.415352	18.244159	72.959466
0.415957	15.712118	63.546835
0.416563	13.061008	53.565656
0.417168	10.300548	42.780592
0.417773	7.444712	32.059243
0.418379	4.489246	21.002241
0.418984	1.575697	9.446641
0.419590	-1.338458	-2.018674
0.420195	-4.293317	-13.479651
0.420801	-7.253642	-24.851157
0.421406	-10.014102	-36.046703
0.422012	-12.701662	-46.925034
0.422617	-15.372212	-57.317238
0.423223	-17.859299	-67.259647
0.423828	-20.181147	-76.547832
0.424434	-22.291586	-85.372123
0.425039	-24.111643	-93.152042
0.425645	-25.825388	-100.003359
0.426250	-27.321042	-106.297787
0.426855	-28.511733	-111.544318
0.427461	-29.471576	-115.623658
0.428066	-30.127671	-118.715563
0.428672	-30.537730	-120.802408
0.429277	-30.664089	-121.752429
0.429883	-30.534693	-121.584603
0.430488	-30.072996	-120.295948
0.431094	-29.352507	-117.964548
0.431699	-28.304577	-114.622666
0.432305	-27.044024	-110.140977
0.432910	-25.564772	-104.524090
0.433516	-23.873505	-98.286327
0.434121	-21.868769	-91.099358
0.434727	-19.698188	-82.724320
0.435332	-17.383022	-73.826012
0.435937	-14.891683	-64.392233
0.436543	-12.171318	-54.283625
0.437148	-9.480113	-43.663406
0.437754	-6.652222	-32.650597
0.438359	-3.722878	-21.406520
0.438965	-0.729748	-9.930902
0.439570	2.200203	1.560441
0.440176	5.076087	13.153456
0.440781	7.962298	24.484294
0.441387	10.808414	35.506320
0.441992	13.609576	46.597755
0.442598	16.190825	56.965829
0.443203	18.685201	66.749358
0.443809	20.951159	76.045406
0.444414	23.073749	84.677741
0.445020	24.988575	92.535201
0.445625	26.715684	99.487919
0.446230	28.177319	105.549180
0.446836	29.453667	110.721423
0.447441	30.365517	114.831943
0.448047	31.016145	117.887787
0.448652	31.543451	119.821448
0.449258	31.681960	120.890492
0.449863	31.510646	120.734053
0.450469	31.075680	119.310107
0.451074	30.381920	117.154667
0.451680	29.411749	113.842880
0.452285	28.125074	109.395895
0.452891	26.700497	104.009735
0.453496	24.975817	97.673283
0.454102	23.015429	90.518306
0.454707	20.860643	82.470787
0.455313	18.591647	73.707770
0.455918	16.085728	64.265857
0.456523	13.415785	54.236689
0.457129	10.595791	43.831742
0.457734	7.791592	32.748712
0.458340	4.949728	21.654024
0.458945	1.947485	10.375514
0.459551	-0.992794	-1.227261
0.460156	-3.906342	-12.740294
0.460762	-6.794376	-24.108547
0.461367	-9.658717	-35.294062
0.461973	-12.491469	-46.191642
0.462578	-15.025940	-56.616652
0.463184	-17.518494	-66.595392
0.463789	-19.806322	-75.976572
0.464395	-22.019428	-84.679128
0.465000	-23.880795	-92.624704
0.465605	-25.610942	-99.757720
0.466211	-27.122391	-105.866157
0.466816	-28.303362	-111.290274
0.467422	-29.277177	-115.414892
0.468027	-29.971545	-118.529842
0.468633	-30.434456	-120.682029
0.469238	-30.467868	-121.684919
0.469844	-30.456933	-121.582976
0.470449	-29.994022	-120.441542
0.471055	-29.263205	-118.166264
0.471660	-28.331914	-114.777478
0.472266	-27.099913	-110.368451
0.472871	-25.649214	-105.007776
0.473477	-23.892944	-98.599205
0.474082	-21.931949	-91.487608
0.474687	-19.879222	-83.462050
0.475293	-17.534289	-74.436585
0.475898	-15.067857	-65.083872
0.476504	-12.479926	-55.103506
0.477109	-9.757131	-44.433941
0.477715	-6.940175	-33.472105
0.478320	-4.018729	-22.219351
0.478926	-1.066300	-10.792536
0.479531	1.829631	0.830032
0.480137	4.815471	12.334660
0.480742	7.669485	23.671462
0.481348	10.467609	34.863213
0.481953	13.173394	45.723107
0.482559	15.760110	56.283137
0.483164	18.262384	66.007833
0.483770	20.583017	75.259687
0.484375	22.693457	84.212491
0.484980	24.633797	92.060462
0.485586	26.450209	98.999624
0.486191	27.908198	105.170148
0.486797	29.098282	110.370859
0.487402	30.103687	114.602029
0.488008	30.815064	117.683088
0.488613	31.179561	119.740382
0.489219	31.352698	120.819186
0.489824	31.229376	120.748151
0.490430	30.836934	119.466003
0.491035	30.165044	117.132977
0.491641	29.252586	114.064118
0.492246	28.004182	109.690337
0.492852	26.570493	104.165089
0.493457	24.865860	97.971249
0.494063	22.871453	90.938820
0.494668	20.742181	82.998124
0.495273	18.444633	74.201488
0.495879	16.013436	64.860162
0.496484	13.410925	54.965472
0.497090	10.675373	44.519585
0.497695	7.893043	33.546903
0.498301	5.059077	22.340512
0.498906	2.135808	11.114057
0.499512	-0.869472	-0.389486
0.500117	-3.773301	-12.132975
0.500723	-6.637642	-23.319575
0.501328	-9.515348	-34.360038
0.501934	-12.202301	-45.386402
0.502539	-14.766539	-55.920947
0.503145	-17.235401	-65.896975
0.503750	-19.529304	-75.270022
0.504355	-21.705961	-84.067742
0.504961	-23.575832	-92.080557
0.505566	-25.285324	-99.216013
0.506172	-26.859952	-105.446185
0.506777	-28.063401	-110.724980
0.507383	-28.963102	-115.186063
0.507988	-29.681769	-118.371506
0.508594	-30.170196	-120.412802
0.509199	-30.218795	-121.753784
0.509805	-30.103371	-121.681123
0.510410	-29.706676	-120.498749
0.511016	-29.061516	-118.250855
0.511621	-28.065224	-114.937984
0.512227	-26.915235	-110.682684
0.512832	-25.416543	-105.328245
0.513437	-23.789670	-99.059032
0.514043	-21.834750	-91.901886
0.514648	-19.697580	-83.905881
0.515254	-17.369658	-75.157505
0.515859	-14.977340	-65.601449
0.516465	-12.385764	-55.766135
0.517070	-9.642315	-45.220745
0.517676	-6.876388	-34.096504
0.518281	-4.004149	-22.880353
0.518887	-1.055366	-11.489868
0.519492	1.904960	0.037264
0.520098	4.776591	11.553821
0.520703	7.632428	23.014799
0.521309	10.415972	34.181877
0.521914	13.186759	45.067528
0.522520	15.736418	55.538900
0.523125	18.156680	65.485918
0.523730	20.538670	74.728283
0.524336	22.699531	83.453071
0.524941	24.582160	91.563220
0.525547	26.273428	98.532748
0.526152	27.806139	104.604853
0.526758	28.976175	110.000232
0.527363	29.940271	114.317348
0.527969	30.661368	117.509569
0.528574	31.062315	119.647928
0.529180	31.244563	120.689046
0.529785	31.087222	120.683353
0.530391	30.661368	119.579334
0.530996	30.039900	117.393256
0.531602	29.123797	114.100720
0.532207	27.867496	109.880395
0.532813	26.345112	104.533547
0.533418	24.701837	98.274637
0.534023	22.760889	91.475104
0.534629	20.595167	83.467441
0.535234	18.410613	74.730181
0.535840	15.921097	65.471548
0.536445	13.324053	55.523446
0.537051	10.680233	45.176791
0.537656	7.801919	34.332080
0.538262	4.927250	23.126231
0.538867	1.978467	11.733035
0.539473	-0.988541	0.305135
0.540078	-3.927604	-11.284356
0.540684	-6.796806	-22.706020
0.541289	-9.534180	-33.764106
0.541895	-12.283098	-44.795351
0.542500	-14.923273	-55.396321
0.543105	-17.370265	-65.292909
0.543711	-19.685430	-74.723706
0.544316	-21.796477	-83.520884
0.544922	-23.811540	-91.575995
0.545527	-25.411076	-98.762964
0.546133	-26.980237	-105.075828
0.546738	-28.105318	-110.431894
0.547344	-29.029319	-114.759313
0.547949	-29.749809	-118.104990
0.548555	-30.168373	-120.309504
0.549160	-30.336649	-121.591381
0.549766	-30.258282	-121.723418
0.550371	-29.826961	-120.461063
0.550977	-29.199418	-118.317552
0.551582	-28.166675	-115.245439
0.552187	-26.906730	-110.897415
0.552793	-25.504630	-105.671489
0.553398	-23.709481	-99.406885
0.554004	-21.811057	-92.274412
0.554609	-19.726133	-84.379807
0.555215	-17.400032	-75.598625
0.555820	-14.977948	-66.223409
0.556426	-12.394269	-56.243856
0.557031	-9.673297	-45.821828
0.557637	-6.802881	-34.775400
0.558242	-3.953727	-23.579041
0.558848	-0.964241	-12.299175
0.559453	1.948700	-0.674981
0.560059	4.865893	11.045463
0.560664	7.787947	22.361117
0.561270	10.519246	33.521146
0.561875	13.305828	44.481356
0.562480	15.916237	54.971437
0.563086	18.418511	64.928757
0.563691	20.786528	74.340575
0.564297	22.854443	83.085155
0.564902	24.775344	91.082787
0.565508	26.476939	98.175406
0.566113	27.969555	104.299296
0.566719	29.209453	109.746188
0.567324	30.148034	114.183142
0.567930	30.908618	117.251729
0.568535	31.305313	119.470884
0.569141	31.471767	120.678201
0.569746	31.434102	120.787736
0.570352	31.005210	119.713269
0.570957	30.361265	117.633473
0.571562	29.394740	114.435287
0.572168	28.160916	110.220114
0.572773	26.708394	105.035941
0.573379	24.987967	98.821224
0.573984	23.070104	91.842478
0.574590	20.974244	84.057137
0.575195	18.715576	75.226610
0.575801	16.227274	66.029252
0.576406	13.579201	56.334651
0.577012	10.773180	45.919672
0.577617	7.932531	34.983050
0.578223	5.085199	23.845795
0.578828	2.142491	12.453142
0.579434	-0.843350	0.998129
0.580039	-3.766011	-10.479387
0.580645	-6.607875	-21.877734
0.581250	-9.539648	-33.189322
0.581855	-12.239358	-44.008818
0.582461	-14.873459	-54.773819
0.583066	-17.332600	-64.786720
0.583672	-19.720665	-74.112049
0.584277	-21.907649	-83.122060
0.584883	-23.830980	-91.261490
0.585488	-25.501593	-98.384203
0.586094	-27.000891	-104.730416
0.586699	-28.200695	-110.159143
0.587305	-29.217643	-114.606670
0.587910	-29.958787	-118.036396
0.588516	-30.345154	-120.325771
0.589121	-30.567498	-121.570775
0.589727	-30.426559	-121.751615
0.590332	-30.052341	-120.776109
0.590938	-29.407181	-118.590303
0.591543	-28.451591	-115.543948
0.592148	-27.208655	-111.378932
0.592754	-25.773751	-105.961050
0.593359	-24.126223	-99.874033
0.593965	-22.242379	-92.834826
0.594570	-20.027450	-84.941306
0.595176	-17.795512	-76.258542
0.595781	-15.335155	-66.920470
0.596387	-12.660352	-56.946611
0.596992	-10.006204	-46.490150
0.597598	-7.082329	-35.566542
0.598203	-4.245932	-24.353644
0.598809	-1.307476	-12.955838
0.599414	1.705094	-1.482118
0.600020	4.617428	10.219617
0.600625	7.421019	21.534187
0.601230	10.315735	32.660868
0.601836	13.051895	43.726546
0.602441	15.679313	54.276544
0.603047	18.242944	64.317371
0.603652	20.572082	73.719428
0.604258	22.684952	82.536399
0.604863	24.620432	90.575784
0.605469	26.361514	97.743504
0.606074	27.830439	104.072907
0.606680	29.135339	109.375561
0.607285	30.079994	113.867824
0.607891	30.843616	117.161716
0.608496	31.329005	119.302786
0.609102	31.554386	120.691215
0.609707	31.482702	120.937125
0.610313	31.092082	119.880553
0.610918	30.392855	117.776084
0.611523	29.406282	114.686078
0.612129	28.228348	110.568238
0.612734	26.760032	105.390301
0.613340	25.143486	99.304368
0.613945	23.238380	92.374967
0.614551	21.081163	84.617280
0.615156	18.798195	75.979523
0.615762	16.357886	66.599969
0.616367	13.707383	56.906724
0.616973	10.908044	46.549223
0.617578	8.130574	35.560816
0.618184	5.249830	24.483209
0.618789	2.267027	13.233709
0.619395	-0.676896	1.762700
0.620000	-3.630539	-9.730541
0.620605	-6.497310	-21.184469
0.621211	-9.345249	-32.444271
0.621816	-12.088092	-43.411802
0.622422	-14.719762	-53.981593
0.623027	-17.251803	-64.098605
0.623633	-19.528089	-73.586880
0.624238	-21.758205	-82.426897
0.624844	-23.711911	-90.736051
0.625449	-25.421403	-98.030386
0.626055	-26.941964	-104.232360
0.626660	-28.217705	-109.802343
0.627266	-29.264420	-114.411189
0.627871	-29.963040	-117.817327
0.628477	-30.470298	-120.201596
0.629082	-30.610022	-121.505705
0.629687	-30.547450	-121.687630
0.630293	-30.171411	-120.824912
0.630898	-29.493446	-118.752164
0.631504	-28.513555	-115.681408
0.632109	-27.352024	-111.614539
0.632715	-25.918334	-106.459648
0.633320	-24.251974	-100.240322
0.633926	-22.370561	-93.415575
0.634531	-20.247971	-85.596071
0.635137	-17.955891	-76.768798
0.635742	-15.492496	-67.446723
0.636348	-12.831059	-57.570197
0.636953	-10.122236	-47.102349
0.637559	-7.268222	-36.246522
0.638164	-4.402058	-25.055314
0.638770	-1.472715	-13.672963
0.639375	1.557473	-2.091064
0.639980	4.478919	9.446641
0.640586	7.340830	20.924157
0.641191	10.205779	32.031859
0.641797	13.019090	43.004270
0.642402	15.685388	53.799907
0.643008	18.193737	63.798439
0.643613	20.577550	73.109127
0.644219	22.684344	81.954837
0.644824	24.630760	90.105925
0.645430	26.405862	97.368539
0.646035	27.958013	103.696044
0.646641	29.265950	109.142394
0.647246	30.282290	113.640621
0.647852	31.021005	117.054351
0.648457	31.532516	119.349691
0.649062	31.701400	120.602829
0.649668	31.583546	120.925738
0.650273	31.234843	119.924204
0.650879	30.651648	117.789640
0.651484	29.660215	114.984586
0.652090	28.471346	110.904432
0.652695	27.085649	105.802139
0.653301	25.441766	99.748470
0.653906	23.528155	92.873565
0.654512	21.369724	85.118318
0.655117	19.064886	76.555120
0.655723	16.676213	67.344206
0.656328	13.968606	57.492895
0.656934	11.199641	47.247911
0.657539	8.360815	36.410249
0.658145	5.517128	25.126588
0.658750	2.580495	14.043829
0.659355	-0.421748	2.550588
0.659961	-3.411233	-9.046493
0.660566	-6.290762	-20.481172
0.661172	-9.174543	-31.712506
0.661777	-12.005472	-42.693051
0.662383	-14.638965	-53.312186
0.662988	-17.180119	-63.467428
0.663594	-19.489817	-72.992304
0.664199	-21.711428	-81.934805
0.664805	-23.713126	-90.106500
0.665410	-25.515565	-97.604720
0.666016	-27.036126	-103.988619
0.666621	-28.392664	-109.523627
0.667227	-29.417509	-114.289183
0.667832	-30.136783	-117.610188
0.668438	-30.691427	-119.992288
0.669043	-30.853021	-121.449312
0.669648	-30.762504	-121.710133
0.670254	-30.376137	-120.856904
0.670859	-29.730976	-118.928124
0.671465	-28.871370	-115.951719
0.672070	-27.675211	-111.892171
0.672676	-26.279794	-106.842747
0.673281	-24.621939	-100.783927
0.673887	-22.658514	-93.807079
0.674492	-20.591206	-86.184683
0.675098	-18.231694	-77.389402
0.675703	-15.802319	-68.049975
0.676309	-13.173686	-58.359441
0.676914	-10.427806	-47.873156
0.677520	-7.601130	-36.934907
0.678125	-4.683329	-25.810938
0.678730	-1.789828	-14.420453
0.679336	1.254332	-2.846417
0.679941	4.160591	8.671496
0.680547	7.125777	20.136269
0.681152	10.047222	31.413966
0.681758	12.797962	42.332152
0.682363	15.501317	53.032896
0.682969	17.964104	63.129303
0.683574	20.377684	72.424266
0.684180	22.604762	81.453799
0.684785	24.563328	89.724453
0.685391	26.456284	97.000081
0.685996	28.014510	103.386962
0.686602	29.311513	108.896755
0.687207	30.374022	113.454359
0.687813	31.142504	116.898725
0.688418	31.641258	119.302515
0.689023	31.910378	120.691215
0.689629	31.777944	120.955020
0.690234	31.561676	120.131614
0.690840	30.940816	118.110652
0.691445	30.011347	115.157563
0.692051	28.826731	111.340401
0.692656	27.433137	106.119084
0.693262	25.785001	100.147294
0.693867	23.839801	93.438046
0.694473	21.740296	85.700151
0.695078	19.463403	77.181689
0.695684	16.989074	67.986771
0.696289	14.355581	58.226287
0.696895	11.623066	47.917047
0.697500	8.817652	37.164518
0.698105	5.913823	26.010725
0.698711	2.944385	14.687208
0.699316	-0.050568	3.343899
0.699922	-3.071036	-8.352686
0.700527	-6.009491	-19.871412
0.701133	-8.878085	-30.854126
0.701738	-11.681070	-41.921701
0.702344	-14.364377	-52.598586
0.702949	-16.907961	-62.764673
0.703555	-19.364065	-72.421316
0.704160	-21.484832	-81.307965
0.704766	-23.563682	-89.617391
0.705371	-25.426263	-97.079823
0.705977	-26.968087	-103.630735
0.706582	-28.373224	-109.219154
0.707187	-29.412649	-113.930756
0.707793	-30.193280	-117.628624
0.708398	-30.669557	-119.942943
0.709004	-30.942322	-121.428977
0.709609	-30.845123	-121.975835
0.710215	-30.549880	-121.136705
0.710820	-29.949067	-119.166443
0.711426	-29.083386	-116.222572
0.712031	-27.958304	-112.278523
0.712637	-26.550737	-107.249163
0.713242	-24.923864	-101.258395
0.713848	-23.032123	-94.339025
0.714453	-20.921076	-86.640443
0.715059	-18.623528	-78.127132
0.715664	-16.212379	-68.802617
0.716270	-13.595895	-58.910908
0.716875	-10.921093	-48.741840
0.717480	-8.052499	-37.681584
0.718086	-5.198485	-26.457570
0.718691	-2.189560	-15.121581
0.719297	0.781093	-3.607193
0.719902	3.765111	7.929428
0.720508	6.675622	19.408300
0.721113	9.617116	30.717447
0.721719	12.390333	41.689316
0.722324	15.062098	52.325803
0.722930	17.633626	62.451221
0.723535	19.987064	71.992907
0.724141	22.285220	80.795779
0.724746	24.362247	89.120659
0.725352	26.132489	96.636503
0.725957	27.775157	102.848237
0.726562	29.084309	108.478139
0.727168	30.157754	113.204111
0.727773	30.988200	116.727374
0.728379	31.545274	119.216840
0.728984	31.827759	120.643497
0.729590	31.829582	121.008973
0.730195	31.593266	120.268532
0.730801	30.951143	118.426512
0.731406	30.100649	115.472610
0.732012	28.980428	111.619117
0.732617	27.571038	106.695495
0.733223	25.943558	100.600615
0.733828	24.102846	93.875099
0.734434	21.983294	86.436797
0.735039	19.716729	77.861940
0.735645	17.281887	68.681392
0.736250	14.721293	59.012819
0.736855	12.014293	48.739096
0.737461	9.235608	38.008529
0.738066	6.368230	26.920890
0.738672	3.416409	15.590595
0.739277	0.363136	4.119044
0.739883	-2.586254	-7.417035
0.740488	-5.564805	-19.004627
0.741094	-8.398164	-30.201258
0.741699	-11.222410	-41.113208
0.742305	-13.845576	-51.964968
0.742910	-16.435937	-62.245469
0.743516	-18.826432	-71.789053
0.744121	-21.089960	-80.783339
0.744727	-23.193110	-89.097645
0.745332	-24.957884	-96.591528
0.745938	-26.608449	-103.204527
0.746543	-27.922462	-108.856660
0.747148	-28.992869	-113.551995
0.747754	-29.817241	-117.282940
0.748359	-30.349407	-119.842899
0.748965	-30.689604	-121.347911
0.749570	-30.707222	-121.934624
0.750176	-30.428989	-121.234852
0.750781	-29.889533	-119.238020
0.751387	-29.080956	-116.408022
0.751992	-27.891480	-112.557511
0.752598	-26.567140	-107.593491
0.753203	-24.956062	-101.629835
0.753809	-23.079508	-94.778789
0.754414	-21.089960	-87.108133
0.755020	-18.912089	-78.688360
0.755625	-16.555006	-69.513234
0.756230	-13.964038	-59.653790
0.756836	-11.263113	-49.353768
0.757441	-8.421249	-38.621844
0.758047	-5.590927	-27.334116
0.758652	-2.637891	-15.983486
0.759258	0.370426	-4.672170
0.759863	3.302200	7.017636
0.760469	6.164111	18.630443
0.761074	9.092239	29.877232
0.761680	11.876999	40.869164
0.762285	14.523857	51.531950
0.762891	17.055291	61.693970
0.763496	19.498030	71.323230
0.764102	21.751231	80.264646
0.764707	23.829473	88.516864
0.765312	25.642847	95.988515
0.765918	27.246028	102.537528
0.766523	28.613500	108.008551
0.767129	29.718535	112.834568
0.767734	30.490054	116.599675
0.768340	31.096334	119.024884
0.768945	31.427420	120.526100
0.769551	31.397045	120.971287
0.770156	31.149187	120.342820
0.770762	30.615198	118.546349
0.771367	29.785967	115.675140
0.771973	28.660277	111.824629
0.772578	27.343227	106.988851
0.773184	25.719392	101.047699
0.773789	23.902980	94.265789
0.774395	21.961424	86.780854
0.775000	19.683924	78.533787
0.775605	17.334131	69.265665
0.776211	14.852512	59.488914
0.776816	12.136400	49.408232
0.777422	9.241683	38.775269
0.778027	6.399819	27.679497
0.778633	3.557955	16.319649
0.779238	0.632257	4.908559
0.779844	-2.340219	-6.577633
0.780449	-5.179653	-18.076297
0.781055	-8.022732	-29.386258
0.781660	-10.743097	-40.398252
0.782266	-13.478041	-51.043958
0.782871	-16.041672	-61.425588
0.783477	-18.434597	-71.099041
0.784082	-20.718173	-79.979997
0.784687	-22.751460	-88.435288
0.785293	-24.516842	-96.076120
0.785898	-26.012496	-102.686137
0.786504	-27.449223	-108.376228
0.787109	-28.579165	-113.127686
0.787715	-29.337319	-116.884387
0.788320	-29.931450	-119.615154
0.788926	-30.278330	-121.192285
0.789531	-30.278937	-121.698475
0.790137	-30.034724	-121.125860
0.790742	-29.438163	-119.442990
0.791348	-28.683654	-116.535450
0.791953	-27.578012	-112.780375
0.792559	-26.239700	-107.985808
0.793164	-24.597639	-101.948407
0.793770	-22.758750	-95.222620
0.794375	-20.838457	-87.595886
0.794980	-18.612593	-79.195363
0.795586	-16.237286	-70.088560
0.796191	-13.678515	-60.286594
0.796797	-11.095444	-50.011787
0.797402	-8.267552	-39.208558
0.798008	-5.333349	-28.079979
0.798613	-2.443493	-16.655875
0.799219	0.463373	-5.288165
0.799824	3.365379	6.232731
0.800430	6.232758	17.880242
0.801035	9.030882	29.119439
0.801641	11.821109	40.088596
0.802246	14.483155	50.821333
0.802852	17.038281	61.036222
0.803457	19.417233	70.681478
0.804063	21.639452	79.696640
0.804668	23.604092	87.987087
0.805273	25.445411	95.463347
0.805879	26.999992	102.051673
0.806484	28.332837	107.726039
0.807090	29.431189	112.403209
0.807695	30.268318	116.180516
0.808301	30.844831	118.755115
0.808906	31.149794	120.157371
0.809512	31.172271	120.829760
0.810117	30.883104	120.302965
0.810723	30.296870	118.562074
0.811328	29.533249	115.779252
0.811934	28.409989	111.972121
0.812539	27.089902	107.175114
0.813145	25.496441	101.374133
0.813750	23.658159	94.699589
0.814355	21.725716	87.205706
0.814961	19.460365	78.885707
0.815566	17.021271	69.828520
0.816172	14.509884	60.052311
0.816777	11.844194	50.030463
0.817383	9.036957	39.453894
0.817988	6.176869	28.206834
0.818594	3.300377	16.956792
0.819199	0.354632	5.620532
0.819805	-2.600227	-5.902804
0.820410	-5.442091	-17.396316
0.821016	-8.300965	-28.682147
0.821621	-11.050489	-39.748638
0.822227	-13.737442	-50.477579
0.822832	-16.280418	-60.733136
0.823438	-18.670305	-70.551912
0.824043	-20.919861	-79.580902
0.824648	-22.890577	-87.889785
0.825254	-24.660819	-95.688954
0.825859	-26.183810	-102.367023
0.826465	-27.539132	-107.963847
0.827070	-28.689121	-112.866864
0.827676	-29.505595	-116.714392
0.828281	-30.082109	-119.423740
0.828887	-30.376744	-121.104441
0.829492	-30.343939	-121.659975
0.830098	-30.063884	-121.141314
0.830703	-29.540830	-119.465493
0.831309	-28.646597	-116.742047
0.831914	-27.581050	-112.914039
0.832520	-26.192315	-108.227380
0.833125	-24.618902	-102.445378
0.833730	-22.812210	-95.479917
0.834336	-20.811120	-88.078217
0.834941	-18.525114	-79.770960
0.835547	-16.174714	-70.525884
0.836152	-13.637813	-60.794682
0.836758	-10.913195	-50.470259
0.837363	-8.137548	-39.775751
0.837969	-5.310872	-28.674556
0.838574	-2.421015	-17.273497
0.839180	0.513795	-5.816044
0.839785	3.410334	5.702411
0.840391	6.318415	17.150646
0.840996	9.171821	28.586137
0.841602	11.920131	39.526555
0.842207	14.658721	50.150571
0.842812	17.187117	60.607574
0.843418	19.552097	70.262319
0.844023	21.774923	79.234644
0.844629	23.751106	87.532411
0.845234	25.633735	95.083501
0.845840	27.223551	101.780820
0.846445	28.604388	107.505073
0.847051	29.748302	112.336783
0.847656	30.545336	116.074506
0.848262	31.153439	118.807171
0.848867	31.483309	120.360443
0.849473	31.479057	120.815390
0.850078	31.174701	120.481365
0.850684	30.622488	118.826963
0.851289	29.818164	115.935962
0.851895	28.815796	112.269816
0.852500	27.429492	107.646871
0.853105	25.792899	101.869206
0.853711	24.124108	95.266239
0.854316	21.997874	87.769374
0.854922	19.795095	79.516071
0.855527	17.414928	70.513109
0.856133	14.857372	60.847790
0.856738	12.139437	50.615821
0.857344	9.368650	40.050910
0.857949	6.522533	29.072535
0.858555	3.601695	17.549470
0.859160	0.645622	6.289938
0.859766	-2.272787	-5.104342
0.860371	-5.202130	-16.650724
0.860977	-8.071939	-28.028737
0.861582	-10.887680	-39.144030
0.862187	-13.546081	-49.848028
0.862793	-16.135834	-60.170824
0.863398	-18.549414	-69.991769
0.864004	-20.746725	-79.067663
0.864609	-22.836510	-87.520242
0.865215	-24.621332	-95.132335
0.865820	-26.182595	-102.068515
0.866426	-27.633902	-107.804968
0.867031	-28.805761	-112.587877
0.867637	-29.633170	-116.690533
0.868242	-30.175663	-119.474440
0.868848	-30.489738	-121.080040
0.869453	-30.550488	-121.716369
0.870059	-30.322069	-121.290975
0.870664	-29.774716	-119.717097
0.871270	-28.992262	-117.040013
0.871875	-27.882975	-113.300121
0.872480	-26.660086	-108.588789
0.873086	-25.123730	-102.894089
0.873691	-23.256289	-96.185383
0.874297	-21.286181	-88.645680
0.874902	-19.043308	-80.443078
0.875508	-16.696553	-71.314857
0.876113	-14.141426	-61.428029
0.876719	-11.509148	-51.305322
0.877324	-8.711024	-40.608916
0.877930	-5.934162	-29.516668
0.878535	-2.954397	-18.162785
0.879141	-0.074260	-6.694217
0.879746	2.949852	4.871686
0.880352	5.834241	16.366011
0.880957	8.750827	27.731010
0.881563	11.477267	38.832205
0.882168	14.173939	49.431277
0.882773	16.740608	59.696324
0.883379	19.152973	69.566614
0.883984	21.437763	78.453805
0.884590	23.449788	86.863818
0.885195	25.271667	94.597104
0.885801	26.953215	101.329126
0.886406	28.375362	107.139054
0.887012	29.486471	112.011163
0.887617	30.372807	115.824258
0.888223	30.935956	118.620908
0.888828	31.211151	120.259314
0.889434	31.294986	120.922213
0.890039	31.056240	120.513086
0.890645	30.615806	118.971201
0.891250	29.809051	116.220914
0.891855	28.794534	112.556394
0.892461	27.481129	108.105613
0.893066	25.883415	102.330389
0.893672	24.113174	95.647982
0.894277	22.119373	88.297796
0.894883	19.888650	80.062930
0.895488	17.552829	71.105245
0.896094	15.048125	61.531024
0.896699	12.367248	51.415638
0.897305	9.656603	40.805721
0.897910	6.798944	29.809180
0.898516	3.952827	18.528501
0.899121	0.957267	7.021974
0.899727	-1.968431	-4.305881
0.900332	-4.826698	-15.875579
0.900937	-7.720806	-27.359873
0.901543	-10.514678	-38.244439
0.902148	-13.166396	-49.017031
0.902754	-15.773159	-59.405439
0.903359	-18.145429	-69.168635
0.903965	-20.372508	-78.322884
0.904570	-22.473835	-86.820199
0.905176	-24.313331	-94.524745
0.905781	-25.964504	-101.435439
0.906387	-27.404876	-107.356257
0.906992	-28.474676	-112.231619
0.907598	-29.342179	-116.211185
0.908203	-29.914440	-119.310139
0.908809	-30.264357	-120.902182
0.909414	-30.324499	-121.531462
0.910020	-30.066921	-121.289619
0.910625	-29.585785	-119.794096
0.911230	-28.847070	-117.182082
0.911836	-27.733531	-113.479876
0.912441	-26.419518	-108.823041
0.913047	-24.839422	-103.176601
0.913652	-22.991421	-96.576887
0.914258	-20.999443	-89.070533
0.914863	-18.882929	-80.875793
0.915469	-16.482107	-71.916482
0.916074	-13.971935	-62.142171
0.916680	-11.337227	-51.927011
0.917285	-8.611395	-41.446962
0.917891	-5.714856	-30.235962
0.918496	-2.878460	-18.813756
0.919102	0.155373	-7.355218
0.919707	3.051912	4.154832
0.920312	5.958778	15.652954
0.920918	8.831624	26.991382
0.921523	11.619421	38.079292
0.922129	14.282074	48.845648
0.922734	16.832340	59.125065
0.923340	19.202180	68.886633
0.923945	21.454773	78.046034
0.924551	23.497173	86.370371
0.925156	25.366437	94.059193
0.925762	27.004852	101.026009
0.926367	28.321295	106.750804
0.926973	29.436657	111.616134
0.927578	30.307805	115.551778
0.928184	30.942638	118.452811
0.928789	31.207506	120.201022
0.929395	31.268256	120.884798
0.930000	31.022828	120.509833
0.930605	30.510709	119.002380
0.931211	29.739189	116.418021
0.931816	28.673035	112.761364
0.932422	27.372994	108.172581
0.933027	25.796544	102.657094
0.933633	24.011114	95.958691
0.934238	21.973574	88.619349
0.934844	19.742243	80.647474
0.935449	17.421610	71.658068
0.936055	14.922981	62.094963
0.936660	12.246356	51.982831
0.937266	9.431829	41.480008
0.937871	6.585105	30.444967
0.938477	3.646042	19.158594
0.939082	0.699689	7.753740
0.939688	-2.270964	-3.650844
0.940293	-5.180868	-15.117514
0.940898	-8.002077	-26.678266
0.941504	-10.807491	-37.708697
0.942109	-13.534538	-48.267643
0.942715	-16.076907	-58.852074
0.943320	-18.478944	-68.787976
0.943926	-20.749763	-77.903454
0.944531	-22.853520	-86.378537
0.945137	-24.735541	-94.146798
0.945742	-26.293767	-101.109005
0.946348	-27.625397	-107.055580
0.946953	-28.836743	-112.018515
0.947559	-29.670227	-116.087823
0.948164	-30.209075	-119.078870
0.948770	-30.522543	-120.952882
0.949375	-30.580255	-121.592465
0.949980	-30.386464	-121.425453
0.950586	-29.809343	-120.116192
0.951191	-29.034786	-117.279416
0.951797	-27.952837	-113.674273
0.952402	-26.574430	-109.171436
0.953008	-25.001624	-103.565394
0.953613	-23.184605	-96.973813
0.954219	-21.244871	-89.534969
0.954824	-19.014148	-81.364902
0.955430	-16.588418	-72.395017
0.956035	-14.119557	-62.760064
0.956641	-11.498821	-52.494475
0.957246	-8.658779	-41.935529
0.957852	-5.778643	-30.989146
0.958457	-2.883927	-19.456592
0.959063	0.134718	-8.041706
0.959668	3.034902	3.337934
0.960273	5.997657	14.953994
0.960879	8.823726	26.406025
0.961484	11.613346	37.513726
0.962090	14.328243	48.274660
0.962695	16.916174	58.567362
0.963301	19.385643	68.389933
0.963906	21.580525	77.608168
0.964512	23.723769	86.063458
0.965117	25.587565	93.747399
0.965723	27.186493	100.624474
0.966328	28.603780	106.489711
0.966934	29.736760	111.296749
0.967539	30.660760	115.401304
0.968145	31.177131	118.433832
0.968750	31.570181	120.200209
0.969355	31.695933	120.965322
0.969961	31.478449	120.604998
0.970566	30.988808	119.210333
0.971172	30.225186	116.772923
0.971777	29.183331	113.157477
0.972383	27.818896	108.584962
0.972988	26.243660	103.070830
0.973594	24.379864	96.596376
0.974199	22.494198	89.194405
0.974805	20.275624	81.152579
0.975410	17.848680	72.385496
0.976016	15.397435	62.673001
0.976621	12.657631	52.651153
0.977227	9.914181	42.188456
0.977832	6.935630	31.198151
0.978437	4.046382	19.955429
0.979043	1.019839	8.488758
0.979648	-1.877307	-2.978455
0.980254	-4.844923	-14.448108
0.980859	-7.715339	-25.872754
0.981465	-10.507388	-37.002960
0.982070	-13.261165	-47.811069
0.982676	-15.881294	-58.176161
0.983281	-18.356230	-68.260367
0.983887	-20.612469	-77.470197
0.984492	-22.791555	-85.870992
0.985098	-24.620117	-93.705407
0.985703	-26.340544	-100.745427
0.986309	-27.627827	-106.790962
0.986914	-28.788751	-111.809207
0.987520	-29.758921	-115.918371
0.988125	-30.315387	-118.912941
0.988730	-30.774654	-120.959389
0.989336	-30.830543	-121.751073
0.989941	-30.653762	-121.509230
0.990547	-30.161083	-120.214339
0.991152	-29.353114	-117.739785
0.991758	-28.324017	-114.027548
0.992363	-27.019116	-109.682777
0.992969	-25.539257	-104.159699
0.993574	-23.733173	-97.531517
0.994180	-21.806197	-90.183770
0.994785	-19.696973	-82.038646
0.995391	-17.249373	-73.094247
0.995996	-14.800559	-63.512976
0.996602	-12.022482	-53.316795
0.997207	-9.331884	-42.709047
0.997812	-6.469973	-31.672109
0.998418	-3.518760	-20.371637
0.999023	-0.521377	-8.831763
0.999629	2.387312	2.548148
1.000234	5.328805	14.105103
1.000840	8.187071	25.695136
1.001445	11.046553	36.695201
1.002051	13.783320	47.445832
1.002656	16.452655	57.932930
1.003262	18.905115	67.706699
1.003867	21.214205	76.972652
1.004473	23.372029	85.479456
1.005078	25.212740	93.239583
1.005684	26.909475	100.144854
1.006289	28.348025	106.144027
1.006895	29.545398	111.137057
1.007500	30.527719	115.176813
1.008105	31.185029	118.290407
1.008711	31.563499	120.018284
1.009316	31.672240	120.856059
1.009922	31.520366	120.829218
1.010527	31.010678	119.425606
1.011133	30.272571	116.946985
1.011738	29.233753	113.490689
1.012344	28.037595	109.030962
1.012949	26.502453	103.542316
1.013555	24.748614	97.157875
1.014160	22.776076	89.924001
1.014766	20.626757	81.824426
1.015371	18.264814	73.055444
1.015977	15.761325	63.445435
1.016582	13.109607	53.407590
1.017187	10.269566	43.094554
1.017793	7.398542	32.028877
1.018398	4.566398	20.738979
1.019004	1.607895	9.396754
1.019609	-1.284391	-2.028163
1.020215	-4.261727	-13.576985
1.020820	-7.092656	-24.981297
1.021426	-9.912043	-36.123432
1.022031	-12.664605	-46.964618
1.022637	-15.322398	-57.413216
1.023242	-17.747520	-67.391413
1.023848	-20.026235	-76.729485
1.024453	-22.181630	-85.226529
1.025059	-24.052108	-93.152855
1.025664	-25.672299	-100.296716
1.026270	-27.150943	-106.240308
1.026875	-28.388411	-111.354260
1.027480	-29.350077	-115.564824
1.028086	-30.048089	-118.712038
1.028691	-30.403474	-120.729205
1.029297	-30.558993	-121.644250
1.029902	-30.312957	-121.481575
1.030508	-29.935095	-120.210272
1.031113	-29.215820	-117.871823
1.031719	-28.170320	-114.308704
1.032324	-26.982059	-109.905099
1.032930	-25.454815	-104.594854
1.033535	-23.707658	-98.000020
1.034141	-21.831105	-90.621636
1.034746	-19.709730	-82.658166
1.035352	-17.337460	-73.823030
1.035957	-14.817569	-64.230914
1.036563	-12.172533	-54.012230
1.037168	-9.435766	-43.422105
1.037773	-6.577500	-32.429902
1.038379	-3.681569	-21.209683
1.038984	-0.811760	-9.721865
1.039590	2.169828	1.880097
1.040195	5.027487	13.305828
1.040801	7.929493	24.714478
1.041406	10.727617	35.937137
1.042012	13.499012	46.590705
1.042617	16.131290	57.064247
1.043223	18.568562	67.099922
1.043828	20.825408	76.264203
1.044434	22.916407	84.834722
1.045039	24.820906	92.691911
1.045645	26.495771	99.615348
1.046250	27.886936	105.667661
1.046855	29.157209	110.783240
1.047461	30.079994	114.905688
1.048066	30.783474	117.965871
1.048672	31.169234	119.961077
1.049277	31.271901	120.761165
1.049883	31.154047	120.681184
1.050488	30.673518	119.519686
1.051094	29.906251	116.961626
1.051699	28.960988	113.667191
1.052305	27.706510	109.292055
1.052910	26.233333	103.884204
1.053516	24.506223	97.485936
1.054121	22.544620	90.344244
1.054727	20.469415	82.324651
1.055332	18.117800	73.555127
1.055937	15.617956	64.052754
1.056543	12.928574	54.081063
1.057148	10.219751	43.584476
1.057754	7.367560	32.752508
1.058359	4.466161	21.327590
1.058965	1.655887	9.968556
1.059570	-1.362758	-1.288264
1.060176	-4.254437	-12.879381
1.060781	-7.086581	-24.286405
1.061387	-9.961250	-35.484120
1.061992	-12.659137	-46.282740
1.062598	-15.240993	-56.745979
1.063203	-17.743267	-66.757795
1.063809	-20.070583	-76.128131
1.064414	-22.115413	-84.741487
1.065020	-24.019911	-92.608708
1.065625	-25.689916	-99.789442
1.066230	-27.147298	-105.976504
1.066836	-28.379906	-110.988242
1.067441	-29.300869	-115.357685
1.068047	-29.904720	-118.630430
1.068652	-30.317817	-120.604759
1.069258	-30.405904	-121.523329
1.069863	-30.204823	-121.429519
1.070469	-29.831821	-120.272089
1.071074	-29.093714	-117.919541
1.071680	-28.136908	-114.545667
1.072285	-26.850233	-110.109256
1.072891	-25.344251	-104.751835
1.073496	-23.580692	-98.426770
1.074102	-21.716895	-91.066823
1.074707	-19.528697	-83.073800
1.075312	-17.139417	-74.381818
1.075918	-14.664480	-64.613200
1.076523	-12.057109	-54.541465
1.077129	-9.301510	-44.108050
1.077734	-6.556237	-33.128590
1.078340	-3.602594	-21.832999
1.078945	-0.676896	-10.358736
1.079551	2.263382	1.147790
1.080156	5.257120	12.691731
1.080762	8.143331	24.095772
1.081367	10.966363	35.299994
1.081973	13.599249	46.088583
1.082578	16.207834	56.401347
1.083184	18.691884	66.493959
1.083789	20.952982	75.731444
1.084395	23.087721	84.205442
1.085000	25.040212	92.292274
1.085605	26.768536	99.285118
1.086211	28.215591	105.382981
1.086816	29.397777	110.532178
1.087422	30.346685	114.698007
1.088027	31.032547	117.842510
1.088633	31.446859	119.838800
1.089238	31.573218	120.795056
1.089844	31.354520	120.699891
1.090449	30.952966	119.526735
1.091055	30.239158	117.236546
1.091660	29.255016	113.718163
1.092266	28.026052	109.572668
1.092871	26.497593	104.303363
1.093477	24.789316	97.809116
1.094082	22.791263	90.684234
1.094688	20.602457	82.752756
1.095293	18.283647	74.000856
1.095898	15.820860	64.609914
1.096504	13.114467	54.654221
1.097109	10.427515	44.239784
1.097715	7.513359	33.336510
1.098320	4.637475	22.104091
1.098926	1.665607	10.661550
1.099531	-1.293504	-0.750624
1.100137	-4.259297	-12.193978
1.100742	-7.186210	-23.807328
1.101348	-9.967932	-34.897949
1.101953	-12.739934	-45.606555
1.102559	-15.372820	-56.173092
1.103164	-17.898179	-66.214733
1.103770	-20.172642	-75.559854
1.104375	-22.372991	-84.316092
1.104980	-24.313939	-92.297999
1.105586	-26.000954	-99.449994
1.106191	-27.499038	-105.641123
1.106797	-28.757768	-110.921816
1.107402	-29.687237	-115.192570
1.108008	-30.350622	-118.600064
1.108613	-30.741849	-120.615875
1.109219	-30.931995	-121.524684
1.109824	-30.744279	-121.660246
1.110430	-30.293517	-120.505256
1.111035	-29.603402	-118.237841
1.111641	-28.638699	-114.872914
1.112246	-27.401838	-110.531397
1.112852	-25.903755	-105.195394
1.113457	-24.140803	-98.844031
1.114062	-22.185275	-91.648656
1.114668	-20.015908	-83.628521
1.115273	-17.707425	-74.909697
1.115879	-15.200899	-65.456397
1.116484	-12.647595	-55.248287
1.117090	-9.885920	-44.924406
1.117695	-6.994849	-33.969076
1.118301	-4.042421	-22.510539
1.118906	-1.144060	-11.106769
1.119512	1.863043	0.454795
1.120117	4.842201	11.971082
1.120723	7.734487	23.444531
1.121328	10.592146	34.612151
1.121934	13.381765	45.532235
1.122539	15.984276	55.927964
1.123145	18.466503	65.853834
1.123750	20.812043	75.309845
1.124355	23.001457	83.876568
1.124961	25.024417	91.777408
1.125566	26.751527	99.065236
1.126172	28.238676	105.131106
1.126777	29.536893	110.258342
1.127383	30.496736	114.577357
1.127988	31.185029	117.802112
1.128594	31.668595	119.921493
1.129199	31.825937	120.949597
1.129805	31.775514	120.959900
1.130410	31.346623	119.832835
1.131016	30.680200	117.604191
1.131621	29.761667	114.284000
1.132227	28.501114	109.960377
1.132832	27.015180	104.816873
1.133438	25.285032	98.452766
1.134043	23.362309	91.280166
1.134648	21.256730	83.557996
1.135254	18.912404	74.890415
1.135859	16.496395	65.503270
1.136465	13.865332	55.532393
1.137070	11.096367	45.124464
1.137676	8.216231	34.255352
1.138281	5.269878	23.026457
1.138887	2.363012	11.665525
1.139492	-0.622221	0.132700
1.140098	-3.619604	-11.291134
1.140703	-6.528293	-22.816096
1.141309	-9.334314	-34.126870
1.141914	-12.078979	-44.875061
1.142520	-14.741632	-55.320677
1.143125	-17.266383	-65.560509
1.143730	-19.603419	-74.985612
1.144336	-21.743625	-83.685728
1.144941	-23.758688	-91.741923
1.145547	-25.463320	-98.971459
1.146152	-26.979022	-105.258295
1.146758	-28.293642	-110.593484
1.147363	-29.243765	-114.930664
1.147969	-30.011032	-118.292337
1.148574	-30.447214	-120.566801
1.149180	-30.583900	-121.635845
1.149785	-30.558385	-121.616866
1.150391	-30.177485	-120.769060
1.150996	-29.525035	-118.519540
1.151602	-28.642344	-115.096050
1.152207	-27.434643	-110.869760
1.152813	-25.984551	-105.634887
1.153418	-24.260479	-99.367030
1.154023	-22.362663	-92.204732
1.154629	-20.271664	-84.265663
1.155234	-18.031220	-75.548195
1.155840	-15.601238	-66.180842
1.156445	-13.037607	-56.143269
1.157051	-10.292335	-45.579172
1.157656	-7.441358	-34.820678
1.158262	-4.539960	-23.472760
1.158867	-1.628234	-11.927734
1.159473	1.323587	-0.593914
1.160078	4.306390	11.013199
1.160684	7.173161	22.522436
1.161289	10.024138	33.715814
1.161895	12.723848	44.650538
1.162500	15.382856	55.113235
1.163105	17.893634	65.116646
1.163711	20.202117	74.471257
1.164316	22.437093	83.228580
1.164922	24.404771	91.209131
1.165527	26.119124	98.373869
1.166133	27.632395	104.606209
1.166738	28.909958	109.748628
1.167344	29.873446	114.153589
1.167949	30.557486	117.591177
1.168555	31.049557	119.673956
1.169160	31.289518	120.767944
1.169766	31.238488	120.902421
1.170371	30.863056	119.840698
1.170977	30.229438	117.672515
1.171582	29.265950	114.439083
1.172187	28.038202	110.235568
1.172793	26.599653	105.041093
1.173398	24.933292	98.837763
1.174004	23.086506	91.726166
1.174609	20.971814	83.954923
1.175215	18.683986	75.379524
1.175820	16.337838	65.854105
1.176426	13.725608	56.034516
1.177031	10.970008	45.786821
1.177637	8.148799	34.919336
1.178242	5.204876	23.703184
1.178848	2.304692	12.338185
1.179453	-0.624651	0.911098
1.180059	-3.487778	-10.584583
1.180664	-6.380671	-22.013839
1.181270	-9.201273	-33.289909
1.181875	-11.927713	-44.130824
1.182480	-14.628030	-54.654253
1.183086	-17.066517	-64.902490
1.183691	-19.395048	-74.247611
1.184297	-21.577172	-82.934984
1.184902	-23.505362	-91.118065
1.185508	-25.264669	-98.388270
1.186113	-26.714761	-104.709268
1.186719	-28.010549	-110.097869
1.187324	-28.941232	-114.487646
1.187930	-29.649572	-117.906798
1.188535	-30.144073	-120.237927
1.189141	-30.347584	-121.433044
1.189746	-30.310527	-121.527395
1.190352	-29.905935	-120.702906
1.190957	-29.246802	-118.516015
1.191563	-28.316119	-115.239204
1.192168	-27.122998	-111.221138
1.192773	-25.636457	-105.994398
1.193379	-23.982246	-99.708105
1.193984	-22.093543	-92.627145
1.194590	-19.958196	-84.706783
1.195195	-17.752987	-76.088004
1.195801	-15.247068	-66.697605
1.196406	-12.657315	-56.692838
1.197012	-9.936950	-46.168596
1.197617	-7.127283	-35.317378
1.198223	-4.226492	-24.064625
1.198828	-1.345748	-12.595514
1.199434	1.570230	-1.183339
1.200039	4.537846	10.319934
1.200645	7.374850	21.926234
1.201250	10.189984	33.038816
1.201855	12.930396	43.927991
1.202461	15.540197	54.501578
1.203066	18.067986	64.513123
1.203672	20.430536	73.950427
1.204277	22.475366	82.705310
1.204883	24.484353	90.701044
1.205488	26.273428	97.908348
1.206094	27.626928	104.166174
1.206699	28.894163	109.474521
1.207305	29.900783	113.800585
1.207910	30.709967	117.307581
1.208516	31.105447	119.432384
1.209121	31.314425	120.537488
1.209727	31.310780	120.855246
1.210332	30.833896	119.837444
1.210937	30.148034	117.724570
1.211543	29.238006	114.603927
1.212148	27.995070	110.420746
1.212754	26.609980	105.278327
1.213359	24.945442	99.202696
1.213965	23.070711	92.230729
1.214570	20.952982	84.423697
1.215176	18.644499	75.819830
1.215781	16.185965	66.457086
1.216387	13.541537	56.578663
1.216992	10.779862	46.431013
1.217598	7.919166	35.528552
1.218203	5.116789	24.240824
1.218809	2.160716	13.023316
1.219414	-0.758300	1.586198
1.220020	-3.697971	-9.947169
1.220625	-6.639464	-21.380763
1.221230	-9.446701	-32.590408
1.221836	-12.200478	-43.584237
1.222441	-14.906871	-54.125831
1.223047	-17.404285	-64.266160
1.223652	-19.696973	-73.807305
1.224258	-21.849937	-82.538871
1.224863	-23.839485	-90.695924
1.225469	-25.447525	-98.171642
1.226074	-26.982667	-104.467696
1.226680	-28.268735	-109.716125
1.227285	-29.244980	-114.314127
1.227891	-29.953320	-117.809193
1.228496	-30.459971	-120.148727
1.229102	-30.690212	-121.411354
1.229707	-30.550488	-121.641810
1.230312	-30.159868	-120.724324
1.230918	-29.517138	-118.668658
1.231523	-28.599212	-115.471828
1.232129	-27.406091	-111.343686
1.232734	-25.931092	-106.352554
1.233340	-24.238002	-100.092559
1.233945	-22.419768	-92.960899
1.234551	-20.223064	-85.340943
1.235156	-17.944348	-76.611546
1.235762	-15.521656	-67.168820
1.236367	-12.890593	-57.247017
1.236973	-10.170228	-46.803299
1.237578	-7.322289	-35.928222
1.238184	-4.424536	-24.743250
1.238789	-1.463603	-13.323754
1.239395	1.431721	-1.807739
