LabVIEW Measurement	
Writer_Version	2
Reader_Version	2
Separator	Tab
Decimal_Separator	.
Multi_Headings	No
X_Columns	One
Time_Pref	Absolute
Operator	AlunosGDS-JT
Date	2019/10/09
Time	15:19:08.4651639249999940857
***End_of_Header***	
	
Channels	2		
Samples	2048	2048	
Date	2019/10/09	2019/10/09	
Time	15:20:09.5908670499999936683	15:20:09.5908670499999936683	
Y_Unit_Label	g	Newtons	
X_Dimension	Time	Time	
X0	0.0000000000000000E+0	0.0000000000000000E+0	
Delta_X	0.000605	0.000605	
***End_of_Header***			
X_Value	Acceleration (Trigger)	Force (Trigger)	Comment
0.000000	0.020509	1.358182
0.000605	0.001677	2.703774
0.001211	-0.025053	4.043129
0.001816	-0.009258	5.277017
0.002422	0.012612	6.520665
0.003027	-0.044493	7.844566
0.003633	-0.073653	9.135661
0.004238	-0.108280	10.324543
0.004844	-0.134402	11.635430
0.005449	-0.170245	12.937912
0.006055	-0.208517	14.070671
0.006660	-0.138655	15.514409
0.007266	-0.136225	16.783543
0.007871	-0.183610	17.808123
0.008477	-0.224919	19.208752
0.009082	-0.221274	20.517741
0.009687	-0.200619	21.727499
0.010293	-0.261976	22.938341
0.010898	-0.231602	24.244348
0.011504	-0.286276	25.476881
0.012109	-0.207909	26.717818
0.012715	-0.183610	27.928931
0.013320	-0.178750	29.268015
0.013926	-0.166600	30.385320
0.014531	-0.163562	31.462769
0.015137	-0.131365	33.033122
0.015742	-0.148375	34.058515
0.016348	-0.124682	35.142742
0.016953	-0.042063	36.473422
0.017559	-0.014118	37.710834
0.018164	0.008967	38.948246
0.018770	0.082474	40.099712
0.019375	0.097053	41.299167
0.019980	0.113456	42.450633
0.020586	0.142008	43.596135
0.021191	0.165700	44.777967
0.021797	0.236170	45.982031
0.022402	0.247712	47.050804
0.023008	0.269582	48.284692
0.023613	0.381361	49.517766
0.024219	0.460336	50.412748
0.024824	0.436036	51.665615
0.025430	0.422671	52.924446
0.026035	0.446971	53.932216
0.026641	0.493140	54.990144
0.027246	0.457298	56.114769
0.027852	0.522908	57.216890
0.028457	0.566647	58.278885
0.029062	0.583657	59.343049
0.029668	0.605527	60.434867
0.030273	0.605527	61.420676
0.030879	0.665669	62.453932
0.031484	0.629827	63.607567
0.032090	0.594592	64.413349
0.032695	0.642584	65.562917
0.033301	0.658987	66.723059
0.033906	0.635902	67.634038
0.034512	0.684502	68.599512
0.035117	0.632864	69.582068
0.035723	0.636509	70.597971
0.036328	0.563610	71.491056
0.036934	0.560572	72.483372
0.037539	0.525945	73.445593
0.038145	0.477953	74.373381
0.038750	0.513188	75.186483
0.039355	0.429353	76.194796
0.039961	0.424493	77.206632
0.040566	0.389866	77.835370
0.041172	0.335799	78.826331
0.041777	0.308462	79.862297
0.042383	0.231917	80.660759
0.042988	0.149298	81.452714
0.043594	0.095838	82.295369
0.044199	0.020509	83.116063
0.044805	0.028406	83.969021
0.045410	-0.017156	84.752842
0.046016	-0.093700	85.630201
0.046621	-0.148982	86.361966
0.047227	-0.218237	87.039507
0.047832	-0.289921	87.954010
0.048438	-0.341558	88.553466
0.049043	-0.371933	89.294450
0.049648	-0.464880	90.258569
0.050254	-0.536564	90.878359
0.050859	-0.582127	91.548308
0.051465	-0.610071	92.302034
0.052070	-0.634371	93.009940
0.052676	-0.638624	93.695072
0.053281	-0.675073	94.352549
0.053887	-0.766805	94.981016
0.054492	-0.796572	95.652863
0.055098	-0.781385	96.236323
0.055703	-0.830592	96.937993
0.056309	-0.788675	97.627192
0.056914	-0.835452	97.973960
0.057520	-0.764983	98.798992
0.058125	-0.805077	99.410107
0.058730	-0.819657	99.858276
0.059336	-0.825732	100.478066
0.059941	-0.781385	101.011368
0.060547	-0.816620	101.574494
0.061152	-0.801432	102.058994
0.061758	-0.708486	102.587958
0.062363	-0.656849	103.093605
0.062969	-0.688438	103.536894
0.063574	-0.640446	103.964728
0.064180	-0.617361	104.561473
0.064785	-0.589417	104.919358
0.065391	-0.567547	105.186958
0.065996	-0.522592	105.892695
0.066602	-0.455160	106.267660
0.067207	-0.367681	106.600601
0.067812	-0.284454	107.015151
0.068418	-0.258331	107.409366
0.069023	-0.207302	107.744476
0.069629	-0.162347	108.031868
0.070234	-0.097345	108.420389
0.070840	-0.065148	108.714017
0.071445	0.012004	108.957758
0.072051	0.072754	109.219664
0.072656	0.098268	109.623369
0.073262	0.183925	109.724498
0.073867	0.239815	109.899102
0.074473	0.321219	110.340493
0.075078	0.304817	110.500728
0.075684	0.359491	110.631410
0.076289	0.391081	110.872711
0.076895	0.350379	110.984685
0.077500	0.452438	111.132177
0.078105	0.507720	111.281838
0.078711	0.478561	111.407911
0.079316	0.540525	111.491146
0.079922	0.539918	111.514463
0.080527	0.530198	111.634028
0.081133	0.551460	111.747359
0.081738	0.455476	111.488706
0.082344	0.498000	111.738140
0.082949	0.555105	111.916540
0.083555	0.514403	111.766066
0.084160	0.542955	111.739225
0.084766	0.563610	111.808090
0.085371	0.527768	111.712112
0.085977	0.424493	111.621828
0.086582	0.420241	111.539677
0.087188	0.439073	111.450206
0.087793	0.374679	111.319524
0.088398	0.313322	111.091508
0.089004	0.308462	111.104793
0.089609	0.272012	110.873795
0.090215	0.227665	110.602128
0.090820	0.237385	110.691599
0.091426	0.140186	110.426440
0.092031	0.179065	110.208456
0.092637	0.093408	109.921606
0.093242	0.055744	109.726938
0.093848	0.027191	109.461779
0.094453	-0.062718	109.147816
0.095059	-0.051783	108.904618
0.095664	-0.045101	108.592282
0.096270	-0.153235	108.212165
0.096875	-0.112533	107.888443
0.097480	-0.135010	107.673983
0.098086	-0.136832	107.164540
0.098691	-0.177535	106.841631
0.099297	-0.242537	106.648590
0.099902	-0.243144	106.107426
0.100508	-0.214592	105.661697
0.101113	-0.207302	105.308964
0.101719	-0.286884	104.875707
0.102324	-0.225527	104.390665
0.102930	-0.249219	103.984791
0.103535	-0.288099	103.469112
0.104141	-0.280201	102.978648
0.104746	-0.278379	102.438026
0.105352	-0.215807	101.935903
0.105957	-0.243752	101.515118
0.106563	-0.178142	100.780370
0.107168	-0.102205	100.417877
0.107773	-0.119215	99.930937
0.108379	-0.107673	99.241196
0.108984	-0.101598	98.646349
0.109590	-0.078513	98.037403
0.110195	-0.028091	97.398091
0.110801	0.007752	96.798906
0.111406	0.026584	96.188063
0.112012	0.057566	95.500491
0.112617	0.089156	94.833524
0.113223	0.120138	94.148935
0.113828	0.167523	93.538633
0.114434	0.118923	92.763488
0.115039	0.148691	91.825940
0.115645	0.160233	91.411661
0.116250	0.155373	90.717582
0.116855	0.146868	89.756717
0.117461	0.258040	89.040406
0.118066	0.234955	88.280173
0.118672	0.205795	87.551932
0.119277	0.221590	86.731780
0.119883	0.253787	85.913526
0.120488	0.279910	85.109913
0.121094	0.268975	84.234452
0.121699	0.250750	83.380952
0.122305	0.256217	82.623159
0.122910	0.265330	81.621896
0.123516	0.309677	80.773276
0.124121	0.282947	80.098447
0.124727	0.280517	78.981956
0.125332	0.221590	78.120051
0.125938	0.160840	77.273058
0.126543	0.154158	76.298636
0.127148	0.194253	75.339940
0.127754	0.168738	74.390462
0.128359	0.204580	73.492226
0.128965	0.197290	72.512382
0.129570	0.165700	71.444965
0.130176	0.131073	70.522870
0.130781	0.128643	69.537874
0.131387	0.101306	68.305884
0.131992	-0.006828	67.455638
0.132598	0.039341	66.563367
0.133203	0.014434	65.334088
0.133809	0.047846	64.352888
0.134414	-0.032343	63.366266
0.135020	-0.001968	62.300204
0.135625	-0.042671	61.199710
0.136230	-0.035988	60.121447
0.136836	-0.080943	59.056741
0.137441	-0.123467	57.921543
0.138047	-0.133795	56.817795
0.138652	-0.167207	55.830630
0.139258	-0.142300	54.600538
0.139863	-0.190899	53.419248
0.140469	-0.194544	52.550565
0.141074	-0.181787	51.258386
0.141680	-0.171460	50.084145
0.142285	-0.190899	49.051703
0.142891	-0.265014	47.863906
0.143496	-0.221274	46.713254
0.144102	-0.192722	45.557992
0.144707	-0.221882	44.433910
0.145313	-0.186039	43.272141
0.145918	-0.144122	42.085971
0.146523	-0.129542	40.941554
0.147129	-0.105850	39.846482
0.147734	-0.091270	38.387832
0.148340	-0.093093	37.338580
0.148945	-0.026876	36.287159
0.149551	-0.092485	34.873787
0.150156	0.021724	33.722321
0.150762	0.078829	32.544556
0.151367	0.033874	31.276506
0.151973	0.024761	30.068375
0.152578	0.148691	28.916367
0.153184	0.131073	27.596804
0.153789	0.193038	26.372676
0.154395	0.104343	25.120894
0.155000	0.152943	23.955330
0.155605	0.172990	22.591573
0.156211	0.272620	21.222936
0.156816	0.237992	20.235230
0.157422	0.262292	18.896145
0.158027	0.352202	17.483044
0.158633	0.305424	16.332392
0.159238	0.276265	15.117483
0.159844	0.294489	13.813916
0.160449	0.335799	12.549120
0.161055	0.362529	11.324450
0.161660	0.414774	10.062907
0.162266	0.422671	8.768830
0.162871	0.434213	7.483428
0.163477	0.430568	6.238153
0.164082	0.398979	4.841591
0.164687	0.431176	3.760888
0.165293	0.341267	2.442138
0.165898	0.348557	0.946344
0.166504	0.363136	-0.103179
0.167109	0.367389	-1.295042
0.167715	0.349164	-2.635482
0.168320	0.468841	-3.907870
0.168926	0.348557	-5.155314
0.169531	0.306032	-6.444240
0.170137	0.266545	-7.707138
0.170742	0.222805	-9.004740
0.171348	0.138971	-10.262487
0.171953	0.142616	-11.592624
0.172559	0.096446	-12.875857
0.173164	0.043594	-13.974182
0.173770	0.094623	-15.371016
0.174375	0.015649	-16.801740
0.174980	-0.068185	-17.765588
0.175586	-0.109495	-19.096810
0.176191	-0.159917	-20.390345
0.176797	-0.215807	-21.673306
0.177402	-0.208517	-22.836702
0.178008	-0.177535	-24.124543
0.178613	-0.274126	-25.338097
0.179219	-0.322118	-26.618618
0.179824	-0.302071	-27.793130
0.180430	-0.599136	-29.184270
0.181035	-0.294174	-30.316757
0.181641	-0.381046	-31.421861
0.182246	-0.399878	-32.935549
0.182852	-0.399270	-33.930847
0.183457	-0.370718	-35.090176
0.184062	-0.375578	-36.295867
0.184668	-0.348848	-37.565272
0.185273	-0.327586	-38.679323
0.185879	-0.311184	-39.829433
0.186484	-0.374971	-41.089349
0.187090	-0.304501	-42.252744
0.187695	-0.370718	-43.373031
0.188301	-0.283846	-44.587398
0.188906	-0.333053	-45.820472
0.189512	-0.281416	-46.849390
0.190117	-0.291136	-48.003025
0.190723	-0.196367	-49.319335
0.191328	-0.104028	-50.259053
0.191934	-0.127112	-51.366867
0.192539	-0.111318	-52.500982
0.193145	-0.090663	-53.583311
0.193750	-0.028091	-54.741284
0.194355	0.029014	-55.806803
0.194961	0.101913	-56.894826
0.195566	0.126821	-57.927811
0.196172	0.213085	-59.046471
0.196777	0.273227	-60.181127
0.197383	0.276872	-61.237428
0.197988	0.335192	-62.108009
0.198594	0.354024	-63.350573
0.199199	0.383184	-64.464895
0.199805	0.463981	-65.215639
0.200410	0.498000	-66.317760
0.201016	0.558750	-67.348304
0.201621	0.657164	-68.298054
0.202227	0.669314	-69.272746
0.202832	0.693614	-70.334470
0.203437	0.713661	-71.333293
0.204043	0.696044	-72.285211
0.204648	0.740999	-73.282408
0.205254	0.751934	-74.288009
0.205859	0.775018	-75.137713
0.206465	0.859460	-76.033508
0.207070	0.906845	-77.149186
0.207676	0.847918	-77.954426
0.208281	0.879508	-78.763190
0.208887	0.842450	-79.765267
0.209492	0.876470	-80.632865
0.210098	0.878900	-81.533270
0.210703	0.852778	-82.418221
0.211309	0.847918	-83.266840
0.211914	0.881938	-84.086179
0.212520	0.880723	-84.888707
0.213125	0.802963	-85.779894
0.213730	0.758009	-86.696024
0.214336	0.745859	-87.325846
0.214941	0.720951	-88.240891
0.215547	0.673567	-89.155666
0.216152	0.668707	-89.664838
0.216758	0.607350	-90.476856
0.217363	0.621930	-91.251459
0.217969	0.560572	-92.045582
0.218574	0.582442	-92.714447
0.219180	0.486458	-93.435909
0.219785	0.437858	-94.170928
0.220391	0.400194	-94.869345
0.220996	0.304817	-95.559628
0.221602	0.302387	-96.342364
0.222207	0.270797	-96.888680
0.222812	0.185748	-97.433912
0.223418	0.266545	-98.205532
0.224023	0.231310	-98.729345
0.224629	0.085511	-99.236890
0.225234	0.033874	-99.885962
0.225840	0.016257	-100.499517
0.226445	-0.068185	-101.092738
0.227051	-0.085195	-101.637698
0.227656	-0.149590	-102.146057
0.228262	-0.141085	-102.623778
0.228867	-0.208517	-103.151386
0.229473	-0.205479	-103.653238
0.230078	-0.180572	-104.227751
0.230684	-0.242537	-104.564488
0.231289	-0.278986	-105.055765
0.231895	-0.294781	-105.659289
0.232500	-0.316651	-105.803527
0.233105	-0.296604	-106.270674
0.233711	-0.297211	-106.740804
0.234316	-0.247397	-107.030908
0.234922	-0.195759	-107.349208
0.235527	-0.207909	-107.721191
0.236133	-0.170852	-108.088836
0.236738	-0.213984	-108.402798
0.237344	-0.203657	-108.683141
0.237949	-0.217022	-109.039398
0.238555	-0.144730	-109.319741
0.239160	-0.110103	-109.436867
0.239766	-0.065755	-109.880427
0.240371	0.083081	-110.008398
0.240977	0.059389	-110.087566
0.241582	0.072146	-110.435961
0.242187	0.074576	-110.623037
0.242793	0.083081	-110.811468
0.243398	0.160840	-110.961671
0.244004	0.176635	-111.164473
0.244609	0.230702	-111.256926
0.245215	0.340659	-111.345042
0.245820	0.304817	-111.454034
0.246426	0.379539	-111.576311
0.247031	0.422671	-111.558959
0.247637	0.455476	-111.647888
0.248242	0.478561	-111.874548
0.248848	0.454868	-111.643279
0.249453	0.448186	-111.611828
0.250059	0.558143	-111.769623
0.250664	0.593985	-111.737630
0.251270	0.604920	-111.609117
0.251875	0.694829	-111.555434
0.252480	0.722166	-111.542149
0.253086	0.730671	-111.485484
0.253691	0.740999	-111.376221
0.254297	0.665062	-111.346939
0.254902	0.690577	-111.236863
0.255508	0.672959	-111.049787
0.256113	0.708194	-111.033248
0.256719	0.640154	-110.916394
0.257324	0.651089	-110.539259
0.257930	0.717914	-110.429725
0.258535	0.721559	-110.305821
0.259141	0.682679	-110.024123
0.259746	0.671137	-109.722632
0.260352	0.621322	-109.553451
0.260957	0.556928	-109.317843
0.261562	0.549030	-109.026656
0.262168	0.488888	-108.757429
0.262773	0.487066	-108.437231
0.263379	0.414774	-108.132216
0.263984	0.406876	-107.776771
0.264590	0.319397	-107.681878
0.265195	0.298742	-107.079710
0.265801	0.226450	-106.661907
0.266406	0.182103	-106.485947
0.267012	0.179065	-106.037778
0.267617	0.149906	-105.599099
0.268223	0.108596	-105.160962
0.268828	0.110418	-104.697610
0.269434	0.045416	-104.260286
0.270039	0.073969	-103.780124
0.270645	0.045416	-103.292913
0.271250	-0.105243	-102.878635
0.271855	-0.038418	-102.260200
0.272461	-0.069400	-101.849175
0.273066	-0.034166	-101.304486
0.273672	-0.078513	-100.554827
0.274277	-0.116785	-100.199111
0.274883	-0.092485	-99.611313
0.275488	-0.144730	-98.915065
0.276094	-0.178750	-98.357633
0.276699	-0.187862	-97.727811
0.277305	-0.173282	-97.082534
0.277910	-0.181787	-96.409061
0.278516	-0.215807	-95.809062
0.279121	-0.148375	-95.126371
0.279727	-0.148982	-94.420362
0.280332	-0.085803	-93.693206
0.280938	-0.107065	-93.121947
0.281543	-0.148375	-92.286883
0.282148	-0.146552	-91.458327
0.282754	-0.113140	-90.903335
0.283359	-0.136832	-90.052817
0.283965	-0.037811	-89.258693
0.284570	-0.010473	-88.448031
0.285176	0.027799	-87.647129
0.285781	0.031444	-86.816132
0.286387	0.050276	-86.022822
0.286992	0.048454	-85.223004
0.287598	0.067286	-84.345103
0.288203	0.077006	-83.433040
0.288809	0.122568	-82.688532
0.289414	0.121353	-81.880581
0.290020	0.227057	-80.700104
0.290625	0.251965	-79.958850
0.291230	0.217338	-79.210275
0.291836	0.251357	-78.065045
0.292441	0.239815	-77.161658
0.293047	0.255002	-76.244714
0.293652	0.264115	-75.365729
0.294258	0.296919	-74.389409
0.294863	0.281125	-73.443727
0.295469	0.378931	-72.429179
0.296074	0.392296	-71.448250
0.296680	0.400801	-70.406589
0.297285	0.396549	-69.545227
0.297891	0.409306	-68.381831
0.298496	0.446971	-67.339900
0.299102	0.378931	-66.550927
0.299707	0.414166	-65.289385
0.300312	0.405661	-64.184552
0.300918	0.419634	-63.251070
0.301523	0.477953	-62.157354
0.302129	0.409914	-61.017546
0.302734	0.376501	-60.026044
0.303340	0.420241	-58.966489
0.303945	0.391081	-57.880906
0.304551	0.337622	-56.749232
0.305156	0.346734	-55.699980
0.305762	0.357061	-54.706038
0.306367	0.302387	-53.372647
0.306973	0.372856	-52.258054
0.307578	0.315144	-51.355480
0.308184	0.374071	-50.018294
0.308789	0.274442	-48.920511
0.309395	0.306639	-47.738950
0.310000	0.264115	-46.561185
0.310605	0.245890	-45.420293
0.311211	0.217338	-44.291601
0.311816	0.203365	-43.031143
0.312422	0.200935	-41.892149
0.313027	0.188785	-40.717908
0.313633	0.199720	-39.587048
0.314238	0.081866	-38.365361
0.314844	0.136541	-36.969340
0.315449	0.076399	-36.065140
0.316055	0.059389	-34.767538
0.316660	-0.006828	-33.408119
0.317266	-0.014726	-32.256653
0.317871	-0.009866	-31.061536
0.318477	0.025976	-29.793758
0.319082	0.006537	-28.509441
0.319688	-0.006828	-27.283144
0.320293	0.005929	-26.078809
0.320898	-0.023231	-24.857393
0.321504	-0.032951	-23.543523
0.322109	-0.062718	-22.417814
0.322715	-0.022623	-20.959706
0.323320	-0.035988	-19.790888
0.323926	-0.046923	-18.700968
0.324531	-0.012296	-17.152304
0.325137	-0.048138	-15.922212
0.325742	-0.009866	-14.724655
0.326348	-0.029306	-13.463112
0.326953	-0.023838	-12.115895
0.327559	0.033874	-10.910475
0.328164	0.048454	-9.654626
0.328770	-0.004398	-8.364344
0.329375	0.054529	-6.994352
0.329980	0.038734	-5.856442
0.330586	0.100091	-4.655089
0.331191	0.066679	-3.191016
0.331797	0.030836	-2.142578
0.332402	0.098268	-0.846331
0.333008	0.120746	0.588460
0.333613	0.152336	1.825059
0.334219	0.193645	3.165499
0.334824	0.210655	4.408334
0.335430	0.217945	5.716239
0.336035	0.208225	6.946873
0.336641	0.243460	8.248813
0.337246	0.217338	9.529063
0.337852	0.233740	10.789521
0.338457	0.280517	11.918755
0.339062	0.231917	13.259466
0.339668	0.270190	14.676092
0.340273	0.259862	15.614454
0.340879	0.347949	17.024844
0.341484	0.294489	18.452043
0.342090	0.258647	19.661259
0.342695	0.273835	20.821401
0.343301	0.304209	22.138253
0.343906	0.256825	23.379190
0.344512	0.254395	24.601691
0.345117	0.300564	25.832054
0.345723	0.272012	27.079769
0.346328	0.285377	28.325044
0.346934	0.304817	29.451024
0.347539	0.236777	30.778179
0.348145	0.142616	31.896026
0.348750	0.148691	32.921148
0.349355	0.192430	34.493399
0.349961	0.115278	35.668995
0.350566	0.120746	36.777623
0.351172	0.100091	37.988737
0.351777	0.085511	39.241061
0.352383	0.053921	40.374090
0.352988	0.049061	41.516880
0.353594	-0.019586	42.663466
0.354199	-0.073653	43.856957
0.354805	-0.090663	44.970736
0.355410	-0.135010	46.105121
0.356016	-0.120430	47.388896
0.356621	-0.186039	48.350846
0.357227	-0.210947	49.557621
0.357832	-0.207302	50.847903
0.358438	-0.232817	51.892275
0.359043	-0.252864	53.044825
0.359648	-0.277771	54.151014
0.360254	-0.276556	55.238494
0.360859	-0.373756	56.269581
0.361465	-0.366466	57.403966
0.362070	-0.365858	58.532115
0.362676	-0.367073	59.581096
0.363281	-0.388335	60.544673
0.363887	-0.438758	61.756600
0.364492	-0.435113	62.765454
0.365098	-0.395018	63.705985
0.365703	-0.453945	64.949905
0.366309	-0.461842	65.975298
0.366914	-0.500722	66.915015
0.367520	-0.443618	67.901909
0.368125	-0.500722	68.877686
0.368730	-0.455768	69.960558
0.369336	-0.443618	70.940131
0.369941	-0.356138	71.932446
0.370547	-0.399270	72.844509
0.371152	-0.390158	73.831132
0.371758	-0.365251	74.770849
0.372363	-0.314829	75.885985
0.372969	-0.285061	76.581148
0.373574	-0.222489	77.568313
0.374180	-0.170245	78.680737
0.374785	-0.159310	79.408435
0.375391	-0.139262	80.310195
0.375996	-0.131972	81.254793
0.376602	-0.047531	82.139201
0.377207	-0.024446	82.943086
0.377812	-0.057858	83.783030
0.378418	0.024154	84.666625
0.379023	0.053314	85.485692
0.379629	0.045416	86.232640
0.380234	0.141401	87.120031
0.380840	0.070931	87.885686
0.381445	0.242245	88.565938
0.382051	0.211870	89.544698
0.382656	0.191823	90.335839
0.383262	0.224627	90.891102
0.383867	0.212478	91.615547
0.384473	0.264115	92.399639
0.385078	0.272620	93.144147
0.385684	0.304209	93.798100
0.386289	0.318789	94.543421
0.386895	0.340052	95.155078
0.387500	0.256825	95.838854
0.388105	0.318789	96.465152
0.388711	0.319397	97.202068
0.389316	0.306032	97.694973
0.389922	0.315752	98.257827
0.390527	0.333369	99.090451
0.391133	0.327902	99.579017
0.391738	0.251965	100.078429
0.392344	0.229487	100.699033
0.392949	0.256825	101.250229
0.393555	0.195468	101.758859
0.394160	0.140793	102.277249
0.394766	0.095231	102.805400
0.395371	0.100698	103.267938
0.395977	0.027191	103.715022
0.396582	0.019294	104.224737
0.397187	-0.047531	104.687275
0.397793	-0.077905	104.939963
0.398398	-0.034773	105.598525
0.399004	-0.246182	106.037204
0.399609	-0.208517	106.225907
0.400215	-0.249219	106.688717
0.400820	-0.307539	107.069104
0.401426	-0.324548	107.445425
0.402031	-0.340951	107.769690
0.402637	-0.435113	108.136251
0.403242	-0.447263	108.385414
0.403848	-0.434505	108.704528
0.404453	-0.497685	108.999240
0.405059	-0.533527	109.362276
0.405664	-0.566939	109.490518
0.406270	-0.577267	109.651837
0.406875	-0.596099	110.167245
0.407480	-0.617969	110.184325
0.408086	-0.570584	110.321786
0.408691	-0.628904	110.661234
0.409297	-0.603996	110.833398
0.409902	-0.611894	110.968418
0.410508	-0.616146	111.135973
0.411113	-0.634979	111.310848
0.411719	-0.595491	111.378900
0.412324	-0.565117	111.523681
0.412930	-0.533527	111.646229
0.413535	-0.588809	111.788841
0.414141	-0.561472	111.666292
0.414746	-0.603996	111.775555
0.415352	-0.620399	111.907864
0.415957	-0.536564	111.811344
0.416563	-0.497077	111.849301
0.417168	-0.447870	111.956396
0.417773	-0.374971	112.001131
0.418379	-0.393195	111.945822
0.418984	-0.370111	111.904340
0.419590	-0.266229	111.817851
0.420195	-0.293566	111.737869
0.420801	-0.278379	111.659243
0.421406	-0.230387	111.580346
0.422012	-0.172675	111.427974
0.422617	-0.064540	111.162814
0.423223	-0.073653	111.232493
0.423828	-0.043278	111.045417
0.424434	0.078829	110.685092
0.425039	0.046024	110.644695
0.425645	0.083689	110.482020
0.426250	0.091586	110.203033
0.426855	0.168130	109.968239
0.427461	0.231917	109.770589
0.428066	0.262900	109.501363
0.428672	0.204580	109.175471
0.429277	0.309677	108.906787
0.429883	0.290844	108.653827
0.430488	0.306032	108.209183
0.431094	0.310284	107.900101
0.431699	0.291452	107.661240
0.432305	0.283555	107.122516
0.432910	0.279910	106.755955
0.433516	0.321827	106.511130
0.434121	0.315144	106.078686
0.434727	0.336407	105.677422
0.435332	0.326687	105.237929
0.435937	0.273227	104.720623
0.436543	0.273835	104.241546
0.437148	0.296312	103.833504
0.437754	0.278695	103.317825
0.438359	0.213085	102.873452
0.438965	0.250750	102.165817
0.439570	0.241637	101.749098
0.440176	0.166308	101.320993
0.440781	0.213693	100.503010
0.441387	0.145046	100.066499
0.441992	0.138971	99.618330
0.442598	0.045416	98.890361
0.443203	0.123783	98.319644
0.443809	0.066071	97.693075
0.444414	-0.010473	97.060270
0.445020	-0.088840	96.397642
0.445625	-0.024446	95.754263
0.446230	-0.052390	95.106818
0.446836	-0.068793	94.402978
0.447441	-0.124682	93.606957
0.448047	-0.117393	93.164210
0.448652	-0.107065	92.291732
0.449258	-0.255294	91.441214
0.449863	-0.269874	90.852331
0.450469	-0.287491	90.101045
0.451074	-0.243752	89.302041
0.451680	-0.336091	88.534487
0.452285	-0.340951	87.780219
0.452891	-0.331838	86.920754
0.453496	-0.404130	86.080810
0.454102	-0.408383	85.300243
0.454707	-0.398055	84.508559
0.455313	-0.385298	83.572908
0.455918	-0.415065	82.714528
0.456523	-0.388943	82.064913
0.457129	-0.428430	80.924563
0.457734	-0.414458	80.108207
0.458340	-0.402915	79.382407
0.458945	-0.438758	78.374637
0.459551	-0.433898	77.488873
0.460156	-0.365251	76.603109
0.460762	-0.407168	75.647395
0.461367	-0.373756	74.713642
0.461973	-0.302071	73.804562
0.462578	-0.314221	72.850745
0.463184	-0.244359	71.910756
0.463789	-0.285669	70.717266
0.464395	-0.285669	69.922058
0.465000	-0.347633	68.904799
0.465605	-0.233424	67.701006
0.466211	-0.186647	66.901188
0.466816	-0.205479	65.937069
0.467422	-0.170245	64.913303
0.468027	-0.107065	63.835040
0.468633	-0.071223	62.803140
0.469238	-0.045708	61.821127
0.469844	-0.144122	60.680235
0.470449	-0.068185	59.601159
0.471055	-0.017763	58.558957
0.471660	-0.081550	57.441923
0.472266	0.021724	56.294524
0.472871	0.045416	55.383546
0.473477	0.091586	54.140711
0.474082	0.114671	52.917397
0.474687	0.114671	52.038953
0.475293	0.158410	50.822960
0.475898	0.096446	49.660920
0.476504	0.126821	48.562865
0.477109	0.185748	47.459660
0.477715	0.155980	46.260476
0.478320	0.219768	45.095725
0.478926	0.224627	43.963780
0.479531	0.284162	42.861658
0.480137	0.276872	41.552669
0.480742	0.335192	40.439974
0.481348	0.201543	39.261124
0.481953	0.284770	37.904417
0.482559	0.304209	36.944907
0.483164	0.274442	35.696921
0.483770	0.266545	34.470624
0.484375	0.300564	33.299637
0.484980	0.337014	32.069274
0.485586	0.258040	30.843520
0.486191	0.217945	29.583062
0.486797	0.202150	28.379811
0.487402	0.178458	27.110677
0.488008	0.094623	25.872180
0.488613	0.126213	24.526589
0.489219	0.174205	23.489809
0.489824	0.114063	22.027634
0.490430	0.166915	20.756873
0.491035	0.148083	19.777843
0.491641	0.039949	18.431709
0.492246	-0.022016	17.114857
0.492852	-0.030521	15.847621
0.493457	-0.024446	14.660367
0.494063	-0.093093	13.378219
0.494668	-0.028698	12.137281
0.495273	-0.028698	10.859471
0.495879	-0.043278	9.663270
0.496484	-0.057858	8.362414
0.497090	-0.037203	7.070777
0.497695	-0.131972	5.867797
0.498301	-0.186039	4.404267
0.498906	-0.139262	3.393515
0.499512	-0.194544	2.175894
0.500117	-0.172675	0.734867
0.500723	-0.173890	-0.467028
0.501328	-0.124682	-1.707694
0.501934	-0.202442	-2.975472
0.502539	-0.215199	-4.227526
0.503145	-0.233424	-5.493406
0.503750	-0.271696	-6.737597
0.504355	-0.249827	-8.024896
0.504961	-0.299034	-9.381332
0.505566	-0.222489	-10.445225
0.506172	-0.292351	-11.835281
0.506777	-0.292959	-13.186565
0.507383	-0.240714	-14.156920
0.507988	-0.242537	-15.505223
0.508594	-0.276556	-16.806349
0.509199	-0.269874	-18.010685
0.509805	-0.294781	-19.304491
0.510410	-0.283846	-20.526992
0.511016	-0.256509	-21.738376
0.511621	-0.176927	-22.922919
0.512227	-0.095523	-24.174430
0.512832	-0.173282	-25.442209
0.513437	-0.091878	-26.597742
0.514043	-0.095523	-27.783640
0.514648	-0.128327	-29.234428
0.515254	-0.118000	-30.306454
0.515859	-0.083373	-31.366551
0.516465	-0.045101	-32.702111
0.517070	0.028406	-33.853577
0.517676	0.082474	-35.072553
0.518281	0.112848	-36.227543
0.518887	0.144438	-37.369520
0.519492	0.152336	-38.549183
0.520098	0.152943	-39.755687
0.520703	0.145046	-40.958125
0.521309	0.191215	-42.157309
0.521914	0.196683	-43.200054
0.522520	0.318182	-44.451293
0.523125	0.241030	-45.682741
0.523730	0.301779	-46.547086
0.524336	0.343089	-47.756031
0.524941	0.366174	-48.946539
0.525547	0.326687	-50.042695
0.526152	0.323042	-51.199041
0.526758	0.341874	-52.305772
0.527363	0.322434	-53.366411
0.527969	0.397764	-54.437895
0.528574	0.394726	-55.540017
0.529180	0.404446	-56.693652
0.529785	0.457906	-57.696270
0.530391	0.430568	-58.772092
0.530996	0.409914	-60.045836
0.531602	0.439681	-60.894455
0.532207	0.350987	-61.894905
0.532813	0.427531	-63.078093
0.533418	0.397156	-64.047363
0.534023	0.424493	-65.005246
0.534629	0.479168	-66.020065
0.535234	0.459121	-67.018617
0.535840	0.394726	-68.066242
0.536445	0.365566	-69.081061
0.537051	0.345519	-70.062532
0.537656	0.251357	-71.054577
0.538262	0.298134	-71.910517
0.538867	0.218553	-72.955702
0.539473	0.264722	-74.006310
0.540078	0.293274	-74.614985
0.540684	0.263507	-75.703279
0.541289	0.233740	-76.717556
0.541895	0.174205	-77.531472
0.542500	0.109811	-78.380363
0.543105	0.104951	-79.257993
0.543711	0.051491	-80.209369
0.544316	0.111633	-81.009457
0.544922	0.039341	-81.856722
0.545527	0.081866	-82.717542
0.546133	0.077006	-83.565349
0.546738	0.082474	-84.308772
0.547344	0.024761	-85.270993
0.547949	0.033266	-85.971037
0.548555	0.000462	-86.655355
0.549160	-0.018978	-87.634657
0.549766	-0.001968	-88.233029
0.550371	0.024154	-88.970488
0.550977	-0.003183	-89.694390
0.551582	0.064856	-90.438898
0.552187	0.056351	-91.056249
0.552793	0.007752	-91.769849
0.553398	0.046631	-92.512730
0.554004	-0.055428	-93.179154
0.554609	-0.034166	-93.802198
0.555215	-0.008651	-94.448017
0.555820	0.021724	-95.239159
0.556426	0.032659	-95.644761
0.557031	0.135933	-96.228492
0.557637	0.098268	-96.991165
0.558242	0.103736	-97.470785
0.558848	0.107988	-98.034995
0.559453	0.067286	-98.599476
0.560059	0.061819	-99.155282
0.560664	0.103736	-99.637612
0.561270	0.114671	-100.198027
0.561875	0.197290	-100.664090
0.562480	0.213693	-101.183836
0.563086	0.241030	-101.624142
0.563691	0.224627	-102.180489
0.564297	0.201543	-102.617813
0.564902	0.190000	-102.823868
0.565508	0.208833	-103.534757
0.566113	0.201543	-103.884236
0.566719	0.223412	-104.156174
0.567324	0.272620	-104.527072
0.567930	0.290844	-104.893904
0.568535	0.255610	-105.269411
0.569141	0.301172	-105.561141
0.569746	0.262900	-105.906012
0.570352	0.276265	-106.239766
0.570957	0.253180	-106.568098
0.571562	0.227665	-106.798012
0.572168	0.212478	-107.173790
0.572773	0.292059	-107.285222
0.573379	0.211263	-107.538995
0.573984	0.272012	-107.935650
0.574590	0.276265	-107.945953
0.575195	0.231917	-108.096427
0.575801	0.174205	-108.409576
0.576406	0.156588	-108.561677
0.577012	0.154765	-108.653859
0.577617	0.121353	-108.797555
0.578223	0.230702	-108.924442
0.578828	0.185748	-109.058919
0.579434	0.133503	-109.032078
0.580039	0.100091	-109.202615
0.580645	0.121353	-109.351734
0.581250	0.049669	-109.193939
0.581855	0.055136	-109.314861
0.582461	-0.020193	-109.494888
0.583066	-0.011081	-109.307269
0.583672	0.050276	-109.284495
0.584277	0.048454	-109.179841
0.584883	0.020509	-109.172792
0.585488	-0.068185	-109.102842
0.586094	-0.030521	-109.064613
0.586699	-0.048138	-108.952096
0.587305	0.011397	-108.841477
0.587910	-0.043886	-108.735197
0.588516	-0.071830	-108.686123
0.589121	-0.096130	-108.537818
0.589727	-0.006221	-108.127606
0.590332	-0.006828	-108.228465
0.590938	-0.065755	-108.056030
0.591543	-0.076083	-107.629280
0.592148	-0.066363	-107.484499
0.592754	-0.079728	-107.292272
0.593359	-0.082158	-107.059918
0.593965	-0.051175	-106.736738
0.594570	-0.043886	-106.453955
0.595176	0.030229	-106.174696
0.595781	-0.026268	-105.871308
0.596387	0.038734	-105.477364
0.596992	0.052706	-105.299777
0.597598	0.069716	-104.852693
0.598203	-0.005006	-104.504569
0.598809	0.112848	-104.257303
0.599414	0.055136	-103.710174
0.600020	0.143223	-103.258752
0.600625	0.159018	-102.866163
0.601230	0.212478	-102.370548
0.601836	0.259255	-101.906925
0.602441	0.214300	-101.474481
0.603047	0.233132	-101.021432
0.603652	0.208225	-100.523918
0.604258	0.208225	-100.025049
0.604863	0.234347	-99.568204
0.605469	0.302994	-99.039511
0.606074	0.343697	-98.315880
0.606680	0.544778	-97.841683
0.607285	0.479776	-97.418729
0.607891	0.423886	-96.606711
0.608496	0.420849	-95.988005
0.609102	0.440288	-95.450093
0.609707	0.526553	-94.787194
0.610313	0.428138	-94.241691
0.610918	0.426923	-93.582045
0.611523	0.448793	-92.919146
0.612129	0.501645	-92.212595
0.612734	0.527160	-91.518516
0.613340	0.505290	-90.920958
0.613945	0.499823	-90.059324
0.614551	0.476131	-89.420554
0.615156	0.446971	-88.840619
0.615762	0.352809	-87.868637
0.616367	0.364959	-87.078309
0.616973	0.457906	-86.443065
0.617578	0.408699	-85.597156
0.618184	0.454261	-84.727388
0.618789	0.326687	-83.987761
0.619395	0.347949	-83.203940
0.620000	0.388044	-82.375925
0.620605	0.257432	-81.518900
0.621211	0.191823	-80.686819
0.621816	0.213085	-79.913030
0.622422	0.177850	-78.906886
0.623027	0.183925	-78.213892
0.623633	0.178458	-77.313216
0.624238	0.160233	-76.166088
0.624844	0.069109	-75.336718
0.625449	0.076399	-74.463968
0.626055	0.043594	-73.475448
0.626660	-0.013511	-72.563927
0.627266	-0.005006	-71.667861
0.627871	-0.040241	-70.691270
0.628477	-0.041456	-69.642832
0.629082	-0.056643	-68.737275
0.629687	-0.065148	-67.816537
0.630293	-0.116785	-66.738003
0.630898	-0.174497	-65.650522
0.631504	-0.141085	-64.837149
0.632109	-0.157487	-63.649894
0.632715	-0.200619	-62.493006
0.633320	-0.206087	-61.599922
0.633926	-0.168422	-60.520304
0.634531	-0.190899	-59.501418
0.635137	-0.135617	-58.405532
0.635742	-0.130757	-57.280907
0.636348	-0.141085	-56.213219
0.636953	-0.127112	-55.102150
0.637559	-0.131365	-54.043409
0.638164	-0.168422	-52.949964
0.638770	-0.153235	-51.746984
0.639375	-0.074868	-50.771478
0.639980	-0.027483	-49.648751
0.640586	-0.097953	-48.294213
0.641191	-0.075475	-47.202665
0.641797	-0.076083	-46.162361
0.642402	-0.004398	-44.911392
0.643008	-0.025053	-43.735525
0.643613	-0.029306	-42.595988
0.644219	0.029014	-41.459705
0.644824	0.039949	-40.275433
0.645430	0.042379	-39.015246
0.646035	0.116493	-37.867576
0.646641	0.163270	-36.649142
0.647246	0.151728	-35.465141
0.647852	0.146261	-34.435681
0.648457	0.276872	-32.989774
0.649062	0.163878	-31.760224
0.649668	0.239815	-30.681148
0.650273	0.244675	-29.418250
0.650879	0.284770	-28.166468
0.651484	0.348557	-26.954541
0.652090	0.357061	-25.729058
0.652695	0.397156	-24.442030
0.653301	0.304817	-23.269959
0.653906	0.377716	-22.042578
0.654512	0.395941	-20.817908
0.655117	0.327294	-19.496176
0.655723	0.341267	-18.266626
0.656328	0.443326	-17.133868
0.656934	0.426923	-15.683351
0.657539	0.412344	-14.400390
0.658145	0.436036	-13.283086
0.658750	0.465196	-11.960540
0.659355	0.375286	-10.716350
0.659961	0.458513	-9.423628
0.660566	0.379539	-8.156934
0.661172	0.369819	-6.910845
0.661777	0.434213	-5.637102
0.662383	0.389866	-4.383693
0.662988	0.389866	-3.132996
0.663594	0.375286	-1.759479
0.664199	0.316359	-0.702635
0.664805	0.312714	0.632382
0.665410	0.276872	2.103504
0.666016	0.202758	3.156281
0.666621	0.270190	4.462016
0.667227	0.191215	5.791340
0.667832	0.202150	7.039598
0.668438	0.188178	8.272130
0.669043	0.168130	9.567834
0.669648	0.148691	10.844017
0.670254	0.111026	12.087937
0.670859	0.042379	13.287663
0.671465	0.067286	14.613191
0.672070	-0.018371	15.873649
0.672676	-0.062110	16.967094
0.673281	-0.111925	18.329766
0.673887	-0.196367	19.648245
0.674492	-0.107065	20.815436
0.675098	-0.122252	22.120901
0.675703	-0.167207	23.413623
0.676309	-0.232817	24.602775
0.676914	-0.271089	25.859980
0.677520	-0.305109	27.133452
0.678125	-0.344596	28.361917
0.678730	-0.288706	29.615868
0.679336	-0.344596	30.837284
0.679941	-0.412635	32.143833
0.680547	-0.365251	33.257613
0.681152	-0.441795	34.385762
0.681758	-0.455160	35.877219
0.682363	-0.475207	36.947618
0.682969	-0.512872	38.074954
0.683574	-0.545677	39.336497
0.684180	-0.463665	40.558726
0.684785	-0.537172	41.799935
0.685391	-0.464880	43.019724
0.685996	-0.542639	44.201285
0.686602	-0.500722	45.390166
0.687207	-0.570584	46.568473
0.687813	-0.525022	47.781213
0.688418	-0.574837	48.941084
0.689023	-0.537779	49.976238
0.689629	-0.551144	51.240492
0.690234	-0.500722	52.501492
0.690840	-0.453945	53.493808
0.691445	-0.464272	54.710615
0.692051	-0.432683	55.928777
0.692656	-0.467310	57.023307
0.693262	-0.443618	58.066052
0.693867	-0.385298	59.202877
0.694473	-0.371326	60.358139
0.695078	-0.450908	61.413356
0.695684	-0.302071	62.511953
0.696289	-0.342166	63.599976
0.696895	-0.254686	64.648956
0.697500	-0.266836	65.568340
0.698105	-0.245574	66.917998
0.698711	-0.210947	67.802677
0.699316	-0.214592	68.735617
0.699922	-0.156880	69.931547
0.700527	-0.176320	70.964803
0.701133	-0.098560	71.959017
0.701738	-0.003791	72.984681
0.702344	-0.019586	74.033391
0.702949	-0.038418	74.955485
0.703555	0.026584	75.945361
0.704160	0.076399	76.959096
0.704766	0.039949	77.968221
0.705371	0.081259	78.752314
0.705977	0.091586	79.741647
0.706582	0.059389	80.797135
0.707187	0.160840	81.521037
0.707793	0.137756	82.494375
0.708398	0.135933	83.502416
0.709004	0.214908	84.339377
0.709609	0.262900	85.234631
0.710215	0.228880	86.111447
0.710820	0.236777	86.958440
0.711426	0.227057	87.763951
0.712031	0.217945	88.556991
0.712637	0.265330	89.460107
0.713242	0.201543	90.209495
0.713848	0.233740	90.898422
0.714453	0.186355	91.857119
0.715059	0.124391	92.517307
0.715664	0.170560	93.237956
0.716270	0.162663	94.102301
0.716875	0.142616	94.832440
0.717480	0.193645	95.555529
0.718086	0.185748	96.283227
0.718691	0.136541	96.976493
0.719297	0.079436	97.563749
0.719902	0.106773	98.297954
0.720508	0.073969	98.983628
0.721113	0.070931	99.587693
0.721719	0.066679	100.108795
0.722324	0.100698	100.851947
0.722930	0.046631	101.544399
0.723535	0.100698	101.933734
0.724141	0.033874	102.587415
0.724746	0.033874	103.288544
0.725352	-0.011688	103.835402
0.725957	0.016257	104.339422
0.726562	-0.036596	104.822837
0.727168	-0.068793	105.379456
0.727773	-0.066363	105.874801
0.728379	-0.098560	106.393733
0.728984	-0.095523	106.859796
0.729590	-0.119215	107.280853
0.730195	-0.116785	107.643888
0.730801	-0.188469	108.270186
0.731406	-0.343988	108.484374
0.732012	-0.228564	108.832227
0.732617	-0.262584	109.495669
0.733223	-0.268659	109.931366
0.733828	-0.209124	110.209811
0.734434	-0.219452	110.543565
0.735039	-0.262584	110.962182
0.735645	-0.277164	111.239271
0.736250	-0.271696	111.573839
0.736855	-0.312399	111.862858
0.737461	-0.339736	112.218302
0.738066	-0.302679	112.373385
0.738672	-0.292959	112.647763
0.739277	-0.322118	113.002665
0.739883	-0.308146	113.114369
0.740488	-0.342166	113.290871
0.741094	-0.311791	113.723585
0.741699	-0.360998	113.817666
0.742305	-0.361606	113.974647
0.742910	-0.420533	114.125121
0.743516	-0.409598	114.222997
0.744121	-0.364643	114.416309
0.744727	-0.382868	114.545364
0.745332	-0.415673	114.613958
0.745938	-0.418103	114.691229
0.746543	-0.424785	114.685806
0.747148	-0.426608	114.909213
0.747754	-0.463057	114.870171
0.748359	-0.448478	114.741116
0.748965	-0.423570	114.996786
0.749570	-0.454553	115.110387
0.750176	-0.426608	114.962353
0.750781	-0.419318	114.948526
0.751387	-0.408990	115.051011
0.751992	-0.462450	114.930632
0.752598	-0.385906	114.859055
0.753203	-0.449693	114.743827
0.753809	-0.492825	114.693398
0.754414	-0.460627	114.576272
0.755020	-0.441795	114.349883
0.755625	-0.428430	114.344461
0.756230	-0.477637	114.067914
0.756836	-0.396233	113.920964
0.757441	-0.395625	113.904154
0.758047	-0.339736	113.559284
0.758652	-0.380438	113.374106
0.759258	-0.351278	113.261860
0.759863	-0.326978	112.981246
0.760469	-0.329408	112.628242
0.761074	-0.354923	112.457163
0.761680	-0.354923	112.218573
0.762285	-0.295996	111.915998
0.762891	-0.265014	111.517174
0.763496	-0.319689	111.300545
0.764102	-0.348241	111.003122
0.764707	-0.206087	110.490967
0.765312	-0.280809	110.311483
0.765918	-0.371933	109.992640
0.766523	-0.308146	109.513834
0.767129	-0.240107	109.083560
0.767734	-0.201227	108.692056
0.768340	-0.251649	108.295672
0.768945	-0.345203	107.779180
0.769551	-0.219452	107.378457
0.770156	-0.208517	106.870099
0.770762	-0.321511	106.376110
0.771367	-0.218237	105.893779
0.771973	-0.178750	105.495497
0.772578	-0.119215	104.841274
0.773184	-0.080335	104.310683
0.773789	-0.069400	103.980724
0.774395	-0.090663	103.275530
0.775000	-0.058465	102.639742
0.775605	-0.119822	102.102102
0.776211	-0.051783	101.573410
0.776816	-0.025053	100.902376
0.777422	0.001677	100.327592
0.778027	0.047239	99.722442
0.778633	-0.035988	99.023212
0.779238	0.064856	98.304461
0.779844	0.064249	97.679790
0.780449	0.028406	97.077351
0.781055	-0.030521	96.150105
0.781660	0.126213	95.726066
0.782266	0.004714	94.941432
0.782871	-0.052390	94.038045
0.783477	0.084296	93.410120
0.784082	0.070324	92.661545
0.784687	0.120138	91.813197
0.785293	0.097661	91.094717
0.785898	0.114671	90.325265
0.786504	0.078829	89.406966
0.787109	0.121353	88.615825
0.787715	0.141401	87.770730
0.788320	0.100091	87.069601
0.788926	0.146868	86.068067
0.789531	0.228272	85.160885
0.790137	0.161448	84.537027
0.790742	0.116493	83.494553
0.791348	0.042379	82.535314
0.791953	0.075791	81.744173
0.792559	0.011397	80.807709
0.793164	0.031444	79.885614
0.793770	0.018686	78.964604
0.794375	0.012612	77.983404
0.794980	-0.000146	77.049109
0.795586	-0.011688	76.074687
0.796191	-0.025661	75.098910
0.796797	0.021724	74.219111
0.797402	-0.047531	72.991459
0.798008	0.049669	72.265116
0.798613	-0.080335	71.342751
0.799219	-0.124075	70.047860
0.799824	-0.098560	69.112751
0.800430	-0.162347	68.175202
0.801035	-0.134402	67.126221
0.801641	-0.185432	66.005664
0.802246	-0.202442	64.965901
0.802852	-0.268659	63.891977
0.803457	-0.276556	62.802327
0.804063	-0.288099	61.648692
0.804668	-0.347633	60.595102
0.805273	-0.378616	59.528498
0.805879	-0.334268	58.246079
0.806484	-0.344596	57.351910
0.807090	-0.370111	56.159504
0.807695	-0.367073	54.918025
0.808301	-0.395018	53.889378
0.808906	-0.446655	52.788613
0.809512	-0.504975	51.589971
0.810117	-0.486142	50.444741
0.810723	-0.458805	49.348856
0.811328	-0.385298	48.180309
0.811934	-0.417495	47.032367
0.812539	-0.445440	45.878732
0.813145	-0.407168	44.776340
0.813750	-0.461235	43.387098
0.814355	-0.404130	42.236716
0.814961	-0.517125	41.190447
0.815566	-0.445440	39.784123
0.816172	-0.408990	38.681460
0.816777	-0.408990	37.589370
0.817383	-0.354923	36.286888
0.817988	-0.344596	35.085535
0.818594	-0.285061	33.917259
0.819199	-0.322726	32.645956
0.819805	-0.353708	31.341034
0.820410	-0.295389	30.099554
0.821016	-0.268659	28.973032
0.821621	-0.203049	27.720707
0.822227	-0.180572	26.336888
0.822832	-0.097345	25.243171
0.823438	-0.087018	24.006843
0.824043	-0.022623	22.603503
0.824648	-0.026876	21.483216
0.825254	-0.017763	20.324701
0.825859	-0.021408	18.968265
0.826465	-0.000753	17.695335
0.827070	0.043594	16.442197
0.827676	0.051491	15.206140
0.828281	0.149298	13.970083
0.828887	0.145653	12.676277
0.829492	0.230095	11.432629
0.830098	0.225235	10.097883
0.830703	0.266545	8.741175
0.831309	0.239815	7.605163
0.831914	0.225235	6.191791
0.832520	0.325472	4.922657
0.833125	0.352202	3.814571
0.833730	0.395941	2.479283
0.834336	0.418419	1.161888
0.834941	0.451831	-0.055190
0.835547	0.439073	-1.317003
0.836152	0.442111	-2.643616
0.836758	0.480383	-3.932542
0.837363	0.451223	-5.188933
0.837969	0.379539	-6.438275
0.838574	0.450616	-7.847038
0.839180	0.487673	-9.151148
0.839785	0.558143	-10.143192
0.840391	0.486458	-11.685349
0.840996	0.541740	-12.944722
0.841602	0.496785	-14.098900
0.842207	0.411736	-15.429850
0.842812	0.426923	-16.683259
0.843418	0.382576	-17.970016
0.844023	0.370426	-19.226136
0.844629	0.364959	-20.500421
0.845234	0.364351	-21.764133
0.845840	0.348557	-22.946236
0.846445	0.323649	-24.264986
0.847051	0.269582	-25.614102
0.847656	0.197290	-26.655491
0.848262	0.172990	-28.035786
0.848867	0.163878	-29.346944
0.849473	0.092801	-30.373693
0.850078	0.071539	-31.568539
0.850684	0.012004	-32.903556
0.851289	-0.030521	-34.089726
0.851895	-0.038418	-35.229805
0.852500	-0.130757	-36.471827
0.853105	-0.220667	-37.730387
0.853711	-0.183610	-38.927131
0.854316	-0.309361	-40.050129
0.854922	-0.330623	-41.359931
0.855527	-0.318474	-42.503806
0.856133	-0.421748	-43.577730
0.856738	-0.393195	-44.936878
0.857344	-0.377401	-45.965795
0.857949	-0.452123	-47.015861
0.858555	-0.485535	-48.238904
0.859160	-0.633156	-49.358919
0.859766	-0.598529	-50.500625
0.860371	-0.634979	-51.632841
0.860977	-0.628296	-52.709205
0.861582	-0.599744	-53.790992
0.862187	-0.598529	-54.884980
0.862793	-0.609464	-56.027770
0.863398	-0.566332	-57.188725
0.864004	-0.651989	-58.105126
0.864609	-0.687223	-59.229480
0.865215	-0.638016	-60.455505
0.865820	-0.650774	-61.256407
0.866426	-0.654419	-62.306201
0.867031	-0.630726	-63.385006
0.867637	-0.602174	-64.452423
0.868242	-0.534742	-65.378042
0.868848	-0.515302	-66.367647
0.869453	-0.470955	-67.378941
0.870059	-0.509227	-68.408130
0.870664	-0.488572	-69.384450
0.871270	-0.488572	-70.358871
0.871875	-0.405953	-71.315399
0.872480	-0.384691	-72.175677
0.873086	-0.280809	-73.289728
0.873691	-0.155057	-74.070295
0.874297	-0.184217	-74.856286
0.874902	-0.080335	-75.841010
0.875508	-0.073045	-76.813263
0.876113	-0.067578	-77.623383
0.876719	0.001677	-78.498031
0.877324	0.079436	-79.401146
0.877930	0.114063	-80.241633
0.878535	0.147476	-81.044704
0.879141	0.199113	-81.884647
0.879746	0.324864	-82.796439
0.880352	0.320004	-83.502719
0.880957	0.354024	-84.293860
0.881563	0.337014	-85.335521
0.882168	0.429353	-85.832492
0.882773	0.485851	-86.553683
0.883379	0.491925	-87.385765
0.883984	0.531413	-88.119428
0.884590	0.651697	-88.830045
0.885195	0.638332	-89.563437
0.885801	0.661417	-90.265379
0.886406	0.673567	-90.968947
0.887012	0.727026	-91.664652
0.887617	0.702119	-92.395333
0.888223	0.722774	-93.077211
0.888828	0.773803	-93.583672
0.889434	0.773803	-94.363426
0.890039	0.868573	-94.989995
0.890645	0.839413	-95.395597
0.891250	0.796281	-96.101606
0.891855	0.768336	-96.786737
0.892461	0.773803	-97.308923
0.893066	0.727026	-97.899433
0.893672	0.711839	-98.448460
0.894277	0.677819	-99.052797
0.894883	0.719736	-99.516962
0.895488	0.727026	-100.023694
0.896094	0.621930	-100.579228
0.896699	0.633472	-101.033090
0.897305	0.609780	-101.504576
0.897910	0.531413	-102.198926
0.898516	0.524123	-102.395220
0.899121	0.476738	-102.710538
0.899727	0.477953	-103.293456
0.900332	0.452438	-103.697974
0.900937	0.395941	-104.001904
0.901543	0.406876	-104.393679
0.902148	0.342482	-104.797655
0.902754	0.301172	-105.156624
0.903359	0.167523	-105.531318
0.903965	0.135326	-105.799189
0.904570	0.100698	-106.194217
0.905176	0.005322	-106.404339
0.905781	0.010789	-106.634252
0.906387	-0.055428	-107.125259
0.906992	-0.008043	-107.068323
0.907598	-0.070615	-107.393943
0.908203	-0.113140	-107.666152
0.908809	-0.155665	-107.817440
0.909414	-0.158702	-107.964390
0.910020	-0.305716	-108.229820
0.910625	-0.293566	-108.357249
0.911230	-0.373756	-108.468410
0.911836	-0.333053	-108.587434
0.912441	-0.301464	-108.744415
0.913047	-0.391980	-108.829548
0.913652	-0.385298	-108.766105
0.914258	-0.415673	-109.053497
0.914863	-0.559649	-109.119651
0.915469	-0.528059	-108.865336
0.916074	-0.562687	-109.028282
0.916680	-0.554789	-109.029367
0.917285	-0.569977	-109.000628
0.917891	-0.576659	-108.980835
0.918496	-0.506797	-108.888924
0.919102	-0.583949	-108.849882
0.919707	-0.603389	-108.766376
0.920312	-0.603996	-108.671482
0.920918	-0.603389	-108.593941
0.921523	-0.609464	-108.396562
0.922129	-0.597921	-108.250426
0.922734	-0.521985	-108.244732
0.923340	-0.534134	-107.869225
0.923945	-0.481282	-107.728782
0.924551	-0.441795	-107.634702
0.925156	-0.425393	-107.335109
0.925762	-0.471562	-107.087030
0.926367	-0.376186	-106.863353
0.926973	-0.407775	-106.652147
0.927578	-0.324548	-106.285044
0.928184	-0.308146	-105.987892
0.928789	-0.227957	-105.688028
0.929395	-0.158095	-105.424224
0.930000	-0.169030	-104.993136
0.930605	-0.181787	-104.852422
0.931211	-0.049353	-104.379852
0.931816	-0.020801	-103.834078
0.932422	-0.125897	-103.698245
0.933027	-0.022016	-103.275561
0.933633	0.044201	-102.793231
0.934238	0.044809	-102.386544
0.934844	0.177850	-101.864900
0.935449	0.185140	-101.414834
0.936055	0.192430	-100.986457
0.936660	0.212478	-100.532323
0.937266	0.237385	-100.008239
0.937871	0.334584	-99.480902
0.938477	0.357061	-98.920759
0.939082	0.375894	-98.589987
0.939688	0.410521	-97.808064
0.940293	0.502253	-97.173361
0.940898	0.508935	-96.879191
0.941504	0.583050	-96.088049
0.942109	0.567255	-95.501607
0.942715	0.495570	-94.974541
0.943320	0.529590	-94.320046
0.943926	0.532628	-93.736315
0.944531	0.589732	-93.038440
0.945137	0.660202	-92.344091
0.945742	0.723989	-91.717251
0.946348	0.699081	-90.990094
0.946953	0.638332	-90.407177
0.947559	0.683287	-89.760545
0.948164	0.574545	-88.859055
0.948770	0.603097	-88.262853
0.949375	0.581835	-87.546270
0.949980	0.638939	-86.671351
0.950586	0.655949	-85.944195
0.951191	0.652304	-85.092864
0.951797	0.615855	-84.284371
0.952402	0.507720	-83.565620
0.953008	0.526553	-82.770140
0.953613	0.490711	-81.985777
0.954219	0.450008	-81.107333
0.954824	0.360706	-80.198253
0.955430	0.359491	-79.563550
0.956035	0.383791	-78.638473
0.956641	0.291452	-77.566447
0.957246	0.313322	-76.934726
0.957852	0.281125	-75.985790
0.958457	0.224627	-74.943045
0.959063	0.206403	-74.062975
0.959668	0.103128	-73.158504
0.960273	0.066071	-72.265148
0.960879	0.016864	-71.306723
0.961484	0.014434	-70.354262
0.962090	0.038126	-69.335105
0.962695	-0.000146	-68.362310
0.963301	-0.029913	-67.396565
0.963906	-0.094915	-66.500498
0.964512	-0.100383	-65.228110
0.965117	-0.112533	-64.327977
0.965723	-0.243752	-63.537920
0.966328	-0.261976	-62.260381
0.966934	-0.323333	-61.221703
0.967539	-0.251649	-60.222880
0.968145	-0.283846	-59.182033
0.968750	-0.320903	-58.066626
0.969355	-0.346418	-57.035540
0.969961	-0.416888	-55.997133
0.970566	-0.388335	-54.921039
0.971172	-0.473992	-53.735954
0.971777	-0.439365	-52.737131
0.972383	-0.407168	-51.635281
0.972988	-0.489180	-50.331443
0.973594	-0.449085	-49.429411
0.974199	-0.408990	-48.212333
0.974805	-0.398663	-46.910935
0.975410	-0.430253	-45.811525
0.976016	-0.410205	-44.692323
0.976621	-0.400485	-43.528657
0.977227	-0.506190	-42.375022
0.977832	-0.377401	-41.172313
0.978437	-0.426000	-39.970418
0.979043	-0.392588	-38.749002
0.979648	-0.379831	-37.618412
0.980254	-0.331838	-36.524967
0.980859	-0.368896	-35.108884
0.981465	-0.272304	-33.945759
0.982070	-0.380438	-32.963475
0.982676	-0.321511	-31.510518
0.983281	-0.281416	-30.284493
0.983887	-0.222489	-29.088292
0.984492	-0.245574	-27.830816
0.985098	-0.169030	-26.602893
0.985703	-0.221882	-25.363311
0.986309	-0.178142	-24.116952
0.986914	-0.204264	-22.902585
0.987520	-0.213377	-21.607423
0.988125	-0.198797	-20.458668
0.988730	-0.052390	-19.198210
0.989336	-0.135010	-17.762606
0.989941	-0.062110	-16.712269
0.990547	0.049061	-15.386470
0.991152	-0.018978	-13.996957
0.991758	-0.001361	-12.781505
0.992363	0.041771	-11.479294
0.992969	0.087333	-10.164611
0.993574	0.078829	-8.945635
0.994180	0.075791	-7.691413
0.994785	0.126821	-6.417399
0.995391	0.140793	-5.118712
0.995996	0.204580	-3.785050
0.996602	0.213693	-2.672897
0.997207	0.249535	-1.250307
0.997812	0.198505	0.027774
0.998418	0.172383	1.045034
0.999023	0.247105	2.655785
0.999629	0.176635	3.930341
1.000234	0.242245	5.199204
1.000840	0.311499	6.472405
1.001445	0.337622	7.759162
1.002051	0.299349	9.036159
1.002656	0.216123	10.260015
1.003262	0.216123	11.534843
1.003867	0.262900	12.859557
1.004473	0.194253	14.045727
1.005078	0.183318	15.256027
1.005684	0.180280	16.715491
1.006289	0.131073	17.765556
1.006895	0.200935	19.024116
1.007500	0.164485	20.526960
1.008105	0.119531	21.711232
1.008711	0.124998	22.939697
1.009316	-0.000753	24.155420
1.009922	0.031444	25.435399
1.010527	0.038734	26.703177
1.011133	0.039949	27.963093
1.011738	0.094623	29.243343
1.012344	0.064249	30.497294
1.012949	0.022331	31.637102
1.013555	0.042986	32.910845
1.014160	-0.059680	34.216852
1.014766	-0.022016	35.198594
1.015371	-0.045101	36.615220
1.015977	-0.090055	37.923125
1.016582	-0.118607	38.942824
1.017187	-0.112533	40.240697
1.017793	-0.097953	41.477296
1.018398	-0.159917	42.624424
1.019004	-0.221274	43.796767
1.019609	-0.217022	44.992426
1.020215	-0.266229	46.136843
1.020820	-0.330623	47.319488
1.021426	-0.286276	48.412120
1.022031	-0.331231	49.737377
1.022637	-0.309361	50.796661
1.023242	-0.324548	51.836966
1.023848	-0.321511	53.254405
1.024453	-0.335483	54.336734
1.025059	-0.396840	55.420961
1.025664	-0.412635	56.504646
1.026270	-0.421748	57.603514
1.026875	-0.388943	58.735730
1.027480	-0.458805	59.818330
1.028086	-0.422963	60.930754
1.028691	-0.402915	62.000612
1.029297	-0.396233	63.021396
1.029902	-0.368896	64.148732
1.030508	-0.465487	65.264680
1.031113	-0.469132	66.106251
1.031719	-0.419318	67.376741
1.032324	-0.523807	68.515193
1.032930	-0.465487	69.353781
1.033535	-0.442403	70.416047
1.034141	-0.407168	71.505425
1.034746	-0.447263	72.514822
1.035352	-0.381653	73.533437
1.035957	-0.402915	74.530633
1.036563	-0.414458	75.535421
1.037168	-0.429645	76.469716
1.037773	-0.463057	77.431395
1.038379	-0.396840	78.442689
1.038984	-0.384083	79.371833
1.039590	-0.436935	80.138844
1.040195	-0.368288	81.395778
1.040801	-0.345203	82.186919
1.041406	-0.424785	83.075123
1.042012	-0.430253	84.028940
1.042617	-0.473385	84.797849
1.043223	-0.417495	85.675750
1.043828	-0.410813	86.606792
1.044434	-0.374363	87.498792
1.045039	-0.378616	88.298338
1.045645	-0.333661	89.130148
1.046250	-0.311184	89.945962
1.046855	-0.282631	90.865616
1.047461	-0.302679	91.418439
1.048066	-0.267444	92.368189
1.048672	-0.246182	93.268593
1.049277	-0.295389	93.833888
1.049883	-0.220059	94.619336
1.050488	-0.186039	95.382823
1.051094	-0.087018	96.177760
1.051699	-0.164777	96.852318
1.052305	-0.160525	97.557784
1.052910	-0.096130	98.216888
1.053516	-0.105850	98.911509
1.054121	-0.188469	99.552176
1.054727	-0.155665	100.307529
1.055332	-0.097953	100.788504
1.055937	-0.073045	101.385249
1.056543	-0.121037	102.224651
1.057148	-0.110710	102.644894
1.057754	0.009574	103.206393
1.058359	-0.042671	103.911317
1.058965	-0.125290	104.440009
1.059570	-0.051783	104.914477
1.060176	0.056959	105.480857
1.060781	0.028406	106.046422
1.061387	-0.012296	106.540683
1.061992	0.021724	107.004306
1.062598	0.030229	107.517002
1.063203	0.060604	108.028885
1.063809	0.052099	108.349354
1.064414	0.089156	108.867202
1.065020	0.029014	109.417585
1.065625	0.060604	109.616048
1.066230	0.052099	110.137421
1.066836	0.048454	110.555766
1.067441	0.069716	110.917446
1.068047	0.046024	111.255810
1.068652	-0.003183	111.616948
1.069258	0.052706	111.937688
1.069863	0.009574	112.231316
1.070469	-0.004398	112.523588
1.071074	-0.022623	112.873610
1.071680	-0.040241	113.108946
1.072285	-0.026876	113.199773
1.072891	-0.000146	113.727110
1.073496	0.006537	113.882193
1.074102	-0.070615	113.858063
1.074707	-0.087625	114.224895
1.075312	-0.126505	114.393805
1.075918	-0.210947	114.501442
1.076523	-0.218237	114.660050
1.077129	-0.172067	114.860953
1.077734	-0.211554	114.956389
1.078340	-0.187254	115.087884
1.078945	-0.233424	115.135060
1.079551	-0.259546	115.241070
1.080156	-0.289921	115.209348
1.080762	-0.315436	115.271978
1.081367	-0.331231	115.523581
1.081973	-0.280201	115.301530
1.082578	-0.317259	115.378801
1.083184	-0.356746	115.474237
1.083789	-0.305716	115.442244
1.084395	-0.368896	115.397780
1.085000	-0.406560	115.387206
1.085605	-0.382261	115.367142
1.086211	-0.430860	115.187658
1.086816	-0.436328	115.097916
1.087422	-0.504975	115.008174
1.088027	-0.480675	114.924396
1.088633	-0.459412	114.638902
1.089238	-0.501937	114.665201
1.089844	-0.573014	114.490055
1.090449	-0.583342	114.092315
1.091055	-0.517732	114.092315
1.091660	-0.568154	113.940214
1.092266	-0.550537	113.771303
1.092871	-0.640446	113.498552
1.093477	-0.625866	113.228783
1.094082	-0.598529	112.964437
1.094688	-0.647129	112.691685
1.095293	-0.621614	112.413783
1.095898	-0.622221	112.176006
1.096504	-0.599744	111.769048
1.097109	-0.647736	111.393541
1.097715	-0.650166	111.294852
1.098320	-0.628904	110.679670
1.098926	-0.608856	110.338866
1.099531	-0.594884	110.174836
1.100137	-0.581519	109.722329
1.100742	-0.551144	109.201499
1.101348	-0.549929	108.831414
1.101953	-0.509835	108.442079
1.102559	-0.536564	107.919351
1.103164	-0.488572	107.477147
1.103770	-0.440580	107.004577
1.104375	-0.418710	106.585689
1.104980	-0.423570	105.923874
1.105586	-0.336698	105.558669
1.106191	-0.390158	104.958129
1.106797	-0.399270	104.162378
1.107402	-0.322118	103.886373
1.108008	-0.313614	103.303726
1.108613	-0.235854	102.729756
1.109219	-0.186647	102.125690
1.109824	-0.232817	101.512678
1.110430	-0.087625	100.933827
1.111035	-0.117393	100.251135
1.111641	-0.128327	99.606130
1.112246	-0.025053	99.006402
1.112852	-0.018978	98.250236
1.113457	0.023546	97.515759
1.114062	-0.011688	96.965377
1.114668	0.030836	96.168542
1.115273	0.051491	95.332393
1.115879	0.110418	94.837320
1.116484	0.106773	94.053499
1.117090	0.134111	93.225213
1.117695	0.166915	92.457931
1.118301	0.216730	91.738095
1.118906	0.157803	90.888933
1.119512	0.163270	90.084507
1.120117	0.155980	89.261372
1.120723	0.186963	88.442305
1.121328	0.220983	87.530784
1.121934	0.239207	86.805255
1.122539	0.231917	85.993508
1.123145	0.148691	84.740642
1.123750	0.256825	84.145523
1.124355	0.217945	83.401286
1.124961	0.210048	82.368302
1.125566	0.263507	81.497721
1.126172	0.179673	80.577253
1.126777	0.184533	79.645398
1.127383	0.148691	78.655793
1.127988	0.137756	77.712551
1.128594	0.092801	76.727013
1.129199	0.148691	75.758285
1.129805	0.093408	74.715269
1.130410	0.069716	73.851466
1.131016	-0.055428	72.647673
1.131621	-0.056643	71.674065
1.132227	-0.104635	70.886990
1.132832	-0.087625	69.731457
1.133438	-0.108888	68.690339
1.134043	-0.158095	67.650034
1.134648	-0.137440	66.657989
1.135254	-0.201227	65.498661
1.135859	-0.203049	64.449409
1.136465	-0.271696	63.375484
1.137070	-0.300249	62.312676
1.137676	-0.292959	61.127591
1.138281	-0.346418	60.088641
1.138887	-0.369503	58.990045
1.139492	-0.360998	57.716030
1.140098	-0.330623	56.908893
1.140703	-0.426608	55.654128
1.141309	-0.497685	54.421596
1.141914	-0.495255	53.368006
1.142520	-0.489180	52.272663
1.143125	-0.533527	51.041215
1.143730	-0.600959	49.868059
1.144336	-0.531704	48.778952
1.144941	-0.514087	47.599831
1.145547	-0.525022	46.424235
1.146152	-0.586379	45.278191
1.146758	-0.588202	44.169834
1.147363	-0.634371	42.768663
1.147969	-0.548107	41.671693
1.148574	-0.586379	40.681817
1.149180	-0.605819	39.277934
1.149785	-0.558434	38.096102
1.150391	-0.523200	36.920506
1.150996	-0.464272	35.758195
1.151602	-0.539602	34.468455
1.152207	-0.550537	33.275507
1.152813	-0.518340	32.021014
1.153418	-0.517732	30.780077
1.154023	-0.563294	29.493591
1.154629	-0.508012	28.338058
1.155234	-0.542639	27.043981
1.155840	-0.381046	25.652298
1.156445	-0.495862	24.601962
1.157051	-0.405953	23.327947
1.157656	-0.374971	21.932198
1.158262	-0.354923	20.797000
1.158867	-0.408383	19.545760
1.159473	-0.423570	18.177123
1.160078	-0.294781	17.009661
1.160684	-0.225527	15.774417
1.161289	-0.145945	14.554899
1.161895	-0.026876	13.287392
1.162500	-0.046923	12.017716
1.163105	-0.039026	10.801993
1.163711	0.046631	9.361237
1.164316	0.070324	8.202180
1.164922	0.041164	6.961785
1.165527	0.054529	5.536754
1.166133	0.081259	4.345162
1.166738	0.196683	3.174175
1.167344	0.289022	1.876844
1.167949	0.343089	0.598763
1.168555	0.295704	-0.655460
1.169160	0.287807	-1.999966
1.169766	0.360099	-3.245241
1.170371	0.288415	-4.594899
1.170977	0.378324	-5.750974
1.171582	0.340659	-7.151604
1.172187	0.426923	-8.457611
1.172793	0.401409	-9.513641
1.173398	0.351594	-11.004555
1.174004	0.539918	-12.308393
1.174609	0.462766	-13.383402
1.175215	0.439681	-14.715437
1.175820	0.389259	-16.018732
1.176426	0.408091	-17.275395
1.177031	0.358884	-18.497353
1.177637	0.378931	-19.785737
1.178242	0.391081	-20.993597
1.178848	0.366174	-22.263544
1.179453	0.391689	-23.477098
1.180059	0.310892	-24.880710
1.180664	0.381361	-25.980391
1.181270	0.182103	-27.279891
1.181875	0.253180	-28.700041
1.182480	0.213085	-29.724621
1.183086	0.165093	-30.863344
1.183691	0.190000	-32.167995
1.184297	0.220983	-33.387514
1.184902	0.185140	-34.560941
1.185508	0.146261	-35.790220
1.186113	0.110418	-37.052575
1.186719	0.057566	-38.234136
1.187324	-0.013511	-39.429524
1.187930	-0.018978	-40.668835
1.188535	-0.042063	-41.880762
1.189141	-0.098560	-42.887718
1.189746	-0.029913	-44.207552
1.190352	-0.076690	-45.405923
1.190957	-0.141692	-46.413422
1.191563	-0.170245	-47.570310
1.192168	-0.241322	-48.779797
1.192773	-0.366466	-49.921231
1.193379	-0.344596	-51.033655
1.193984	-0.355531	-52.193255
1.194590	-0.313614	-53.285616
1.195195	-0.299034	-54.343815
1.195801	-0.337306	-55.486063
1.196406	-0.347026	-56.697718
1.197012	-0.330016	-57.676207
1.197617	-0.353101	-58.716783
1.198223	-0.388943	-59.958534
1.198828	-0.459412	-60.849449
1.199434	-0.460020	-61.869691
1.200039	-0.412028	-63.013565
1.200645	-0.399878	-64.051159
1.201250	-0.348848	-65.044559
1.201855	-0.303894	-66.033621
1.202461	-0.311184	-67.048441
1.203066	-0.360998	-68.110978
1.203672	-0.348241	-69.068047
1.204277	-0.371933	-70.097236
1.204883	-0.293566	-71.077623
1.205488	-0.292959	-71.885574
1.206094	-0.238892	-72.982815
1.206699	-0.102813	-73.866139
1.207305	-0.180572	-74.632879
1.207910	-0.193329	-75.648783
1.208516	-0.135617	-76.555423
1.209121	-0.150805	-77.491074
1.209727	-0.088840	-78.365180
1.210332	-0.122860	-79.296492
1.210937	-0.081550	-80.175749
1.211543	-0.017763	-80.999968
1.212148	0.036911	-81.867024
1.212754	0.059389	-82.750890
1.213359	0.075791	-83.455272
1.213965	0.098268	-84.331004
1.214570	0.279302	-85.188571
1.215176	0.151121	-85.749799
1.215781	0.073361	-86.638274
1.216387	0.196683	-87.480116
1.216992	0.205188	-88.219202
1.217598	0.249535	-88.896471
1.218203	0.321219	-89.629591
1.218809	0.313929	-90.380064
1.219414	0.276265	-91.088242
1.220020	0.332762	-91.777169
1.220625	0.313929	-92.504867
1.221230	0.309677	-93.211418
1.221836	0.312714	-93.728724
1.222441	0.365566	-94.592255
1.223047	0.407484	-95.097089
1.223652	0.385614	-95.546343
1.224258	0.363136	-96.364868
1.224863	0.363744	-96.949412
1.225469	0.348557	-97.494101
1.226074	0.302387	-98.055058
1.226680	0.253787	-98.671595
1.227285	0.282340	-99.203813
1.227891	0.242245	-99.734675
1.228496	0.236777	-100.235171
1.229102	0.225842	-100.784198
1.229707	0.180888	-101.186276
1.230312	0.167523	-101.786817
1.230918	0.180888	-102.300598
1.231523	0.125606	-102.516684
1.232129	-0.046316	-103.103940
1.232734	-0.002576	-103.622330
1.233340	0.024761	-103.891828
1.233945	0.009574	-104.272486
1.234551	-0.049353	-104.645825
1.235156	-0.046923	-105.029737
1.235762	-0.077905	-105.383013
1.236367	-0.107065	-105.698873
1.236973	-0.112533	-106.106644
1.237578	-0.170852	-106.356892
1.238184	-0.174497	-106.578401
1.238789	-0.220059	-107.045277
1.239395	-0.192722	-107.231811
