LabVIEW Measurement	
Writer_Version	2
Reader_Version	2
Separator	Tab
Decimal_Separator	.
Multi_Headings	No
X_Columns	One
Time_Pref	Absolute
Operator	AlunosGDS-JT
Date	2019/10/09
Time	15:19:08.4651639249999940857
***End_of_Header***	
	
Channels	2		
Samples	2048	2048	
Date	2019/10/09	2019/10/09	
Time	15:21:05.301863143749993268	15:21:05.301863143749993268	
Y_Unit_Label	g	Newtons	
X_Dimension	Time	Time	
X0	0.0000000000000000E+0	0.0000000000000000E+0	
Delta_X	0.000605	0.000605	
***End_of_Header***			
X_Value	Acceleration (Trigger)	Force (Trigger)	Comment
0.000000	-0.545677	2.261841
0.000605	-0.586987	4.810140
0.001211	-0.617969	7.438151
0.001816	-0.616754	10.104932
0.002422	-0.647736	12.755717
0.003027	-0.687223	15.344143
0.003633	-0.682363	17.951276
0.004238	-0.599744	20.632427
0.004844	-0.588202	23.288634
0.005449	-0.656241	25.850219
0.006055	-0.554789	28.263228
0.006660	-0.706056	30.986132
0.007266	-0.754048	33.449569
0.007871	-0.686616	35.843870
0.008477	-0.730963	38.520954
0.009082	-0.719421	40.967311
0.009687	-0.732785	43.416650
0.010293	-0.727318	45.905845
0.010898	-0.684186	48.373078
0.011504	-0.672036	50.733217
0.012109	-0.713953	53.032083
0.012715	-0.693298	55.384359
0.013320	-0.777740	57.697594
0.013926	-0.754048	59.917833
0.014531	-0.726103	62.093607
0.015137	-0.744935	64.501736
0.015742	-0.758300	66.511040
0.016348	-0.698158	68.631234
0.016953	-0.778348	70.898106
0.017559	-0.720636	72.965431
0.018164	-0.747973	75.005914
0.018770	-0.786853	76.943642
0.019375	-0.850032	78.849376
0.019980	-0.817227	80.774903
0.020586	-0.807507	82.671148
0.021191	-0.776525	84.547059
0.021797	-0.804470	86.289305
0.022402	-0.805685	87.892193
0.023008	-0.831807	89.672126
0.023613	-0.904707	91.455312
0.024219	-0.878584	92.825034
0.024824	-0.944194	94.405147
0.025430	-1.014663	96.063345
0.026035	-0.922324	97.503288
0.026641	-0.989756	98.810108
0.027246	-1.076020	100.166002
0.027852	-1.023168	101.536808
0.028457	-1.102750	102.759851
0.029062	-1.085133	103.930566
0.029668	-1.087563	105.093691
0.030273	-1.170790	106.168157
0.030879	-1.118545	107.070731
0.031484	-1.122190	108.122423
0.032090	-1.156210	109.101996
0.032695	-1.136162	109.751068
0.033301	-1.161070	110.698106
0.033906	-1.204809	111.567061
0.034512	-1.241867	112.177091
0.035117	-1.219389	112.821283
0.035723	-1.272241	113.423722
0.036328	-1.244904	113.907408
0.036934	-1.274671	114.356390
0.037539	-1.250979	114.753859
0.038145	-1.298971	115.098729
0.038750	-1.309906	115.393713
0.039355	-1.264952	115.459054
0.039961	-1.277101	115.765696
0.040566	-1.269811	115.984222
0.041172	-1.367618	115.697643
0.041777	-1.353038	115.819649
0.042383	-1.357291	115.839984
0.042988	-1.380983	115.637725
0.043594	-1.332991	115.457156
0.044199	-1.341496	115.222362
0.044805	-1.350001	114.872882
0.045410	-1.379768	114.483276
0.046016	-1.467855	114.062491
0.046621	-1.382198	113.546541
0.047227	-1.426545	113.048214
0.047832	-1.354861	112.331090
0.048438	-1.365796	111.743292
0.049043	-1.325094	111.141124
0.049648	-1.313551	110.146639
0.050254	-1.306261	109.336790
0.050859	-1.367618	108.574388
0.051465	-1.320841	107.610540
0.052070	-1.343318	106.564813
0.052676	-1.356683	105.541860
0.053281	-1.374908	104.449499
0.053887	-1.325094	103.263058
0.054492	-1.258877	101.995551
0.055098	-1.240044	100.786064
0.055703	-1.288644	99.532655
0.056309	-1.252194	97.957693
0.056914	-1.244904	96.660362
0.057520	-1.385236	95.252683
0.058125	-1.209062	93.593943
0.058730	-1.245512	92.142342
0.059336	-1.202379	90.595847
0.059941	-1.184762	88.884780
0.060547	-1.230324	87.186727
0.061152	-1.201164	85.401643
0.061758	-1.136770	83.571281
0.062363	-1.177472	81.744715
0.062969	-1.135555	79.831660
0.063574	-1.135555	77.979337
0.064180	-1.116723	75.990639
0.064785	-1.043216	73.834656
0.065391	-1.026813	72.000499
0.065996	-0.991579	69.926667
0.066602	-0.922932	67.619939
0.067207	-0.935081	65.569695
0.067812	-0.946624	63.469022
0.068418	-0.949054	61.221671
0.069023	-0.874939	58.886475
0.069629	-0.853677	56.646444
0.070234	-0.859145	54.384994
0.070840	-0.819657	51.970901
0.071445	-0.695121	49.599375
0.072051	-0.712738	47.310270
0.072656	-0.683578	44.913800
0.073262	-0.661101	42.286874
0.073867	-0.718206	39.947883
0.074473	-0.663531	37.608349
0.075078	-0.710916	34.895748
0.075684	-0.583342	32.385677
0.076289	-0.507405	29.929288
0.076895	-0.469132	27.411897
0.077500	-0.472777	24.841636
0.078105	-0.410813	22.325600
0.078711	-0.429038	19.640382
0.079316	-0.422963	17.072291
0.079922	-0.434505	14.434520
0.080527	-0.359176	11.840400
0.081133	-0.441795	9.195851
0.081738	-0.347026	6.425772
0.082344	-0.290529	3.991073
0.082949	-0.294781	1.381228
0.083555	-0.215199	-1.435485
0.084160	-0.247397	-3.969415
0.084766	-0.270481	-6.563264
0.085371	-0.299641	-9.276949
0.085977	-0.173890	-11.912009
0.086582	-0.136225	-14.459224
0.087188	-0.139262	-17.055242
0.087793	-0.171460	-19.749677
0.088398	-0.100383	-22.336748
0.089004	-0.088233	-24.856580
0.089609	-0.140477	-27.397559
0.090215	-0.065148	-30.098502
0.090820	-0.068185	-32.513950
0.091426	-0.071830	-34.936991
0.092031	-0.049353	-37.573677
0.092637	-0.057858	-40.082935
0.093242	-0.086410	-42.595717
0.093848	-0.064540	-44.955856
0.094453	0.001069	-47.403569
0.095059	-0.045708	-49.833658
0.095664	-0.033558	-52.207082
0.096270	-0.055428	-54.549870
0.096875	-0.048138	-56.893742
0.097480	-0.030521	-59.144346
0.098086	-0.057858	-61.367297
0.098691	-0.069400	-63.796573
0.099297	0.041771	-65.779035
0.099902	-0.024446	-67.931764
0.100508	-0.018371	-70.197823
0.101113	-0.001968	-72.241560
0.101719	-0.062110	-74.277706
0.102324	0.005929	-76.285654
0.102930	-0.029913	-78.247783
0.103535	-0.025053	-80.169785
0.104141	-0.023838	-82.040815
0.104746	0.040556	-83.915913
0.105352	0.022331	-85.733260
0.105957	0.004714	-87.410708
0.106563	0.008967	-89.138314
0.107168	-0.082765	-91.015309
0.107773	-0.015333	-92.356562
0.108379	-0.049353	-93.847747
0.108984	-0.004398	-95.515706
0.109590	-0.009866	-96.925282
0.110195	-0.004398	-98.325098
0.110801	0.012004	-99.694006
0.111406	-0.016548	-101.034446
0.112012	-0.012296	-102.273214
0.112617	-0.036596	-103.461011
0.113223	-0.059073	-104.639047
0.113828	-0.029913	-105.808407
0.114434	-0.005613	-106.730502
0.115039	0.032051	-107.695434
0.115645	0.040556	-108.833615
0.116250	0.055136	-109.473198
0.116855	0.053314	-110.196016
0.117461	0.000462	-111.105367
0.118066	0.016257	-111.772876
0.118672	0.074576	-112.404054
0.119277	0.077006	-112.921360
0.119883	0.089156	-113.444630
0.120488	0.121961	-113.876803
0.121094	0.151121	-114.235500
0.121699	0.203365	-114.595012
0.122305	0.227057	-114.987058
0.122910	0.224020	-115.055110
0.123516	0.183925	-115.211820
0.124121	0.207010	-115.533374
0.124727	0.281125	-115.343044
0.125332	0.285377	-115.227816
0.125938	0.344912	-115.201788
0.126543	0.333369	-115.068666
0.127148	0.415381	-114.880506
0.127754	0.376501	-114.551089
0.128359	0.375894	-114.247430
0.128965	0.377716	-113.890088
0.129570	0.426316	-113.392303
0.130176	0.428746	-112.883945
0.130781	0.433606	-112.399987
0.131387	0.486458	-111.659817
0.131992	0.524123	-110.925883
0.132598	0.545385	-110.339169
0.133203	0.545993	-109.459913
0.133809	0.545385	-108.429368
0.134414	0.543563	-107.605963
0.135020	0.580620	-106.599277
0.135625	0.519870	-105.588796
0.136230	0.580620	-104.479354
0.136836	0.578190	-103.350121
0.137441	0.626182	-102.098881
0.138047	0.635294	-100.822426
0.138652	0.601882	-99.528078
0.139258	0.568470	-98.316693
0.139863	0.564217	-96.792160
0.140469	0.468841	-95.314802
0.141074	0.490103	-94.006626
0.141680	0.500430	-92.215035
0.142285	0.467018	-90.584221
0.142891	0.514403	-88.951238
0.143496	0.433606	-87.265656
0.144102	0.416596	-85.432312
0.144707	0.400194	-83.688439
0.145313	0.330332	-81.869736
0.145918	0.290844	-79.999247
0.146523	0.242852	-78.067756
0.147129	0.194860	-76.128402
0.147734	0.202150	-74.245442
0.148340	0.180888	-71.988601
0.148945	0.119531	-69.927783
0.149551	0.135933	-68.013644
0.150156	0.044201	-65.738096
0.150762	-0.024446	-63.506741
0.151367	-0.099168	-61.306294
0.151973	-0.153235	-59.092833
0.152578	-0.131972	-56.769838
0.153184	-0.187254	-54.485342
0.153789	-0.217629	-52.091583
0.154395	-0.183610	-49.653903
0.155000	-0.209124	-47.288341
0.155605	-0.296604	-44.924948
0.156211	-0.312399	-42.495672
0.156816	-0.401093	-39.896130
0.157422	-0.470347	-37.517283
0.158027	-0.445440	-35.087194
0.158633	-0.510442	-32.368357
0.159238	-0.502545	-29.820328
0.159844	-0.498292	-27.305377
0.160449	-0.562687	-24.722915
0.161055	-0.586987	-22.081349
0.161660	-0.602781	-19.472317
0.162266	-0.717598	-16.943538
0.162871	-0.670213	-14.294380
0.163477	-0.707271	-11.596962
0.164082	-0.717598	-9.054627
0.164687	-0.683578	-6.475962
0.165293	-0.716991	-3.617224
0.165898	-0.763768	-1.058622
0.166504	-0.719421	1.427048
0.167109	-0.713346	4.314796
0.167715	-0.788068	6.934130
0.168320	-0.775310	9.565936
0.168926	-0.817835	12.162225
0.169531	-0.802647	14.784813
0.170137	-0.784423	17.436682
0.170742	-0.811152	20.092618
0.171348	-0.776525	22.682400
0.171953	-0.739468	25.294685
0.172559	-0.723673	27.834851
0.173164	-0.817835	30.267923
0.173770	-0.700588	33.099005
0.174375	-0.806900	35.452909
0.174980	-0.752833	37.843143
0.175586	-0.710308	40.516431
0.176191	-0.702411	42.963330
0.176797	-0.646521	45.390708
0.177402	-0.671428	47.831914
0.178008	-0.645914	50.260376
0.178613	-0.626474	52.586896
0.179219	-0.655026	54.914772
0.179824	-0.667176	57.217703
0.180430	-0.675073	59.564286
0.181035	-0.686616	61.789677
0.181641	-0.614931	63.887368
0.182246	-0.611286	66.314746
0.182852	-0.601566	68.404303
0.183457	-0.602174	70.389205
0.184062	-0.672036	72.546544
0.184668	-0.641054	74.593263
0.185273	-0.607034	76.603651
0.185879	-0.726103	78.534329
0.186484	-0.672643	80.457416
0.187090	-0.730355	82.331700
0.187695	-0.663531	84.226318
0.188301	-0.682971	85.956093
0.188906	-0.649559	87.840409
0.189512	-0.735215	89.313157
0.190117	-0.680541	91.006330
0.190723	-0.803255	92.837234
0.191328	-0.859145	94.164931
0.191934	-0.722458	95.661539
0.192539	-0.815405	97.207762
0.193145	-0.819050	98.686475
0.193750	-0.777740	100.058637
0.194355	-0.783815	101.363559
0.194961	-0.848817	102.640014
0.195566	-0.835452	103.874986
0.196172	-0.894987	104.996357
0.196777	-0.986111	106.004669
0.197383	-0.984896	107.118720
0.197988	-1.004943	108.039730
0.198594	-1.043216	108.875878
0.199199	-1.017093	110.018668
0.199805	-1.055366	110.695666
0.200410	-1.109433	111.396794
0.201016	-1.149527	112.210439
0.201621	-1.194482	112.793086
0.202227	-1.123405	113.381426
0.202832	-1.226072	113.909577
0.203437	-1.274064	114.353950
0.204043	-1.263129	114.745454
0.204648	-1.257662	115.092764
0.205254	-1.297149	115.434924
0.205859	-1.329346	115.751055
0.206465	-1.334814	115.750241
0.207070	-1.326309	115.797959
0.207676	-1.342103	116.161266
0.208281	-1.388881	116.042514
0.208887	-1.315981	115.864927
0.209492	-1.353646	115.803924
0.210098	-1.353646	115.630676
0.210703	-1.402853	115.371209
0.211309	-1.332991	115.098458
0.211914	-1.380376	114.725119
0.212520	-1.390096	114.275595
0.213125	-1.413788	113.796247
0.213730	-1.376731	113.203026
0.214336	-1.380983	112.704157
0.214941	-1.335421	111.975917
0.215547	-1.338458	111.190198
0.216152	-1.346963	110.677501
0.216758	-1.239437	109.777367
0.217363	-1.284999	108.838734
0.217969	-1.252802	107.986319
0.218574	-1.305046	106.942489
0.219180	-1.241259	105.873716
0.219785	-1.267989	104.827446
0.220391	-1.194482	103.711227
0.220996	-1.188407	102.486015
0.221602	-1.125228	101.212814
0.222207	-1.165930	99.913856
0.222812	-1.189015	98.650958
0.223418	-1.134340	97.063795
0.224023	-1.153780	95.553360
0.224629	-1.201164	94.295342
0.225234	-1.158640	92.655310
0.225840	-1.086955	91.016091
0.226445	-1.091208	89.378769
0.227051	-1.125835	87.650621
0.227656	-1.003728	85.972632
0.228262	-1.008588	84.095365
0.228867	-1.013448	82.318415
0.229473	-1.035926	80.380688
0.230078	-0.969101	78.487967
0.230684	-0.922932	76.488966
0.231289	-0.897417	74.668635
0.231895	-0.927184	72.435383
0.232500	-0.778955	70.422825
0.233105	-0.794143	68.500010
0.233711	-0.817227	66.216056
0.234316	-0.808722	64.033775
0.234922	-0.791105	61.851493
0.235527	-0.746758	59.560220
0.236133	-0.798395	57.269217
0.236738	-0.673251	54.977130
0.237344	-0.682363	52.638139
0.237949	-0.664138	50.285862
0.238555	-0.651381	47.846283
0.239160	-0.621006	45.429479
0.239766	-0.590632	43.168300
0.240371	-0.610071	40.488505
0.240977	-0.512265	38.015578
0.241582	-0.577267	35.778258
0.242187	-0.595491	33.133167
0.242793	-0.542639	30.543656
0.243398	-0.482497	28.038465
0.244004	-0.514087	25.485014
0.244609	-0.436328	22.944306
0.245215	-0.477637	20.335817
0.245820	-0.443618	17.731666
0.246426	-0.410813	15.137275
0.247031	-0.379223	12.476729
0.247637	-0.337913	9.817811
0.248242	-0.333053	7.292286
0.248848	-0.248004	4.549047
0.249453	-0.207909	1.927815
0.250059	-0.304501	-0.608555
0.250664	-0.274126	-3.306787
0.251270	-0.263191	-5.951607
0.251875	-0.246182	-8.554945
0.252480	-0.275949	-11.201391
0.253086	-0.221882	-13.843771
0.253691	-0.233424	-16.445483
0.254297	-0.209124	-19.025775
0.254902	-0.139870	-21.625046
0.255508	-0.104028	-24.279627
0.256113	-0.177535	-26.814370
0.256719	-0.118607	-29.222227
0.257324	-0.157487	-32.024299
0.257930	-0.101598	-34.492617
0.258535	-0.071830	-36.783349
0.259141	-0.083373	-39.388314
0.259746	-0.111925	-41.937427
0.260352	-0.080335	-44.360196
0.260957	-0.049960	-46.747176
0.261562	-0.060895	-49.210343
0.262168	-0.032951	-51.583496
0.262773	-0.073653	-53.937671
0.263379	-0.119215	-56.262292
0.263984	-0.074868	-58.602911
0.264590	-0.061503	-60.861107
0.265195	-0.005613	-62.959611
0.265801	-0.055428	-65.417898
0.266406	0.000462	-67.510166
0.267012	0.081866	-69.469041
0.267617	0.043594	-71.657016
0.268223	0.048454	-73.677436
0.268828	0.027799	-75.721173
0.269434	0.107988	-77.670287
0.270039	0.152943	-79.641905
0.270645	0.152336	-81.501277
0.271250	0.230095	-83.322150
0.271855	0.244675	-85.157121
0.272461	0.236170	-87.017306
0.273066	0.263507	-88.677131
0.273672	0.237992	-90.249924
0.274277	0.241030	-92.136951
0.274883	0.271405	-93.568489
0.275488	0.301172	-94.950411
0.276094	0.327902	-96.497176
0.276699	0.399586	-97.963689
0.277305	0.360706	-99.297080
0.277910	0.343697	-100.647280
0.278516	0.366174	-101.931868
0.279121	0.394119	-103.168467
0.279727	0.326079	-104.323729
0.280332	0.395941	-105.396027
0.280938	0.457906	-106.577587
0.281543	0.440896	-107.477992
0.282148	0.470663	-108.328510
0.282754	0.523515	-109.422497
0.283359	0.473701	-110.172157
0.283965	0.442718	-110.852679
0.284570	0.411736	-111.628096
0.285176	0.388651	-112.311872
0.285781	0.430568	-112.929222
0.286387	0.485851	-113.381187
0.286992	0.450616	-113.850504
0.287598	0.452438	-114.233331
0.288203	0.459121	-114.646525
0.288809	0.460336	-114.902196
0.289414	0.416596	-115.277703
0.290020	0.433606	-115.277703
0.290625	0.381361	-115.427906
0.291230	0.368604	-115.616338
0.291836	0.417204	-115.438209
0.292441	0.429353	-115.331115
0.293047	0.477953	-115.184708
0.293652	0.429961	-115.040198
0.294258	0.404446	-114.731387
0.294863	0.387436	-114.433150
0.295469	0.417204	-114.090991
0.296074	0.340659	-113.643907
0.296680	0.330332	-113.094879
0.297285	0.340052	-112.609838
0.297891	0.321827	-112.113951
0.298496	0.362529	-111.196465
0.299102	0.298742	-110.529770
0.299707	0.296919	-109.966373
0.300312	0.298742	-108.922001
0.300918	0.230095	-107.992858
0.301523	0.197290	-107.099231
0.302129	0.172990	-106.098239
0.302734	0.289629	-105.014554
0.303340	0.273835	-103.821064
0.303945	0.284770	-102.619711
0.304551	0.321219	-101.369556
0.305156	0.295704	-100.055686
0.305762	0.267760	-98.707655
0.306367	0.310284	-97.428489
0.306973	0.232525	-95.825059
0.307578	0.275050	-94.354479
0.308184	0.265937	-92.921857
0.308789	0.318182	-91.153040
0.309395	0.350987	-89.445498
0.310000	0.360099	-87.838272
0.310605	0.375894	-86.036920
0.311211	0.325472	-84.234755
0.311816	0.322434	-82.455093
0.312422	0.265330	-80.645879
0.313027	0.239815	-78.729842
0.313633	0.267152	-76.769069
0.314238	0.279302	-74.786607
0.314844	0.276872	-72.867316
0.315449	0.299957	-70.546761
0.316055	0.282340	-68.483232
0.316660	0.287200	-66.529508
0.317266	0.335192	-64.209495
0.317871	0.272012	-61.932863
0.318477	0.240422	-59.720215
0.319082	0.280517	-57.448734
0.319688	0.257432	-55.089679
0.320293	0.242245	-52.760448
0.320898	0.261685	-50.333341
0.321504	0.251965	-47.941209
0.322109	0.256217	-45.461504
0.322715	0.209440	-43.088893
0.323320	0.157803	-40.738243
0.323926	0.184533	-37.961656
0.324531	0.027191	-35.624020
0.325137	-0.019586	-33.241920
0.325742	0.000462	-30.520100
0.326348	-0.023838	-28.049071
0.326953	-0.073653	-25.495349
0.327559	-0.148982	-22.881708
0.328164	-0.108888	-20.232279
0.328770	-0.176320	-17.683708
0.329375	-0.277771	-15.074677
0.329980	-0.242537	-12.485708
0.330586	-0.244359	-9.793713
0.331191	-0.274126	-7.137505
0.331797	-0.290529	-4.654818
0.332402	-0.322726	-1.757039
0.333008	-0.338521	0.822712
0.333613	-0.371933	3.334681
0.334219	-0.366466	6.103676
0.334824	-0.430253	8.809499
0.335430	-0.493432	11.408228
0.336035	-0.578482	13.955443
0.336641	-0.551752	16.623579
0.337246	-0.642269	19.232611
0.337852	-0.594884	21.862790
0.338457	-0.624044	24.451759
0.339062	-0.641661	27.059706
0.339668	-0.758908	29.520703
0.340273	-0.710308	31.951064
0.340879	-0.712131	34.775097
0.341484	-0.855500	37.141744
0.342090	-0.868257	39.533062
0.342695	-0.863397	42.085971
0.343301	-0.851247	44.542902
0.343906	-0.794143	47.001730
0.344512	-0.794143	49.420975
0.345117	-0.865219	51.736921
0.345723	-0.796572	54.135288
0.346328	-0.818442	56.482685
0.346934	-0.840312	58.737085
0.347539	-0.789283	61.052489
0.348145	-0.802040	63.235313
0.348750	-0.718206	65.358489
0.349355	-0.708486	67.818945
0.349961	-0.819050	69.794629
0.350566	-0.694513	71.830232
0.351172	-0.777740	73.940937
0.351777	-0.743720	75.988741
0.352383	-0.775918	77.906676
0.352988	-0.768628	79.814308
0.353594	-0.767413	81.712451
0.354199	-0.775918	83.546338
0.354805	-0.734608	85.347418
0.355410	-0.741290	87.114608
0.356016	-0.719421	88.888305
0.356621	-0.712131	90.388979
0.357227	-0.766198	91.999730
0.357832	-0.679326	93.848800
0.358438	-0.703018	95.195204
0.359043	-0.681148	96.620777
0.359648	-0.674466	98.190046
0.360254	-0.669606	99.579017
0.360859	-0.689046	100.910239
0.361465	-0.611286	102.183440
0.362070	-0.594884	103.488362
0.362676	-0.665353	104.614885
0.363281	-0.705448	105.676337
0.363887	-0.713953	106.739688
0.364492	-0.753440	107.830693
0.365098	-0.752833	108.611803
0.365703	-0.757085	109.464490
0.366309	-0.714561	110.551970
0.366914	-0.780778	111.169321
0.367520	-0.804470	111.879125
0.368125	-0.781385	112.550972
0.368730	-0.764983	113.191639
0.369336	-0.854285	113.739039
0.369941	-0.890127	114.176092
0.370547	-0.867649	114.598775
0.371152	-0.937511	114.953406
0.371758	-0.938119	115.241070
0.372363	-0.973354	115.494842
0.372969	-0.970316	115.719333
0.373574	-1.029851	115.627964
0.374180	-1.021953	115.800399
0.374785	-1.004943	116.087520
0.375391	-1.024991	115.895835
0.375996	-1.038963	115.693848
0.376602	-1.097283	115.606003
0.377207	-1.046253	115.439533
0.377812	-1.068730	115.100085
0.378418	-1.099713	114.784225
0.379023	-1.221819	114.361813
0.379629	-1.178687	113.912830
0.380234	-1.198127	113.329370
0.380840	-1.206632	112.754315
0.381445	-1.243082	112.267918
0.382051	-1.223642	111.355584
0.382656	-1.250979	110.613516
0.383262	-1.226072	110.001587
0.383867	-1.257054	109.051567
0.384473	-1.276494	108.124863
0.385078	-1.330561	107.088354
0.385684	-1.302009	106.082211
0.386289	-1.322664	105.018589
0.386895	-1.301401	103.910232
0.387500	-1.209669	102.767442
0.388105	-1.187192	101.450319
0.388711	-1.132518	100.121809
0.389316	-1.164715	98.841287
0.389922	-1.152565	97.519284
0.390527	-1.100928	95.885759
0.391133	-1.097890	94.457746
0.391738	-1.120368	93.120559
0.392344	-1.045646	91.413017
0.392949	-0.975176	89.737738
0.393555	-1.074805	87.997390
0.394160	-0.989756	86.362509
0.394766	-0.955129	84.559530
0.395371	-0.882837	82.700158
0.395977	-0.929007	80.827230
0.396582	-0.900454	78.953217
0.397187	-0.815405	76.949064
0.397793	-0.791713	75.004288
0.398398	-0.762553	73.041617
0.399004	-0.725496	70.810262
0.399609	-0.692083	68.856538
0.400215	-0.663531	66.819851
0.400820	-0.648344	64.562197
0.401426	-0.602174	62.438478
0.402031	-0.551144	60.209292
0.402637	-0.532312	57.868945
0.403242	-0.574837	55.551643
0.403848	-0.531704	53.297514
0.404453	-0.502545	50.893181
0.405059	-0.433898	48.557172
0.405664	-0.381653	46.080991
0.406270	-0.430253	43.723021
0.406875	-0.347633	41.359628
0.407480	-0.269266	38.676580
0.408086	-0.370718	36.309662
0.408691	-0.299034	33.917801
0.409297	-0.260761	31.256714
0.409902	-0.242537	28.707059
0.410508	-0.246182	26.167435
0.411113	-0.179965	23.647061
0.411719	-0.206087	21.022033
0.412324	-0.207909	18.371248
0.412930	-0.184217	15.819966
0.413535	-0.187254	13.191143
0.414141	-0.158095	10.472848
0.414746	-0.091270	8.003716
0.415352	-0.097953	5.366488
0.415957	-0.061503	2.522391
0.416563	-0.029306	0.057869
0.417168	-0.054213	-2.524863
0.417773	-0.010473	-5.200320
0.418379	0.000462	-7.828060
0.418984	-0.065148	-10.495654
0.419590	0.004714	-13.108482
0.420195	-0.039026	-15.747337
0.420801	-0.036596	-18.331154
0.421406	0.015649	-20.909819
0.422012	-0.028091	-23.550573
0.422617	-0.019586	-26.195664
0.423223	-0.009258	-28.623855
0.423828	-0.116785	-31.285485
0.424434	-0.017763	-33.966907
0.425039	-0.032343	-36.256012
0.425645	-0.036596	-38.741139
0.426250	0.013219	-41.266393
0.426855	0.059389	-43.765891
0.427461	0.058781	-46.186762
0.428066	0.078829	-48.574556
0.428672	0.103736	-50.995427
0.429277	0.131681	-53.336045
0.429883	0.165093	-55.664192
0.430488	0.177243	-57.904494
0.431094	0.178458	-60.289848
0.431699	0.261685	-62.381574
0.432305	0.216730	-64.609946
0.432910	0.285985	-66.984726
0.433516	0.276872	-68.960682
0.434121	0.228880	-71.015806
0.434727	0.219160	-73.106990
0.435332	0.243460	-75.095960
0.435937	0.261685	-77.058359
0.436543	0.201543	-79.112399
0.437148	0.231917	-80.962553
0.437754	0.230702	-82.840090
0.438359	0.224020	-84.732269
0.438965	0.260470	-86.511659
0.439570	0.237992	-88.325753
0.440176	0.251357	-89.864928
0.440781	0.276265	-91.508214
0.441387	0.299957	-93.281910
0.441992	0.325472	-94.694198
0.442598	0.388044	-96.136581
0.443203	0.415381	-97.631562
0.443809	0.409914	-99.024057
0.444414	0.488888	-100.288040
0.445020	0.531413	-101.552565
0.445625	0.467018	-102.807329
0.446230	0.566647	-103.950119
0.446836	0.537488	-105.041938
0.447441	0.516833	-106.183372
0.448047	0.600060	-107.277089
0.448652	0.584872	-108.050607
0.449258	0.606135	-109.052412
0.449863	0.579405	-110.064791
0.450469	0.614032	-110.649065
0.451074	0.557535	-111.351820
0.451680	0.612817	-112.042645
0.452285	0.561787	-112.689819
0.452891	0.583657	-113.212005
0.453496	0.654734	-113.675899
0.454102	0.599452	-114.161755
0.454707	0.627397	-114.519639
0.455313	0.641977	-114.767718
0.455918	0.657772	-115.070022
0.456523	0.634079	-115.356872
0.457129	0.641369	-115.330301
0.457734	0.686932	-115.410012
0.458340	0.713661	-115.542863
0.458945	0.706371	-115.332199
0.459551	0.734316	-115.185792
0.460156	0.765906	-114.993836
0.460762	0.728849	-114.788323
0.461367	0.697259	-114.477886
0.461973	0.643192	-114.163652
0.462578	0.690577	-113.711146
0.463184	0.651089	-113.272466
0.463789	0.663239	-112.686566
0.464395	0.630434	-112.137268
0.465000	0.646837	-111.592036
0.465605	0.623145	-110.651776
0.466211	0.598845	-109.991588
0.466816	0.630434	-109.307269
0.467422	0.577582	-108.275098
0.468027	0.510758	-107.331856
0.468633	0.600667	-106.322730
0.469238	0.589125	-105.320112
0.469844	0.584265	-104.126079
0.470449	0.590340	-102.959972
0.471055	0.584872	-101.739641
0.471660	0.604920	-100.428211
0.472266	0.569077	-99.040325
0.472871	0.555713	-97.693378
0.473477	0.538703	-96.393607
0.474082	0.508935	-94.621266
0.474687	0.457298	-93.164513
0.475293	0.453046	-91.659772
0.475898	0.404446	-89.952772
0.476504	0.443933	-88.273698
0.477109	0.405054	-86.536060
0.477715	0.344912	-84.823366
0.478320	0.304817	-83.011983
0.478926	0.312107	-81.174843
0.479531	0.273227	-79.305168
0.480137	0.288415	-77.346022
0.480742	0.288415	-75.337803
0.481348	0.317574	-73.343139
0.481953	0.367996	-71.384265
0.482559	0.295097	-69.018974
0.483164	0.355239	-66.950836
0.483770	0.321219	-64.918757
0.484375	0.292059	-62.562414
0.484980	0.267152	-60.324281
0.485586	0.309069	-58.097535
0.486191	0.341267	-55.768575
0.486797	0.285985	-53.337943
0.487402	0.287200	-50.975906
0.488008	0.242852	-48.584587
0.488613	0.269582	-46.203843
0.489219	0.225235	-43.661237
0.489824	0.158410	-41.353424
0.490430	0.166308	-38.919810
0.491035	0.100091	-36.192026
0.491641	0.063641	-33.772239
0.492246	0.082474	-31.371974
0.492852	0.089763	-28.707362
0.493457	0.128036	-26.133847
0.494063	0.124998	-23.553013
0.494668	0.025369	-20.997664
0.495273	0.084904	-18.401104
0.495879	0.036911	-15.783668
0.496484	0.002892	-13.145083
0.497090	-0.000753	-10.510295
0.497695	0.084904	-7.788475
0.498301	-0.011688	-5.308770
0.498906	0.092193	-2.594000
0.499512	0.043594	0.264466
0.500117	0.008359	2.731699
0.500723	0.030836	5.338562
0.501328	-0.070008	8.027304
0.501934	0.020509	10.704930
0.502539	-0.088840	13.281698
0.503145	-0.110103	15.907811
0.503750	-0.128935	18.558324
0.504355	-0.136225	21.194468
0.504961	-0.140477	23.712944
0.505566	-0.175712	26.313029
0.506172	-0.305716	28.932092
0.506777	-0.213984	31.306059
0.507383	-0.297211	33.860323
0.507988	-0.317259	36.540389
0.508594	-0.355531	38.953669
0.509199	-0.391373	41.331160
0.509805	-0.328801	43.858854
0.510410	-0.309361	46.364588
0.511016	-0.374971	48.755364
0.511621	-0.468525	51.065074
0.512227	-0.477030	53.461815
0.512832	-0.482497	55.801620
0.513437	-0.514695	58.112686
0.514043	-0.479460	60.321809
0.514648	-0.467310	62.670832
0.515254	-0.557219	64.677153
0.515859	-0.501937	66.919353
0.516465	-0.511050	69.266208
0.517070	-0.593669	71.246772
0.517676	-0.602174	73.226524
0.518281	-0.599744	75.312827
0.518887	-0.636801	77.273058
0.519492	-0.667176	79.125923
0.520098	-0.726711	81.081273
0.520703	-0.613109	83.005173
0.521309	-0.701803	84.765856
0.521914	-0.689046	86.510814
0.522520	-0.710916	88.176874
0.523125	-0.716383	90.030282
0.523730	-0.750403	91.401901
0.524336	-0.718813	93.078806
0.524941	-0.755263	94.874193
0.525547	-0.740683	96.217344
0.526152	-0.707878	97.628547
0.526758	-0.720636	99.107532
0.527363	-0.716383	100.445260
0.527969	-0.738253	101.742591
0.528574	-0.710308	102.966719
0.529180	-0.696336	104.179730
0.529785	-0.805685	105.256094
0.530391	-0.737645	106.304262
0.530996	-0.800217	107.287088
0.531602	-0.797180	108.353964
0.532207	-0.791713	109.003849
0.532813	-0.743720	110.056084
0.533418	-0.787460	110.933443
0.534023	-0.730355	111.522867
0.534629	-0.726711	112.260055
0.535234	-0.725496	112.920514
0.535840	-0.711523	113.476049
0.536445	-0.758908	113.923675
0.537051	-0.760730	114.343105
0.537656	-0.743720	114.741387
0.538262	-0.713953	115.109574
0.538867	-0.702411	115.296650
0.539473	-0.702411	115.558828
0.540078	-0.763768	115.725569
0.540684	-0.631334	115.675140
0.541289	-0.732785	115.934335
0.541895	-0.781993	115.970123
0.542500	-0.716383	115.775998
0.543105	-0.754048	115.575637
0.543711	-0.739468	115.379072
0.544316	-0.683578	115.189014
0.544922	-0.742505	114.830316
0.545527	-0.759515	114.462942
0.546133	-0.775310	113.995794
0.546738	-0.800217	113.447038
0.547344	-0.816620	112.808540
0.547949	-0.818442	112.317805
0.548555	-0.797180	111.585226
0.549160	-0.792928	110.693497
0.549766	-0.789283	110.157484
0.550371	-0.837275	109.290699
0.550977	-0.834845	108.270728
0.551582	-0.891949	107.309050
0.552187	-0.822695	106.326494
0.552793	-0.888912	105.245792
0.553398	-0.805077	104.125505
0.554004	-0.887089	102.933913
0.554609	-0.818442	101.714123
0.555215	-0.778955	100.419775
0.555820	-0.766198	99.067405
0.556426	-0.799610	97.774955
0.557031	-0.802647	96.168542
0.557637	-0.721243	94.722092
0.558242	-0.820872	93.393311
0.558848	-0.766805	91.770088
0.559453	-0.724888	90.072848
0.560059	-0.741898	88.445830
0.560664	-0.718813	86.793326
0.561270	-0.684186	84.955101
0.561875	-0.666568	83.138838
0.562480	-0.727925	81.265096
0.563086	-0.699981	79.414129
0.563691	-0.716383	77.401842
0.564297	-0.673858	75.386573
0.564902	-0.647736	73.551873
0.565508	-0.651989	71.340582
0.566113	-0.602174	69.202222
0.566719	-0.565724	67.251210
0.567324	-0.593669	65.064590
0.567930	-0.515302	62.865499
0.568535	-0.471562	60.629806
0.569141	-0.444833	58.356698
0.569746	-0.441795	56.036956
0.570352	-0.405345	53.729415
0.570957	-0.345811	51.398828
0.571562	-0.301464	49.027302
0.572168	-0.291136	46.555188
0.572773	-0.259546	44.173901
0.573379	-0.199404	41.901064
0.573984	-0.113748	39.238350
0.574590	-0.184217	36.802838
0.575195	-0.172675	34.459237
0.575801	-0.110103	31.851561
0.576406	-0.092485	29.286994
0.577012	-0.051175	26.718360
0.577617	-0.051175	24.232690
0.578223	-0.019586	21.622032
0.578828	-0.022623	18.986972
0.579434	0.022939	16.422405
0.580039	0.018686	13.846451
0.580645	0.045416	11.076642
0.581250	0.130466	8.493910
0.581855	0.151728	5.991430
0.582461	0.138971	3.081721
0.583066	0.165700	0.552671
0.583672	0.265937	-1.934625
0.584277	0.163878	-4.633941
0.584883	0.259255	-7.270899
0.585488	0.281125	-9.923310
0.586094	0.273227	-12.593074
0.586699	0.214908	-15.207528
0.587305	0.235562	-17.821982
0.587910	0.327902	-20.377602
0.588516	0.294489	-22.976331
0.589121	0.326079	-25.667242
0.589727	0.295704	-28.146676
0.590332	0.318789	-30.601709
0.590938	0.347949	-33.355250
0.591543	0.347342	-35.825466
0.592148	0.301172	-38.173133
0.592754	0.381969	-40.735260
0.593359	0.400801	-43.196800
0.593965	0.375894	-45.631499
0.594570	0.347342	-48.056437
0.595176	0.273227	-50.471614
0.595781	0.350379	-52.818197
0.596387	0.367389	-55.149326
0.596992	0.338837	-57.434093
0.597598	0.326687	-59.781760
0.598203	0.404446	-61.989799
0.598809	0.318789	-64.165302
0.599414	0.364959	-66.571804
0.600020	0.354024	-68.598189
0.600625	0.311499	-70.582549
0.601230	0.337622	-72.757782
0.601836	0.383791	-74.777117
0.602441	0.304209	-76.795911
0.603047	0.301779	-78.753430
0.603652	0.371641	-80.712847
0.604258	0.377716	-82.602043
0.604863	0.421456	-84.385500
0.605469	0.380754	-86.196341
0.606074	0.397156	-88.050291
0.606680	0.402016	-89.598683
0.607285	0.421456	-91.288331
0.607891	0.468233	-93.055521
0.608496	0.451831	-94.378338
0.609102	0.506505	-95.890400
0.609707	0.499823	-97.389990
0.610313	0.457906	-98.755915
0.610918	0.543563	-100.095542
0.611523	0.548423	-101.410496
0.612129	0.588517	-102.630556
0.612734	0.538703	-103.854412
0.613340	0.577582	-104.949213
0.613945	0.634079	-106.101493
0.614551	0.612817	-107.143967
0.615156	0.699689	-107.939717
0.615762	0.653519	-109.010117
0.616367	0.721559	-110.005957
0.616973	0.744036	-110.544682
0.617578	0.734924	-111.243912
0.618184	0.826656	-112.056201
0.618789	0.871003	-112.672196
0.619395	0.852778	-113.222037
0.620000	0.927500	-113.662885
0.620605	0.917780	-114.116748
0.621211	0.971847	-114.488460
0.621816	0.982782	-114.820858
0.622422	0.994324	-115.169796
0.623027	0.976707	-115.396185
0.623633	0.976099	-115.403776
0.624238	0.988249	-115.678425
0.624844	1.016802	-115.639383
0.625449	1.066616	-115.388864
0.626055	1.109141	-115.396727
0.626660	1.093954	-115.217514
0.627266	1.103673	-114.998716
0.627871	1.096991	-114.687736
0.628477	1.101243	-114.396277
0.629082	1.081804	-113.986608
0.629687	1.075729	-113.513496
0.630293	1.050821	-113.024929
0.630898	1.028952	-112.558595
0.631504	1.093954	-111.805682
0.632109	1.057504	-111.010474
0.632715	1.058111	-110.506182
0.633320	1.082411	-109.563753
0.633926	0.996147	-108.592856
0.634531	0.965772	-107.675642
0.635137	0.927500	-106.706643
0.635742	0.942080	-105.664440
0.636348	0.912920	-104.560150
0.636953	0.895303	-103.450437
0.637559	0.882545	-102.216278
0.638164	0.897125	-100.939552
0.638770	0.810861	-99.599384
0.639375	0.802963	-98.358989
0.639980	0.785346	-96.863466
0.640586	0.751326	-95.358724
0.641191	0.701511	-94.041872
0.641797	0.727634	-92.327010
0.642402	0.714269	-90.605369
0.643008	0.679642	-88.976995
0.643613	0.655342	-87.298191
0.644219	0.642584	-85.510667
0.644824	0.603705	-83.690608
0.645430	0.551460	-81.878140
0.646035	0.539310	-79.974033
0.646641	0.467018	-77.997806
0.647246	0.423886	-76.000160
0.647852	0.434821	-74.141059
0.648457	0.424493	-71.965013
0.649062	0.400194	-69.726067
0.649668	0.367389	-67.935560
0.650273	0.352809	-65.638593
0.650879	0.338837	-63.366569
0.651484	0.248927	-61.156362
0.652090	0.273835	-58.893556
0.652695	0.265937	-56.643765
0.653301	0.232525	-54.293386
0.653906	0.259862	-51.906134
0.654512	0.296919	-49.509664
0.655117	0.253787	-47.099367
0.655723	0.252572	-44.607732
0.656328	0.255610	-42.344656
0.656934	0.259862	-39.715019
0.657539	0.197290	-37.114663
0.658145	0.170560	-34.837217
0.658750	0.225235	-32.185076
0.659355	0.250142	-29.567911
0.659961	0.233132	-26.994668
0.660566	0.230702	-24.389432
0.661172	0.173598	-21.775249
0.661777	0.219160	-19.173267
0.662383	0.133503	-16.651266
0.662988	0.191215	-13.942190
0.663594	0.124391	-11.314450
0.664199	0.160840	-8.697556
0.664805	0.149298	-6.207006
0.665410	0.160840	-3.409814
0.666016	0.072146	-0.694773
0.666621	0.154765	1.720134
0.667227	0.128643	4.455509
0.667832	0.092801	7.166484
0.668438	0.012612	9.751114
0.669043	0.088548	12.379125
0.669648	0.097661	15.038856
0.670254	0.128036	17.685574
0.670859	0.217338	20.358320
0.671465	0.139578	22.902824
0.672070	0.155980	25.539510
0.672676	0.106166	28.105704
0.673281	0.073361	30.513833
0.673887	0.069716	33.226976
0.674492	0.040556	35.675502
0.675098	0.054529	38.034286
0.675703	-0.043278	40.636268
0.676309	0.000462	43.146881
0.676914	-0.017763	45.537115
0.677520	0.021724	47.995131
0.678125	-0.031736	50.417900
0.678730	-0.005006	52.748757
0.679336	-0.048746	55.022679
0.679941	-0.134402	57.324798
0.680547	-0.151412	59.721539
0.681152	-0.169637	61.875894
0.681758	-0.130757	63.947286
0.682363	-0.089448	66.384696
0.682969	-0.124075	68.499196
0.683574	-0.215807	70.454275
0.684180	-0.157487	72.644691
0.684785	-0.244359	74.655079
0.685391	-0.354316	76.623986
0.685996	-0.243144	78.567407
0.686602	-0.331838	80.462838
0.687207	-0.368896	82.389449
0.687813	-0.305716	84.273765
0.688418	-0.330623	85.992966
0.689023	-0.326371	87.761240
0.689629	-0.364036	89.364129
0.690234	-0.368288	90.963492
0.690840	-0.422963	92.742341
0.691445	-0.479460	94.164389
0.692051	-0.466702	95.582370
0.692656	-0.478852	97.172787
0.693262	-0.439365	98.563656
0.693867	-0.464272	99.907349
0.694473	-0.470955	101.242909
0.695078	-0.448478	102.513670
0.695684	-0.441188	103.709871
0.696289	-0.477030	104.832869
0.696895	-0.507405	105.836301
0.697500	-0.545677	106.994003
0.698105	-0.545069	107.948903
0.698711	-0.489180	108.662774
0.699316	-0.537172	109.822103
0.699922	-0.529274	110.550072
0.700527	-0.577874	111.204838
0.701133	-0.556612	111.998962
0.701738	-0.594884	112.622006
0.702344	-0.580912	113.208720
0.702949	-0.672643	113.689153
0.703555	-0.668998	114.135424
0.704160	-0.620399	114.541839
0.704766	-0.644091	114.877220
0.705371	-0.673858	115.156750
0.705977	-0.644091	115.478575
0.706582	-0.679326	115.443057
0.707187	-0.686616	115.500536
0.707793	-0.736430	115.842695
0.708398	-0.717598	115.754308
0.709004	-0.633764	115.577264
0.709609	-0.632549	115.504874
0.710215	-0.696336	115.375276
0.710820	-0.676288	115.121775
0.711426	-0.655026	114.752232
0.712031	-0.616146	114.410615
0.712637	-0.692083	113.977900
0.713242	-0.713953	113.450834
0.713848	-0.633156	112.925395
0.714453	-0.690868	112.385043
0.715059	-0.675681	111.624810
0.715664	-0.660493	110.908228
0.716270	-0.657456	110.319074
0.716875	-0.657456	109.378814
0.717480	-0.672643	108.440452
0.718086	-0.702411	107.512122
0.718691	-0.689653	106.529024
0.719297	-0.634979	105.429614
0.719902	-0.634979	104.380633
0.720508	-0.644699	103.225100
0.721113	-0.613109	101.972234
0.721719	-0.557219	100.670565
0.722324	-0.535957	99.376487
0.722930	-0.521985	98.101389
0.723535	-0.533527	96.544049
0.724141	-0.450908	95.023040
0.724746	-0.593061	93.748213
0.725352	-0.489787	92.132039
0.725957	-0.429038	90.418532
0.726562	-0.407775	88.787447
0.727168	-0.399878	87.112439
0.727773	-0.339736	85.378055
0.728379	-0.292351	83.572637
0.728984	-0.256509	81.694557
0.729590	-0.307539	79.852808
0.730195	-0.294174	77.872785
0.730801	-0.249827	75.857246
0.731406	-0.248004	74.022546
0.732012	-0.200012	71.822641
0.732617	-0.111318	69.782429
0.733223	-0.128935	67.840906
0.733828	-0.157487	65.569424
0.734434	-0.170245	63.370875
0.735039	-0.158095	61.165819
0.735645	-0.066970	58.936091
0.736250	-0.118607	56.614994
0.736855	-0.093700	54.308808
0.737461	-0.036596	52.017535
0.738066	0.022331	49.569822
0.738672	0.078221	47.164405
0.739277	0.080651	44.822431
0.739883	0.069716	42.469883
0.740488	0.120746	39.806356
0.741094	0.065464	37.371657
0.741699	0.135933	35.162805
0.742305	0.118316	32.432581
0.742910	0.167523	29.833310
0.743516	0.209440	27.392376
0.744121	0.285985	24.876069
0.744727	0.236777	22.233418
0.745332	0.270190	19.624657
0.745938	0.200328	16.982006
0.746543	0.211263	14.464343
0.747148	0.230702	11.744964
0.747754	0.303602	9.096891
0.748359	0.279910	6.623150
0.748965	0.314537	3.822976
0.749570	0.399586	1.188730
0.750176	0.382576	-1.260067
0.750781	0.398979	-4.010626
0.751387	0.347342	-6.655175
0.751992	0.349164	-9.305960
0.752598	0.377716	-11.948882
0.753203	0.408091	-14.563878
0.753809	0.435428	-17.105400
0.754414	0.429353	-19.781670
0.755020	0.456691	-22.364132
0.755625	0.498608	-25.003258
0.756230	0.467018	-27.513329
0.756836	0.566040	-29.961584
0.757441	0.508935	-32.776399
0.758047	0.541133	-35.159042
0.758652	0.531413	-37.487459
0.759258	0.545385	-40.157494
0.759863	0.573937	-42.622287
0.760469	0.655949	-45.036923
0.761074	0.626182	-47.452100
0.761680	0.641369	-49.896830
0.762285	0.682679	-52.264832
0.762891	0.663239	-54.592165
0.763496	0.667492	-56.916787
0.764102	0.714269	-59.292380
0.764707	0.711839	-61.464630
0.765312	0.644407	-63.672940
0.765918	0.689969	-66.066428
0.766523	0.793851	-68.046179
0.767129	0.748289	-70.114588
0.767734	0.785953	-72.212008
0.768340	0.703941	-74.269843
0.768945	0.761046	-76.305175
0.769551	0.814506	-78.302008
0.770156	0.747681	-80.215062
0.770762	0.767121	-82.056812
0.771367	0.766513	-83.921064
0.771973	0.807823	-85.730820
0.772578	0.781093	-87.580974
0.773184	0.779878	-89.168137
0.773789	0.781093	-90.871071
0.774395	0.816936	-92.661577
0.775000	0.777448	-94.048108
0.775605	0.747074	-95.517875
0.776211	0.773196	-97.099615
0.776816	0.855815	-98.472319
0.777422	0.818758	-99.870508
0.778027	0.826048	-101.142896
0.778633	0.861890	-102.412572
0.779238	0.849133	-103.676284
0.779844	0.843058	-104.776507
0.780449	0.840020	-105.921737
0.781055	0.865535	-107.027112
0.781660	0.906237	-107.784092
0.782266	0.869788	-108.850696
0.782871	0.915350	-109.799903
0.783477	0.886190	-110.434334
0.784082	0.908667	-111.148747
0.784687	0.898340	-111.939618
0.785293	0.915350	-112.552901
0.785898	0.889228	-113.112774
0.786504	0.939042	-113.624115
0.787109	0.953015	-114.101836
0.787715	0.946940	-114.466499
0.788320	0.974884	-114.807031
0.788926	1.042924	-115.146208
0.789531	0.940257	-115.471828
0.790137	1.018017	-115.435227
0.790742	0.950585	-115.678968
0.791348	1.035026	-115.831068
0.791953	1.089701	-115.561842
0.792559	1.075121	-115.470744
0.793164	1.180825	-115.375579
0.793770	1.135871	-115.241915
0.794375	1.202695	-114.866136
0.794980	1.237322	-114.516657
0.795586	1.225780	-114.174769
0.796191	1.206340	-113.755339
0.796797	1.240967	-113.168354
0.797402	1.206340	-112.659996
0.798008	1.276202	-112.112595
0.798613	1.273772	-111.225476
0.799219	1.326017	-110.592942
0.799824	1.301717	-109.924891
0.800430	1.284100	-108.839851
0.801035	1.241575	-107.955171
0.801641	1.271342	-107.043108
0.802246	1.298072	-105.992229
0.802852	1.270127	-104.904478
0.803457	1.305969	-103.769008
0.804063	1.315689	-102.579042
0.804668	1.328447	-101.327260
0.805273	1.272557	-100.006070
0.805879	1.262230	-98.658853
0.806484	1.234893	-97.369655
0.807090	1.241575	-95.697088
0.807695	1.149236	-94.379965
0.808301	1.246435	-92.802020
0.808906	1.199050	-91.065738
0.809512	1.214238	-89.417301
0.810117	1.237930	-87.711114
0.810723	1.207555	-85.979442
0.811328	1.146806	-84.178903
0.811934	1.123113	-82.385414
0.812539	1.118861	-80.510046
0.813145	1.043531	-78.586146
0.813750	0.992502	-76.567895
0.814355	0.975492	-74.662160
0.814961	0.952407	-72.694067
0.815566	0.913527	-70.384628
0.816172	0.886798	-68.420331
0.816777	0.889835	-66.386083
0.817383	0.826048	-64.050074
0.817988	0.731886	-61.774797
0.818594	0.695436	-59.599836
0.819199	0.654127	-57.299886
0.819805	0.629827	-54.977433
0.820410	0.616462	-52.611871
0.821016	0.595807	-50.224077
0.821621	0.557535	-47.851195
0.822227	0.563610	-45.376642
0.822832	0.466411	-43.031956
0.823438	0.529590	-40.499382
0.824043	0.389866	-37.905262
0.824648	0.369819	-35.621038
0.825254	0.325472	-33.022851
0.825859	0.340052	-30.338718
0.826465	0.373464	-27.823224
0.827070	0.337014	-25.241305
0.827676	0.276265	-22.635527
0.828281	0.265330	-20.024056
0.828887	0.254395	-17.455150
0.829492	0.166915	-14.896006
0.830098	0.244067	-12.185574
0.830703	0.174813	-9.465923
0.831309	0.244675	-7.056710
0.831914	0.248927	-4.379898
0.832520	0.214300	-1.502724
0.833125	0.183318	0.971559
0.833730	0.237992	3.576524
0.834336	0.180280	6.311628
0.834941	0.190000	8.978951
0.835547	0.128643	11.601268
0.836152	0.171775	14.188881
0.836758	0.147476	16.839395
0.837363	0.160840	19.474725
0.837969	0.203365	22.084299
0.838574	0.204580	24.703905
0.839180	0.176028	27.346284
0.839785	0.172383	29.727029
0.840391	0.159018	32.335247
0.840996	0.144438	35.038088
0.841602	0.094016	37.314450
0.842207	0.104343	39.836450
0.842812	0.076399	42.354655
0.843418	0.212478	44.880723
0.844023	0.188178	47.294545
0.844629	0.151728	49.665800
0.845234	0.164485	52.056576
0.845840	0.181495	54.359237
0.846445	0.182710	56.699584
0.847051	0.150513	58.989231
0.847656	0.120746	61.285385
0.848262	0.145046	63.311770
0.848867	0.188785	65.621209
0.849473	0.134718	67.971317
0.850078	0.160233	69.837738
0.850684	0.171168	71.974471
0.851289	0.205188	74.061859
0.851895	0.082474	76.057607
0.852500	0.081866	78.007534
0.853105	0.046631	79.894561
0.853711	0.063034	81.788366
0.854316	0.103736	83.677291
0.854922	0.084296	85.418724
0.855527	0.064856	87.215467
0.856133	0.055136	88.937107
0.856738	-0.003183	90.405789
0.857344	-0.019586	92.196567
0.857949	-0.018371	93.829279
0.858555	-0.088233	95.149113
0.859160	-0.088840	96.708079
0.859766	-0.080335	98.167272
0.860371	-0.070615	99.515574
0.860977	-0.090663	100.864961
0.861582	-0.123467	102.155243
0.862187	-0.171460	103.390215
0.862793	-0.152020	104.494506
0.863398	-0.254079	105.542673
0.864004	-0.248004	106.665671
0.864609	-0.336698	107.618945
0.865215	-0.235854	108.374840
0.865820	-0.286276	109.451205
0.866426	-0.351278	110.255089
0.867031	-0.274126	110.916904
0.867637	-0.333053	111.745190
0.868242	-0.309361	112.362540
0.868848	-0.395018	112.944645
0.869453	-0.387121	113.509668
0.870059	-0.446655	113.929640
0.870664	-0.430253	114.364253
0.871270	-0.378616	114.708039
0.871875	-0.357961	115.049384
0.872480	-0.371326	115.352231
0.873086	-0.430860	115.434652
0.873691	-0.461235	115.427061
0.874297	-0.495862	115.788470
0.874902	-0.506190	115.760815
0.875508	-0.525022	115.544729
0.876113	-0.497077	115.537951
0.876719	-0.420533	115.391273
0.877324	-0.442403	115.135873
0.877930	-0.507405	114.802932
0.878535	-0.507405	114.465382
0.879141	-0.513480	114.060864
0.879746	-0.534134	113.534069
0.880352	-0.509227	112.976908
0.880957	-0.456375	112.498102
0.881563	-0.490395	111.780165
0.882168	-0.437543	110.942661
0.882773	-0.413243	110.461686
0.883379	-0.415673	109.563992
0.883984	-0.401093	108.590384
0.884590	-0.384083	107.733902
0.885195	-0.422963	106.715287
0.885801	-0.356746	105.669559
0.886406	-0.364643	104.615156
0.887012	-0.354923	103.487820
0.887617	-0.298426	102.281587
0.888223	-0.258331	101.012724
0.888828	-0.216414	99.703735
0.889434	-0.252257	98.479336
0.890039	-0.268051	96.871296
0.890645	-0.158702	95.423762
0.891250	-0.227957	94.138090
0.891855	-0.273519	92.503751
0.892461	-0.217022	90.822779
0.893066	-0.173282	89.245918
0.893672	-0.097345	87.595583
0.894277	-0.091878	85.819717
0.894883	-0.062110	84.031380
0.895488	-0.057858	82.181768
0.896094	-0.082765	80.335410
0.896699	-0.087018	78.401207
0.897305	-0.004398	76.410611
0.897910	-0.015941	74.485626
0.898516	0.042986	72.394443
0.899121	0.007752	70.227073
0.899727	0.113456	68.393187
0.900332	0.089156	66.148546
0.900937	0.123783	63.920174
0.901543	0.067286	61.693699
0.902148	0.137148	59.458277
0.902754	0.129858	57.154531
0.903359	0.202758	54.912060
0.903965	0.190000	52.555988
0.904570	0.230702	50.185546
0.905176	0.298134	47.803717
0.905781	0.299349	45.329705
0.906387	0.311499	43.075576
0.906992	0.282340	40.459495
0.907598	0.396549	37.973554
0.908203	0.313929	35.721864
0.908809	0.320004	33.148079
0.909414	0.409914	30.530642
0.910020	0.411129	28.011082
0.910625	0.422671	25.507247
0.911230	0.440896	22.887912
0.911836	0.495570	20.308433
0.912441	0.442111	17.685032
0.913047	0.456691	15.100402
0.913652	0.451831	12.428469
0.914258	0.462158	9.822420
0.914863	0.543563	7.278458
0.915469	0.488888	4.466897
0.916074	0.510150	1.836446
0.916680	0.548423	-0.603946
0.917285	0.550853	-3.329832
0.917891	0.586087	-5.979261
0.918496	0.593985	-8.643331
0.919102	0.555713	-11.262123
0.919707	0.601882	-13.924566
0.920312	0.620715	-16.479644
0.920918	0.676604	-19.107926
0.921523	0.742214	-21.662461
0.922129	0.727026	-24.355270
0.922734	0.724596	-26.897876
0.923340	0.754971	-29.292177
0.923945	0.688754	-32.121633
0.924551	0.718521	-34.611099
0.925156	0.785953	-36.815341
0.925762	0.730671	-39.446334
0.926367	0.832730	-41.973757
0.926973	0.824226	-44.362093
0.927578	0.787776	-46.761004
0.928184	0.818758	-49.229050
0.928789	0.838805	-51.633383
0.929395	0.897125	-53.930079
0.930000	0.855208	-56.240060
0.930605	0.860068	-58.571731
0.931211	0.884368	-60.919399
0.931816	0.915350	-63.023597
0.932422	0.974277	-65.427116
0.933027	0.948762	-67.555444
0.933633	0.975492	-69.510523
0.934238	1.007082	-71.675181
0.934844	1.038064	-73.754435
0.935449	1.035026	-75.731205
0.936055	1.043531	-77.732646
0.936660	1.072691	-79.696943
0.937266	1.086056	-81.570956
0.937871	1.117038	-83.389389
0.938477	1.143161	-85.205381
0.939082	1.110356	-87.142295
0.939688	1.181433	-88.756299
0.940293	1.124936	-90.413413
0.940898	1.113393	-92.228049
0.941504	1.158348	-93.669076
0.942109	1.160171	-95.051811
0.942715	1.154096	-96.599933
0.943320	1.218490	-98.049093
0.943926	1.259800	-99.401734
0.944531	1.203303	-100.745698
0.945137	1.172320	-102.061466
0.945742	1.163816	-103.265801
0.946348	1.216060	-104.454411
0.946953	1.239145	-105.544603
0.947559	1.217883	-106.698238
0.948164	1.290782	-107.635515
0.948770	1.239752	-108.496878
0.949375	1.293820	-109.590052
0.949980	1.285315	-110.293078
0.950586	1.273772	-110.983633
0.951191	1.286530	-111.785077
0.951797	1.278025	-112.394022
0.952402	1.297465	-112.968264
0.953008	1.303540	-113.537355
0.953613	1.308399	-114.033784
0.954219	1.309007	-114.412003
0.954824	1.330877	-114.733014
0.955430	1.319334	-115.037487
0.956035	1.324802	-115.410554
0.956641	1.348494	-115.501381
0.957246	1.350924	-115.520360
0.957852	1.281670	-115.869026
0.958457	1.355177	-115.653753
0.959063	1.324802	-115.468304
0.959668	1.336344	-115.424924
0.960273	1.319942	-115.269027
0.960879	1.338167	-114.997632
0.961484	1.310222	-114.692074
0.962090	1.306577	-114.349915
0.962695	1.347279	-113.894155
0.963301	1.321157	-113.407215
0.963906	1.311437	-112.843276
0.964512	1.315082	-112.334917
0.965117	1.354569	-111.486840
0.965723	1.321157	-110.784627
0.966328	1.346672	-110.215266
0.966934	1.331484	-109.203158
0.967539	1.318727	-108.245546
0.968145	1.299895	-107.344057
0.968750	1.335129	-106.329780
0.969355	1.324802	-105.243655
0.969961	1.329662	-104.074294
0.970566	1.382514	-102.949127
0.971172	1.358214	-101.744521
0.971777	1.379476	-100.312983
0.972383	1.315689	-98.985829
0.972988	1.332092	-97.785831
0.973594	1.375831	-96.194601
0.974199	1.315689	-94.596864
0.974805	1.221528	-93.309565
0.975410	1.310829	-91.520143
0.976016	1.320549	-89.812872
0.976621	1.326624	-88.192360
0.977227	1.261622	-86.441167
0.977832	1.278025	-84.627886
0.978437	1.210593	-82.864220
0.979043	1.179610	-80.976651
0.979648	1.220920	-79.057903
0.980254	1.161993	-77.101197
0.980859	1.133441	-75.080506
0.981465	1.179610	-73.234961
0.982070	1.162601	-70.897596
0.982676	1.126758	-68.817257
0.983281	1.099421	-66.931315
0.983887	1.107926	-64.596390
0.984492	1.054466	-62.305659
0.985098	1.013157	-60.152659
0.985703	1.086056	-57.896360
0.986309	1.041101	-55.538932
0.986914	1.050821	-53.166863
0.987520	1.058719	-50.795066
0.988125	1.021054	-48.451736
0.988730	1.051429	-45.961457
0.989336	0.954837	-43.558209
0.989941	0.997969	-41.205119
0.990547	0.896518	-38.495771
0.991152	0.869180	-36.151357
0.991758	0.911097	-33.669212
0.992363	0.825441	-31.006769
0.992969	0.829086	-28.454674
0.993574	0.833338	-25.902307
0.994180	0.833338	-23.277550
0.994785	0.781093	-20.661740
0.995391	0.732494	-18.141638
0.995996	0.841235	-15.460758
0.996602	0.652304	-12.873417
0.997207	0.640762	-10.155122
0.997812	0.684502	-7.668367
0.998418	0.645622	-5.065843
0.999023	0.587302	-2.166437
0.999629	0.596415	0.289410
1.000234	0.593985	2.832287
1.000840	0.558750	5.603180
1.001445	0.498608	8.307376
1.002051	0.429353	10.872214
1.002656	0.436036	13.499140
1.003262	0.454261	16.155076
1.003867	0.454868	18.830533
1.004473	0.372249	21.454477
1.005078	0.425708	23.959125
1.005684	0.472486	26.670371
1.006289	0.293274	29.055454
1.006895	0.360099	31.672619
1.007500	0.290237	34.306323
1.008105	0.233132	36.571569
1.008711	0.276872	39.154843
1.009316	0.245890	41.695823
1.009922	0.256217	44.124014
1.010527	0.275657	46.592603
1.011133	0.229487	48.998834
1.011738	0.267152	51.399099
1.012344	0.244067	53.708538
1.012949	0.179673	55.994389
1.013555	0.182103	58.360493
1.014160	0.168738	60.625197
1.014766	0.165093	62.724514
1.015371	0.217945	65.038291
1.015977	0.171775	67.339868
1.016582	0.205795	69.211169
1.017187	0.225842	71.460690
1.017793	0.180280	73.526388
1.018398	0.149906	75.524847
1.019004	0.148691	77.459592
1.019609	0.194860	79.394608
1.020215	0.185748	81.281363
1.020820	0.137756	83.157274
1.021426	0.154765	84.920397
1.022031	0.159018	86.728256
1.022637	0.166308	88.455048
1.023242	0.171168	89.961145
1.023848	0.114063	91.751651
1.024453	0.067286	93.326072
1.025059	0.152336	94.678712
1.025664	0.103128	96.265604
1.026270	0.125606	97.782817
1.026875	0.154765	99.215710
1.027480	0.209440	100.526869
1.028086	0.169345	101.821760
1.028691	0.202758	103.025010
1.029297	0.176635	104.174579
1.029902	0.093408	105.271820
1.030508	0.135933	106.446873
1.031113	0.146868	107.388489
1.031719	0.119531	108.168786
1.032324	0.126213	109.279583
1.032930	0.025369	110.076418
1.033535	0.072754	110.753958
1.034141	0.120138	111.591733
1.034746	0.055744	112.295301
1.035352	0.012612	112.911838
1.035957	-0.048746	113.412877
1.036563	-0.005006	113.926115
1.037168	-0.051175	114.339852
1.037773	0.058781	114.736507
1.038379	-0.045708	114.988110
1.038984	-0.080943	115.296650
1.039590	-0.058465	115.418385
1.040195	-0.096738	115.438177
1.040801	-0.089448	115.815582
1.041406	-0.140477	115.736685
1.042012	-0.138655	115.550152
1.042617	-0.109495	115.520057
1.043223	-0.097953	115.427603
1.043828	-0.210947	115.147260
1.044434	-0.190292	114.886439
1.045039	-0.135617	114.616399
1.045645	-0.147767	114.186937
1.046250	-0.230387	113.683459
1.046855	-0.220059	113.169678
1.047461	-0.229779	112.690601
1.048066	-0.178750	112.001402
1.048672	-0.226742	111.162814
1.049277	-0.205479	110.697022
1.049883	-0.218237	109.787941
1.050488	-0.241929	108.848766
1.051094	-0.271089	107.976016
1.051699	-0.271696	107.000510
1.052305	-0.256509	105.968067
1.052910	-0.316044	104.889805
1.053516	-0.229779	103.800427
1.054121	-0.251042	102.601514
1.054727	-0.200012	101.334549
1.055332	-0.237677	100.033151
1.055937	-0.129542	98.781098
1.056543	-0.164777	97.305909
1.057148	-0.181787	95.816622
1.057754	-0.156272	94.580023
1.058359	-0.199404	92.874378
1.058965	-0.145337	91.245462
1.059570	-0.037203	89.751023
1.060176	-0.022016	88.042396
1.060781	0.029014	86.298523
1.061387	0.036304	84.560073
1.061992	0.055136	82.738658
1.062598	0.029621	80.852173
1.063203	0.058174	78.913362
1.063809	0.085511	76.973736
1.064414	0.072754	75.089963
1.065020	0.192430	72.963262
1.065625	0.222197	70.891870
1.066230	0.274442	69.006470
1.066836	0.300564	66.751527
1.067441	0.278695	64.596087
1.068047	0.314537	62.404858
1.068652	0.423886	60.130937
1.069258	0.426923	57.896328
1.069863	0.459728	55.556252
1.070469	0.460943	53.228377
1.071074	0.558750	50.925987
1.071680	0.623752	48.544158
1.072285	0.592162	46.165853
1.072891	0.677212	43.807341
1.073496	0.696044	41.221084
1.074102	0.729456	38.737854
1.074707	0.666277	36.481826
1.075312	0.708194	33.891231
1.075918	0.737961	31.226619
1.076523	0.804786	28.752879
1.077129	0.786561	26.210544
1.077734	0.804786	23.637301
1.078340	0.801141	21.006850
1.078945	0.840020	18.418424
1.079551	0.886798	15.864160
1.080156	0.829086	13.153727
1.080762	0.869180	10.482879
1.081367	0.880723	7.982569
1.081973	0.909275	5.199746
1.082578	0.985212	2.624063
1.083184	0.933575	0.108569
1.083789	1.002222	-2.592916
1.084395	0.934182	-5.254003
1.085000	0.888013	-7.863035
1.085605	0.938435	-10.501890
1.086211	0.975492	-13.128816
1.086816	0.906845	-15.704499
1.087422	0.934790	-18.296179
1.088027	0.991287	-20.914157
1.088633	0.941472	-23.588801
1.089238	0.929322	-26.106464
1.089844	0.833338	-28.573697
1.090449	0.947547	-31.361400
1.091055	0.914135	-33.827007
1.091660	0.895303	-36.119094
1.092266	0.928715	-38.803769
1.092871	0.869180	-41.309231
1.093477	0.874648	-43.793545
1.094082	0.836983	-46.201402
1.094688	0.849133	-48.617122
1.095293	0.863713	-51.035011
1.095898	0.894088	-53.379696
1.096504	0.852170	-55.688864
1.097109	0.832730	-58.021349
1.097715	0.905630	-60.290661
1.098320	0.912920	-62.464267
1.098926	0.911097	-64.873208
1.099531	0.853385	-66.924808
1.100137	0.930537	-68.931672
1.100742	0.925070	-71.219963
1.101348	0.940865	-73.236859
1.101953	0.884368	-75.188413
1.102559	0.946332	-77.203682
1.103164	1.031382	-79.187771
1.103770	1.007082	-81.072629
1.104375	1.006474	-82.879403
1.104980	1.055074	-84.782969
1.105586	1.100636	-86.638545
1.106191	1.101851	-88.306504
1.106797	1.129188	-89.922406
1.107402	1.180218	-91.832478
1.108008	1.203910	-93.232023
1.108613	1.176573	-94.650276
1.109219	1.197835	-96.288682
1.109824	1.322979	-97.670061
1.110430	1.309614	-99.079367
1.111035	1.309007	-100.426585
1.111641	1.354569	-101.716324
1.112246	1.386159	-102.950754
1.112852	1.352139	-104.154276
1.113457	1.364897	-105.224405
1.114062	1.371579	-106.370719
1.114668	1.480321	-107.353275
1.115273	1.460273	-108.233074
1.115879	1.542285	-109.325435
1.116484	1.516770	-109.968542
1.117090	1.507051	-110.704374
1.117695	1.525883	-111.506632
1.118301	1.542285	-112.207218
1.118906	1.524668	-112.780104
1.119512	1.550790	-113.299579
1.120117	1.569623	-113.845894
1.120723	1.597567	-114.282676
1.121328	1.589670	-114.617515
1.121934	1.614577	-114.908974
1.122539	1.606072	-115.322710
1.123145	1.633410	-115.365819
1.123750	1.610932	-115.534729
1.124355	1.678364	-115.780368
1.124961	1.648597	-115.517106
1.125566	1.675327	-115.465050
1.126172	1.666822	-115.420857
1.126777	1.719674	-115.195010
1.127383	1.714814	-114.971333
1.127988	1.665607	-114.705630
1.128594	1.660139	-114.356151
1.129199	1.587240	-113.997995
1.129805	1.665607	-113.458186
1.130410	1.572660	-112.998359
1.131016	1.671682	-112.436589
1.131621	1.687477	-111.651955
1.132227	1.632802	-111.057378
1.132832	1.666822	-110.374687
1.133438	1.656494	-109.355530
1.134043	1.601820	-108.467054
1.134648	1.609717	-107.609216
1.135254	1.558080	-106.601989
1.135859	1.581772	-105.561413
1.136465	1.574483	-104.402084
1.137070	1.533173	-103.270952
1.137676	1.570230	-101.960336
1.138281	1.599390	-100.732142
1.138887	1.492471	-99.447012
1.139492	1.520415	-98.138565
1.140098	1.464526	-96.556824
1.140703	1.453591	-95.211775
1.141309	1.454806	-93.726555
1.141914	1.414711	-91.889144
1.142520	1.427469	-90.291678
1.143125	1.444478	-88.667370
1.143730	1.434151	-86.953050
1.144336	1.393449	-85.155765
1.144941	1.327839	-83.390744
1.145547	1.327232	-81.568516
1.146152	1.315689	-79.638652
1.146758	1.271342	-77.691706
1.147363	1.213023	-75.745574
1.147969	1.305362	-73.784530
1.148574	1.305362	-71.496510
1.149180	1.220920	-69.604874
1.149785	1.225780	-67.422593
1.150391	1.169890	-65.099868
1.150996	1.200873	-62.951477
1.151602	1.086664	-60.763231
1.152207	1.095776	-58.497443
1.152813	1.102458	-56.133237
1.153418	1.070261	-53.830576
1.154023	0.982782	-51.489958
1.154629	0.976707	-49.115449
1.155234	0.999792	-46.662856
1.155840	0.878900	-44.329287
1.156445	0.908667	-41.843889
1.157051	0.776841	-39.302638
1.157656	0.736746	-37.031157
1.158262	0.854600	-34.341330
1.158867	0.775018	-31.713048
1.159473	0.795066	-29.208129
1.160078	0.807216	-26.665523
1.160684	0.865535	-24.036157
1.161289	0.787776	-21.409502
1.161895	0.795066	-18.843308
1.162500	0.796281	-16.200928
1.163105	0.786561	-13.598675
1.163711	0.743429	-10.918880
1.164316	0.706979	-8.373562
1.164922	0.790813	-5.677771
1.165527	0.665062	-2.901184
1.166133	0.703334	-0.509866
1.166738	0.733709	2.271059
1.167344	0.686324	5.032734
1.167949	0.671137	7.617906
1.168555	0.663847	10.232089
1.169160	0.597022	12.835427
1.169766	0.576367	15.455304
1.170371	0.567255	18.019329
1.170977	0.545993	20.759042
1.171582	0.602490	23.289719
1.172187	0.538095	25.891972
1.172793	0.585480	28.374660
1.173398	0.538703	31.065300
1.174004	0.563610	33.598959
1.174609	0.559358	35.913549
1.175215	0.431176	38.613950
1.175820	0.493140	41.132968
1.176426	0.482206	43.523473
1.177031	0.530198	45.996943
1.177637	0.518655	48.452518
1.178242	0.532020	50.808319
1.178848	0.525338	53.173338
1.179453	0.437858	55.428281
1.180059	0.496178	57.765646
1.180664	0.451831	60.081050
1.181270	0.491318	62.161660
1.181875	0.486458	64.536711
1.182480	0.445756	66.685373
1.183086	0.506505	68.624185
1.183691	0.478561	70.936064
1.184297	0.424493	73.037550
1.184902	0.388651	74.968770
1.185508	0.372249	76.911378
1.186113	0.401409	78.909295
1.186719	0.318182	80.769480
1.187324	0.318789	82.663827
1.187930	0.323649	84.512084
1.188535	0.342482	86.294999
1.189141	0.355847	87.955365
1.189746	0.303602	89.548764
1.190352	0.346734	91.411390
1.190957	0.252572	92.865702
1.191563	0.305424	94.293444
1.192168	0.252572	95.967638
1.192773	0.296919	97.457468
1.193379	0.296919	98.826104
1.193984	0.281125	100.203688
1.194590	0.290844	101.555244
1.195195	0.248320	102.734094
1.195801	0.298742	103.936531
1.196406	0.260470	105.015336
1.197012	0.159625	106.137249
1.197617	0.157195	107.111400
1.198223	0.190000	107.965171
1.198828	0.155373	109.048585
1.199434	0.171775	109.873074
1.200039	0.117708	110.488527
1.200645	0.141401	111.433939
1.201250	0.118316	112.099549
1.201855	0.077614	112.657795
1.202461	0.059389	113.268367
1.203066	0.036911	113.743106
1.203672	0.046631	114.202120
1.204277	0.062426	114.548346
1.204883	0.047846	114.931716
1.205488	0.075184	115.305326
1.206094	0.027191	115.346266
1.206699	0.061211	115.475050
1.207305	-0.063933	115.791995
1.207910	0.058174	115.720418
1.208516	0.019901	115.569944
1.209121	0.035089	115.678122
1.209727	-0.000146	115.512194
1.210332	0.052099	115.334879
1.210937	0.005322	115.022272
1.211543	-0.030521	114.715630
1.212148	-0.051783	114.320059
1.212754	-0.119215	113.812243
1.213359	-0.050568	113.302800
1.213965	-0.107673	112.806371
1.214570	-0.076690	112.091144
1.215176	-0.015941	111.382425
1.215781	-0.037811	110.869457
1.216387	-0.035988	109.854367
1.216992	-0.039026	108.961825
1.217598	-0.023231	108.202676
1.218203	-0.023231	107.220121
1.218809	-0.020801	106.220756
1.219414	-0.012296	105.143307
1.220020	-0.031128	104.066671
1.220625	0.090371	102.910867
1.221230	0.137148	101.691078
1.221836	0.063641	100.448785
1.222441	0.134718	99.161214
1.223047	0.101306	97.613635
1.223652	0.081259	96.290548
1.224258	0.017472	94.927333
1.224863	0.070931	93.201897
1.225469	0.066679	91.673025
1.226074	0.010182	90.133851
1.226680	0.064856	88.508731
1.227285	0.130466	86.763502
1.227891	0.110418	84.961337
1.228496	0.138971	83.177880
1.229102	0.107988	81.300071
1.229707	0.087333	79.395963
1.230312	0.127428	77.433564
1.230918	0.120746	75.498277
1.231523	0.166308	73.349072
1.232129	0.231917	71.492411
1.232734	0.212478	69.434576
1.233340	0.265330	67.066032
1.233945	0.293274	65.105530
1.234551	0.288415	63.003230
1.235156	0.361314	60.729580
1.235762	0.387436	58.449693
1.236367	0.369819	56.187701
1.236973	0.428138	53.883685
1.237578	0.431176	51.508905
1.238184	0.493140	49.153104
1.238789	0.548423	46.824957
1.239395	0.559965	44.391072
