LabVIEW Measurement	
Writer_Version	2
Reader_Version	2
Separator	Tab
Decimal_Separator	.
Multi_Headings	No
X_Columns	One
Time_Pref	Absolute
Operator	AlunosGDS-JT
Date	2019/10/09
Time	15:19:08.4651639249999940857
***End_of_Header***	
	
Channels	2		
Samples	2048	2048	
Date	2019/10/09	2019/10/09	
Time	15:22:27.07344517499999268	15:22:27.07344517499999268	
Y_Unit_Label	g	Newtons	
X_Dimension	Time	Time	
X0	0.0000000000000000E+0	0.0000000000000000E+0	
Delta_X	0.000605	0.000605	
***End_of_Header***			
X_Value	Acceleration (Trigger)	Force (Trigger)	Comment
0.000000	0.651697	6.133499
0.000605	0.249535	12.220788
0.001211	-0.231602	18.206947
0.001816	-0.612501	24.241908
0.002422	-1.121583	30.171402
0.003027	-1.544399	36.000580
0.003633	-1.986656	41.658408
0.004238	-2.316526	47.294003
0.004844	-2.819533	52.895165
0.005449	-3.280622	57.941335
0.006055	-3.553387	63.254563
0.006660	-4.047281	68.409454
0.007266	-4.389301	73.112109
0.007871	-4.721601	77.642330
0.008477	-5.005301	82.036988
0.009082	-5.467605	86.145338
0.009687	-5.703921	90.065799
0.010293	-6.014959	93.634883
0.010898	-6.258565	96.975679
0.011504	-6.550770	100.123164
0.012109	-6.795591	102.858540
0.012715	-7.010037	105.349361
0.013320	-7.141863	107.707332
0.013926	-7.450471	109.424634
0.014531	-7.527015	110.928291
0.015137	-7.624822	112.508676
0.015742	-7.711694	113.415317
0.016348	-7.801603	113.970038
0.016953	-7.839268	114.349612
0.017559	-7.881793	114.369404
0.018164	-7.856278	114.036463
0.018770	-7.900625	113.409352
0.019375	-7.876325	112.419747
0.019980	-7.792491	111.212972
0.020586	-7.675244	109.520884
0.021191	-7.599307	107.584241
0.021797	-7.424956	105.621299
0.022402	-7.288877	103.025824
0.023008	-7.148546	100.071922
0.023613	-6.911622	97.208033
0.024219	-6.670447	93.920377
0.024824	-6.383709	90.307100
0.025430	-6.124308	86.412124
0.026035	-5.890422	82.374538
0.026641	-5.553262	78.069080
0.027246	-5.271384	73.441797
0.027852	-4.868007	68.666480
0.028457	-4.566082	63.758854
0.029062	-4.183967	58.700213
0.029668	-3.709513	53.238680
0.030273	-3.328006	47.915691
0.030879	-2.867525	42.520584
0.031484	-2.519430	36.543914
0.032090	-2.068668	30.802580
0.032695	-1.636131	24.963642
0.033301	-1.229109	18.996733
0.033906	-0.761338	13.027654
0.034512	-0.323333	6.925183
0.035117	0.153550	0.867718
0.035723	0.609172	-5.237193
0.036328	1.019839	-11.264563
0.036934	1.490648	-17.357546
0.037539	2.036179	-23.283515
0.038145	2.335674	-29.420148
0.038750	2.860551	-35.146028
0.039355	3.273040	-40.724958
0.039961	3.629640	-46.543291
0.040566	4.115636	-52.128456
0.041172	4.493498	-57.413487
0.041777	4.858603	-62.586544
0.042383	5.331842	-67.653862
0.042988	5.621010	-72.470932
0.043594	5.918075	-77.108788
0.044199	6.267385	-81.531101
0.044805	6.588750	-85.789383
0.045410	6.836001	-89.802840
0.046016	7.150684	-93.319868
0.046621	7.349942	-96.879191
0.047227	7.689532	-100.145428
0.047832	7.947718	-102.745242
0.048438	8.083189	-105.331499
0.049043	8.240531	-107.691638
0.049648	8.376002	-109.634788
0.050254	8.508436	-111.292172
0.050859	8.704657	-112.626105
0.051465	8.742322	-113.655294
0.052070	8.728350	-114.352897
0.052676	8.843166	-114.646796
0.053281	8.904523	-114.680416
0.053887	8.885691	-114.443724
0.054492	8.918496	-113.790314
0.055098	8.866251	-112.719914
0.055703	8.664563	-111.701570
0.056309	8.638440	-109.916215
0.056914	8.527876	-107.866514
0.057520	8.402732	-105.802713
0.058125	8.351702	-103.223506
0.058730	8.163379	-100.373715
0.059336	7.975055	-97.276931
0.059941	7.782479	-93.924204
0.060547	7.498171	-90.241248
0.061152	7.275828	-86.361185
0.061758	7.003062	-82.157399
0.062363	6.727259	-77.880680
0.062969	6.432017	-73.278341
0.063574	6.133129	-68.272568
0.064180	5.748584	-63.460921
0.064785	5.486146	-58.271597
0.065391	5.115574	-52.674230
0.065996	4.766264	-47.157388
0.066602	4.387187	-41.600419
0.067207	3.971052	-35.818417
0.067812	3.595620	-29.935827
0.068418	3.096866	-24.028294
0.069023	2.816811	-17.964051
0.069629	2.371517	-11.939392
0.070234	1.921970	-5.807368
0.070840	1.506443	0.257417
0.071445	1.055681	6.284787
0.072051	0.607957	12.595211
0.072656	0.237992	18.617429
0.073262	-0.244967	24.356865
0.073867	-0.668998	30.476146
0.074473	-1.063871	36.348433
0.075078	-1.566269	41.985655
0.075684	-1.981189	47.616098
0.076289	-2.409473	53.111793
0.076895	-2.808598	58.408483
0.077500	-3.185852	63.511860
0.078105	-3.577687	68.488351
0.078711	-4.051533	73.243334
0.079316	-4.394768	77.912099
0.079922	-4.708844	82.001741
0.080527	-4.955487	86.351664
0.081133	-5.402603	90.282970
0.081738	-5.701491	93.751737
0.082344	-5.982154	97.079249
0.082949	-6.206928	100.230801
0.083555	-6.569602	102.944215
0.084160	-6.800451	105.462149
0.084766	-7.051954	107.673170
0.085371	-7.185603	109.582429
0.085977	-7.341122	111.182606
0.086582	-7.553138	112.413512
0.087188	-7.666132	113.360007
0.087793	-7.815576	114.057611
0.088398	-8.009367	114.181515
0.089004	-7.956515	114.157385
0.089609	-7.988104	114.112649
0.090215	-8.045816	113.375733
0.090820	-8.069509	112.260326
0.091426	-8.018479	111.048128
0.092031	-7.920065	109.526577
0.092637	-7.865998	107.612980
0.093242	-7.735994	105.381083
0.093848	-7.626037	102.870469
0.094453	-7.451078	100.141872
0.095059	-7.248782	97.045358
0.095664	-7.092048	93.609126
0.096270	-6.827788	90.107281
0.096875	-6.547733	86.271411
0.097480	-6.179590	82.027769
0.098086	-5.984584	77.814494
0.098691	-5.665649	73.300270
0.099297	-5.279889	68.535256
0.099902	-4.937262	63.532737
0.100508	-4.598887	58.429630
0.101113	-4.150555	53.167645
0.101719	-3.774515	47.692556
0.102324	-3.276369	42.122573
0.102930	-2.873600	36.493485
0.103535	-2.414333	30.680303
0.104141	-1.931374	24.698753
0.104746	-1.461173	18.744858
0.105352	-1.089993	12.864709
0.105957	-0.563902	6.593869
0.106563	-0.070008	0.605812
0.107168	0.387436	-5.310126
0.107773	0.887405	-11.422087
0.108379	1.330877	-17.494463
0.108984	1.813836	-23.471947
0.109590	2.271280	-29.375684
0.110195	2.748771	-35.220587
0.110801	3.101119	-41.005300
0.111406	3.567068	-46.679395
0.112012	4.051242	-52.091041
0.112617	4.454619	-57.555285
0.113223	4.924213	-62.830285
0.113828	5.292963	-67.654404
0.114434	5.611898	-72.559861
0.115039	6.035322	-77.349005
0.115645	6.403464	-81.619759
0.116250	6.719362	-85.795890
0.116855	7.108159	-89.724485
0.117461	7.363915	-93.394698
0.118066	7.637895	-96.824424
0.118672	7.996318	-99.917955
0.119277	8.167631	-102.849083
0.119883	8.455584	-105.403889
0.120488	8.558251	-107.599727
0.121094	8.796389	-109.564567
0.121699	8.833446	-111.439393
0.122305	8.984105	-112.576760
0.122910	9.059435	-113.429176
0.123516	9.112894	-114.278880
0.124121	9.184579	-114.638934
0.124727	9.271451	-114.595554
0.125332	9.222851	-114.262342
0.125938	9.179719	-113.641467
0.126543	9.193691	-112.663520
0.127148	9.101352	-111.387608
0.127754	9.005975	-109.792040
0.128359	8.819474	-107.908538
0.128965	8.693115	-105.754182
0.129570	8.551568	-103.032634
0.130176	8.349880	-100.348501
0.130781	8.248428	-97.255241
0.131387	7.985383	-93.717879
0.131992	7.709580	-90.085352
0.132598	7.441067	-86.215591
0.133203	7.128814	-82.087449
0.133809	6.862731	-77.625823
0.134414	6.489729	-73.104550
0.135020	6.214533	-68.221868
0.135625	5.796576	-63.212842
0.136230	5.503763	-57.967395
0.136836	5.150201	-52.629766
0.137441	4.751077	-47.219746
0.138047	4.361672	-41.438015
0.138652	3.941893	-35.654386
0.139258	3.482018	-30.010657
0.139863	3.065884	-23.851521
0.140469	2.586570	-17.751218
0.141074	2.205063	-11.812235
0.141680	1.792573	-5.735249
0.142285	1.335129	0.444493
0.142891	0.880723	6.543168
0.143496	0.499215	12.597380
0.144102	0.053314	18.654031
0.144707	-0.497685	24.586237
0.145313	-0.910782	30.591917
0.145918	-1.379161	36.277941
0.146523	-1.822025	42.031746
0.147129	-2.186522	47.828118
0.147734	-2.605694	53.076276
0.148340	-2.982949	58.373236
0.148945	-3.352306	63.618683
0.149551	-3.813395	68.552608
0.150156	-4.296354	73.282104
0.150762	-4.659029	77.814494
0.151367	-4.923290	82.219454
0.151973	-5.303582	86.318858
0.152578	-5.612797	90.186449
0.153184	-5.882525	93.767463
0.153789	-6.141926	97.137812
0.154395	-6.397681	100.170340
0.155000	-6.565957	102.871012
0.155605	-6.838723	105.566803
0.156211	-7.161910	107.694589
0.156816	-7.344159	109.465032
0.157422	-7.448648	111.097202
0.158027	-7.623000	112.416494
0.158633	-7.765761	113.372750
0.159238	-7.838053	113.958650
0.159844	-7.918242	114.290236
0.160449	-8.008759	114.278848
0.161055	-8.045209	113.934520
0.161660	-8.048854	113.215769
0.162266	-7.999039	112.287710
0.162871	-8.014834	111.045417
0.163477	-7.920065	109.226985
0.164082	-7.784593	107.515918
0.164687	-7.684357	105.389488
0.165293	-7.488743	102.720809
0.165898	-7.398834	99.940155
0.166504	-7.182565	96.959954
0.167109	-7.014897	93.528060
0.167715	-6.784048	89.937557
0.168320	-6.508853	86.122835
0.168926	-6.183235	82.056508
0.169531	-5.879487	77.714720
0.170137	-5.538682	73.094215
0.170742	-5.179045	68.296666
0.171348	-4.866792	63.488543
0.171953	-4.357104	58.269667
0.172559	-4.010224	52.952372
0.173164	-3.673671	47.729429
0.173770	-3.304921	42.041235
0.174375	-2.824393	36.296377
0.174980	-2.337181	30.510850
0.175586	-1.995769	24.618229
0.176191	-1.450238	18.689277
0.176797	-0.995831	12.651876
0.177402	-0.545069	6.601189
0.178008	-0.088840	0.550774
0.178613	0.316967	-5.552511
0.179219	0.806001	-11.721951
0.179824	1.319334	-17.608336
0.180430	1.732431	-23.654956
0.181035	2.261560	-29.734924
0.181641	2.717789	-35.368350
0.182246	3.178878	-41.082842
0.182852	3.596228	-46.774018
0.183457	3.991100	-52.284624
0.184062	4.410879	-57.600292
0.184668	4.808789	-62.838419
0.185273	5.270485	-67.824941
0.185879	5.555401	-72.733651
0.186484	5.960600	-77.284748
0.187090	6.325097	-81.703265
0.187695	6.736979	-86.032311
0.188301	7.044372	-89.829953
0.188906	7.352980	-93.316072
0.189512	7.558313	-97.033732
0.190117	7.817714	-100.113165
0.190723	8.129967	-102.850167
0.191328	8.364460	-105.371625
0.191934	8.556428	-107.645547
0.192539	8.754472	-109.620418
0.193145	8.981675	-111.192670
0.193750	9.061257	-112.549648
0.194355	9.147522	-113.525696
0.194961	9.210701	-114.301113
0.195566	9.261731	-114.579829
0.196172	9.287853	-114.595825
0.196777	9.315190	-114.358591
0.197383	9.347388	-113.497228
0.197988	9.251403	-112.623394
0.198594	9.241683	-111.430988
0.199199	9.122614	-109.722090
0.199805	9.028452	-107.785447
0.200410	8.865036	-105.624042
0.201016	8.707087	-103.024500
0.201621	8.538811	-100.211312
0.202227	8.391190	-97.061116
0.202832	8.181604	-93.697273
0.203437	7.919773	-90.008624
0.204043	7.711402	-86.027973
0.204648	7.390037	-81.961647
0.205254	7.166479	-77.678692
0.205859	6.793476	-72.838577
0.206465	6.404679	-68.032623
0.207070	6.045649	-63.129335
0.207676	5.695125	-57.884973
0.208281	5.365255	-52.420729
0.208887	4.983140	-46.924221
0.209492	4.592520	-41.300826
0.210098	4.121711	-35.536176
0.210703	3.656370	-29.701847
0.211309	3.246310	-23.746596
0.211914	2.732976	-17.793785
0.212520	2.286467	-11.669352
0.213125	1.872763	-5.567965
0.213730	1.375224	0.302695
0.214336	0.918995	6.656227
0.214941	0.477346	12.795030
0.215547	0.018079	18.727235
0.216152	-0.464880	24.676250
0.216758	-0.907744	30.651022
0.217363	-1.438088	36.438446
0.217969	-1.831745	42.188456
0.218574	-2.293441	47.783925
0.219180	-2.722941	53.247627
0.219785	-3.173702	58.495242
0.220391	-3.513900	63.562560
0.220996	-3.996251	68.550439
0.221602	-4.372291	73.454540
0.222207	-4.725853	77.788195
0.222812	-5.197270	82.139744
0.223418	-5.495550	86.458758
0.224023	-5.855795	90.258026
0.224629	-6.210573	93.818163
0.225234	-6.473011	97.118020
0.225840	-6.723299	100.227005
0.226445	-7.004569	102.946927
0.227051	-7.217193	105.442357
0.227656	-7.459583	107.596442
0.228262	-7.650944	109.503803
0.228867	-7.896373	110.978992
0.229473	-7.986282	112.238907
0.230078	-8.119931	113.340486
0.230684	-8.177643	113.790824
0.231289	-8.208625	114.039717
0.231895	-8.312507	114.252549
0.232500	-8.379939	113.881922
0.233105	-8.282132	113.194350
0.233711	-8.343489	112.145369
0.234316	-8.321012	110.886267
0.234922	-8.215915	109.319980
0.235527	-8.040349	107.387947
0.236133	-7.898195	105.154694
0.236738	-7.706834	102.713759
0.237344	-7.556175	99.910603
0.237949	-7.324112	96.676629
0.238555	-7.160695	93.492542
0.239160	-6.988167	89.820702
0.239766	-6.551377	85.872858
0.240371	-6.250060	81.913897
0.240977	-5.895890	77.679745
0.241582	-5.516205	73.026434
0.242187	-5.076986	68.343300
0.242793	-4.789640	63.354337
0.243398	-4.334626	58.242554
0.244004	-3.935502	52.929598
0.244609	-3.566752	47.453153
0.245215	-3.138468	41.876934
0.245820	-2.638499	36.271705
0.246426	-2.185307	30.290697
0.247031	-1.688376	24.541501
0.247637	-1.279531	18.625021
0.248242	-0.768020	12.493539
0.248848	-0.279594	6.439328
0.249453	0.242852	0.433106
0.250059	0.674174	-5.580166
0.250664	1.180825	-11.742556
0.251270	1.668037	-17.770739
0.251875	2.163753	-23.760965
0.252480	2.610870	-29.651417
0.253086	3.073781	-35.536176
0.253691	3.575573	-41.214880
0.254297	3.999605	-46.804926
0.254902	4.496536	-52.424253
0.255508	4.939400	-57.806618
0.256113	5.241325	-62.786092
0.256719	5.606430	-67.894349
0.257324	6.021350	-72.821225
0.257930	6.352435	-77.419768
0.258535	6.743662	-81.799785
0.259141	7.078392	-85.973206
0.259746	7.364522	-89.919695
0.260352	7.656728	-93.573369
0.260957	7.874211	-97.004179
0.261562	8.168239	-100.165221
0.262168	8.354740	-103.106922
0.262773	8.596523	-105.489022
0.263379	8.707087	-107.737458
0.263984	8.986535	-109.877987
0.264590	9.025415	-111.336366
0.265195	9.185794	-112.583267
0.265801	9.171214	-113.646347
0.266406	9.234393	-114.341239
0.267012	9.207056	-114.690719
0.267617	9.245936	-114.678789
0.268223	9.231963	-114.369436
0.268828	9.219814	-113.682135
0.269434	9.160886	-112.699851
0.270039	9.053360	-111.431259
0.270645	9.006583	-109.892356
0.271250	8.803679	-107.894710
0.271855	8.662133	-105.549212
0.272461	8.389367	-103.218625
0.273066	8.177959	-100.310272
0.273672	7.994495	-97.070063
0.274277	7.750889	-93.721674
0.274883	7.498779	-90.075049
0.275488	7.231481	-86.125849
0.276094	6.947173	-81.906066
0.276699	6.574171	-77.585154
0.277305	6.206636	-72.974139
0.277910	5.833026	-68.114774
0.278516	5.517736	-63.075381
0.279121	5.135014	-57.905850
0.279727	4.795424	-52.574185
0.280332	4.457049	-46.825260
0.280938	4.096196	-41.265580
0.281543	3.550058	-35.685294
0.282148	3.147288	-29.626474
0.282754	2.736621	-23.694811
0.283359	2.270672	-17.696993
0.283965	1.791966	-11.687789
0.284570	1.341204	-5.512114
0.285176	0.982782	0.594696
0.285781	0.518048	6.729160
0.286387	0.074576	12.796927
0.286992	-0.319081	18.892079
0.287598	-0.764983	24.800696
0.288203	-1.199950	30.594899
0.288809	-1.699311	36.610339
0.289414	-2.179232	42.323205
0.290020	-2.505457	47.793143
0.290625	-2.901544	53.347400
0.291230	-3.272724	58.718107
0.291836	-3.629324	63.817960
0.292441	-3.999289	68.805025
0.293047	-4.389908	73.570852
0.293652	-4.750153	78.120593
0.294258	-5.080023	82.383485
0.294863	-5.406248	86.482075
0.295469	-5.727614	90.381117
0.296074	-6.053231	94.063531
0.296680	-6.180805	97.170618
0.297285	-6.418336	100.346029
0.297891	-6.717224	103.266854
0.298496	-6.930455	105.612081
0.299102	-7.135181	107.782162
0.299707	-7.305887	109.670002
0.300312	-7.519725	111.200500
0.300918	-7.614495	112.450113
0.301523	-7.710479	113.366243
0.302129	-7.780341	114.027245
0.302734	-7.813146	114.342292
0.303340	-7.797958	114.266106
0.303945	-7.825903	113.909848
0.304551	-7.827726	113.342655
0.305156	-7.849595	112.194443
0.305762	-7.762724	110.846140
0.306367	-7.725666	109.493500
0.306973	-7.632719	107.464675
0.307578	-7.445003	105.178011
0.308184	-7.275512	102.714031
0.308789	-7.106628	99.940698
0.309395	-6.873958	96.854487
0.310000	-6.626707	93.457567
0.310605	-6.434131	89.813924
0.311211	-6.172300	86.000015
0.311816	-5.925657	81.849369
0.312422	-5.633452	77.386659
0.313027	-5.258627	73.028332
0.313633	-5.008946	68.116097
0.314238	-4.654776	62.986421
0.314844	-4.169388	58.141696
0.315449	-3.866855	52.845278
0.316055	-3.432496	47.348499
0.316660	-3.047343	41.707481
0.317266	-2.684669	36.031217
0.317871	-2.228439	30.173571
0.318477	-1.776463	24.282035
0.319082	-1.328131	18.310788
0.319688	-0.842742	12.311343
0.320293	-0.376793	6.246829
0.320898	0.116493	0.058954
0.321504	0.550245	-5.866745
0.322109	0.946332	-11.964065
0.322715	1.436581	-18.226771
0.323320	1.843603	-24.015551
0.323926	2.336889	-29.960770
0.324531	2.790689	-35.729217
0.325137	3.221403	-41.501187
0.325742	3.635107	-47.127293
0.326348	4.059139	-52.629223
0.326953	4.462516	-58.001556
0.327559	4.819724	-63.209859
0.328164	5.235250	-68.209667
0.328770	5.532316	-72.989864
0.329375	5.915645	-77.783617
0.329980	6.305658	-82.096667
0.330586	6.719970	-86.038004
0.331191	6.975725	-90.224710
0.331797	7.276435	-93.856152
0.332402	7.494526	-97.170379
0.333008	7.722945	-100.253336
0.333613	7.939213	-103.180126
0.334219	8.120854	-105.706193
0.334824	8.306140	-107.890915
0.335430	8.500539	-109.841385
0.336035	8.751435	-111.481688
0.336641	8.848634	-112.791491
0.337246	8.922141	-113.676442
0.337852	8.995648	-114.447249
0.338457	9.005975	-114.848242
0.339062	9.028452	-114.590403
0.339668	8.987750	-114.393837
0.340273	9.030882	-113.760761
0.340879	8.989573	-112.690633
0.341484	8.940366	-111.356971
0.342090	8.862606	-109.714499
0.342695	8.759939	-107.782194
0.343301	8.615963	-105.510441
0.343906	8.452547	-102.969191
0.344512	8.226558	-100.153291
0.345117	8.047347	-97.012584
0.345723	7.806779	-93.562524
0.346328	7.572893	-90.008624
0.346934	7.324428	-86.135880
0.347539	6.961145	-81.712754
0.348145	6.763102	-77.424106
0.348750	6.458139	-72.853217
0.349355	6.085137	-67.913328
0.349961	5.672040	-62.891017
0.350566	5.372544	-57.651264
0.351172	5.048749	-52.280828
0.351777	4.621680	-46.800588
0.352383	4.215266	-41.080944
0.352988	3.924275	-35.319276
0.353594	3.460149	-29.496334
0.354199	3.067099	-23.382475
0.354805	2.538578	-17.542181
0.355410	2.174688	-11.542737
0.356016	1.697197	-5.186493
0.356621	1.191153	0.893475
0.357227	0.758616	6.863095
0.357832	0.350987	12.986444
0.358438	-0.035988	19.053940
0.359043	-0.517732	25.049588
0.359648	-0.999476	30.931907
0.360254	-1.413788	36.789282
0.360859	-1.899177	42.474492
0.361465	-2.338396	48.080264
0.362070	-2.812850	53.487301
0.362676	-3.198002	58.893524
0.363281	-3.558247	63.939152
0.363887	-3.829190	68.781979
0.364492	-4.255044	73.760097
0.365098	-4.672394	78.336137
0.365703	-4.983432	82.551853
0.366309	-5.376481	86.610316
0.366914	-5.714856	90.521288
0.367520	-6.076923	94.007679
0.368125	-6.264640	97.358507
0.368730	-6.542873	100.394831
0.369336	-6.789516	103.175756
0.369941	-6.996672	105.642989
0.370547	-7.206865	107.709772
0.371152	-7.359347	109.604661
0.371758	-7.539165	111.308137
0.372363	-7.658842	112.352237
0.372969	-7.860530	113.282466
0.373574	-7.886045	114.090959
0.374180	-7.986282	114.338767
0.374785	-7.986889	114.254447
0.375391	-8.035489	113.845863
0.375996	-8.064041	113.202213
0.376602	-8.017264	112.169771
0.377207	-7.981422	110.912295
0.377812	-7.886653	109.233221
0.378418	-7.822258	107.351616
0.379023	-7.650337	105.033501
0.379629	-7.496641	102.487913
0.380234	-7.295559	99.907349
0.380840	-6.915875	96.723262
0.381445	-6.822320	93.141165
0.382051	-6.646754	89.723369
0.382656	-6.377026	85.818904
0.383262	-6.057484	81.733599
0.383867	-5.795653	77.326469
0.384473	-5.426903	72.790556
0.385078	-5.126801	67.930377
0.385684	-4.686974	63.040103
0.386289	-4.331589	57.881688
0.386895	-3.942792	52.648712
0.387500	-3.558855	47.098522
0.388105	-3.113560	41.395417
0.388711	-2.725371	35.906500
0.389316	-2.332929	30.061055
0.389922	-1.826277	23.988678
0.390527	-1.352431	18.160042
0.391133	-0.864004	12.182830
0.391738	-0.397448	6.088764
0.392344	0.100698	0.031028
0.392949	0.509543	-6.070901
0.393555	1.010119	-12.087698
0.394160	1.433544	-18.208877
0.394766	1.899493	-24.236518
0.395371	2.390349	-30.132121
0.395977	2.825316	-35.841191
0.396582	3.218365	-41.794002
0.397187	3.754784	-47.293763
0.397793	4.191573	-52.587470
0.398398	4.488638	-58.192428
0.399004	4.935148	-63.320749
0.399609	5.246185	-68.334656
0.400215	5.626478	-73.159859
0.400820	5.998265	-77.732104
0.401426	6.335425	-82.142487
0.402031	6.675015	-86.288252
0.402637	7.027970	-90.239351
0.403242	7.292838	-93.908208
0.403848	7.554668	-97.293469
0.404453	7.844444	-100.320846
0.405059	8.042487	-103.324364
0.405664	8.144546	-105.877002
0.406270	8.380255	-107.810933
0.406875	8.566756	-109.853585
0.407480	8.727135	-111.546487
0.408086	8.848026	-112.762752
0.408691	8.973170	-113.697047
0.409297	8.976815	-114.372418
0.409902	9.041817	-114.740063
0.410508	9.083127	-114.628631
0.411113	9.061257	-114.321447
0.411719	9.015088	-113.657463
0.412324	8.964058	-112.693615
0.412930	8.926393	-111.245810
0.413535	8.790314	-109.766554
0.414141	8.743537	-107.853500
0.414746	8.586803	-105.393858
0.415352	8.387545	-102.822241
0.415957	8.218661	-100.013120
0.416563	7.965335	-96.922300
0.417168	7.778227	-93.478476
0.417773	7.485414	-89.819650
0.418379	7.247883	-85.847404
0.418984	6.981800	-81.680220
0.419590	6.704175	-77.217780
0.420195	6.394352	-72.615712
0.420801	6.085137	-67.847174
0.421406	5.706059	-62.696078
0.422012	5.317870	-57.567486
0.422617	5.002580	-52.281099
0.423223	4.599203	-46.519432
0.423828	4.184891	-40.876787
0.424434	3.828898	-35.135183
0.425039	3.449214	-29.259642
0.425645	2.952282	-23.279177
0.426250	2.598720	-17.245842
0.426855	2.168613	-11.262394
0.427461	1.668644	-5.157483
0.428066	1.220313	1.006534
0.428672	0.810861	7.127171
0.429277	0.388651	13.090284
0.429883	0.032051	19.242100
0.430488	-0.490395	25.272182
0.431094	-0.938119	30.937600
0.431699	-1.322056	36.885531
0.432305	-1.742443	42.762969
0.432910	-2.223579	48.274389
0.433516	-2.594759	53.736193
0.434121	-3.013324	58.970253
0.434727	-3.379643	64.151172
0.435332	-3.776945	69.091874
0.435937	-4.198547	73.788023
0.436543	-4.509585	78.364605
0.437148	-4.858895	82.671419
0.437754	-5.234935	86.659119
0.438359	-5.581815	90.452151
0.438965	-5.973042	94.179843
0.439570	-6.188703	97.377215
0.440176	-6.425018	100.347655
0.440781	-6.674092	103.222931
0.441387	-6.850265	105.731105
0.441992	-7.093871	107.830151
0.442598	-7.239062	109.678949
0.443203	-7.458368	111.233035
0.443809	-7.559213	112.489155
0.444414	-7.762724	113.343198
0.445020	-7.842913	113.887073
0.445625	-7.985674	114.235469
0.446230	-8.003292	114.203205
0.446836	-8.005722	113.627878
0.447441	-7.946187	113.198417
0.448047	-8.038527	112.243245
0.448652	-7.993572	110.756669
0.449258	-7.946795	109.119348
0.449863	-7.879363	107.233406
0.450469	-7.809501	104.980903
0.451074	-7.680712	102.401695
0.451680	-7.485098	99.617246
0.452285	-7.252427	96.530493
0.452891	-7.081114	93.131947
0.453496	-6.798021	89.470681
0.454102	-6.603622	85.613392
0.454707	-6.353941	81.580414
0.455313	-6.078138	77.000036
0.455918	-5.765278	72.492861
0.456523	-5.374051	67.951525
0.457129	-5.009554	62.823475
0.457734	-4.683936	57.666957
0.458340	-4.256259	52.364303
0.458945	-3.765403	46.959977
0.459551	-3.425206	41.335769
0.460156	-2.933134	35.640527
0.460762	-2.504850	29.818398
0.461367	-2.096613	23.962921
0.461973	-1.664076	17.885664
0.462578	-1.128265	11.834164
0.463184	-0.695728	5.970553
0.463789	-0.169637	-0.277241
0.464395	0.319397	-6.406283
0.465000	0.812683	-12.228140
0.465605	1.257370	-18.294823
0.466211	1.780423	-24.315144
0.466816	2.250625	-30.275004
0.467422	2.653395	-36.054295
0.468027	3.159438	-41.767431
0.468633	3.665482	-47.397604
0.469238	4.060962	-52.901161
0.469844	4.525696	-58.175076
0.470449	4.946690	-63.412389
0.471055	5.380442	-68.539897
0.471660	5.702415	-73.149828
0.472266	6.003732	-77.858719
0.472871	6.411969	-82.379450
0.473477	6.803196	-86.357389
0.474082	7.128206	-90.194615
0.474687	7.479946	-93.850187
0.475293	7.752104	-97.251716
0.475898	8.035805	-100.357177
0.476504	8.253288	-103.215372
0.477109	8.413059	-105.730323
0.477715	8.676713	-107.929143
0.478320	8.873541	-109.849247
0.478926	9.030275	-111.366732
0.479531	9.171821	-112.869033
0.480137	9.315798	-113.692980
0.480742	9.295143	-114.242550
0.481348	9.448232	-114.742232
0.481953	9.439727	-114.629444
0.482559	9.443979	-114.165821
0.483164	9.423325	-113.557689
0.483770	9.375940	-112.572422
0.484375	9.281171	-111.235507
0.484980	9.172429	-109.533658
0.485586	9.063687	-107.572343
0.486191	8.908776	-105.394400
0.486797	8.745967	-102.800551
0.487402	8.516941	-99.828213
0.488008	8.317683	-96.884071
0.488613	8.043095	-93.507757
0.489219	7.736309	-89.621458
0.489824	7.487236	-85.711571
0.490430	7.229658	-81.639280
0.491035	6.910723	-77.115838
0.491641	6.616088	-72.441921
0.492246	6.188411	-67.619158
0.492852	5.831204	-62.600642
0.493457	5.449089	-57.347062
0.494063	5.034169	-52.011059
0.494668	4.691542	-46.479034
0.495273	4.207976	-40.866213
0.495879	3.779691	-35.019141
0.496484	3.366594	-29.152277
0.497090	2.968685	-23.333131
0.497695	2.521568	-17.149322
0.498301	2.020384	-11.079114
0.498906	1.528920	-5.063674
0.499512	1.025914	1.107935
0.500117	0.626182	7.172720
0.500723	0.174813	13.244283
0.501328	-0.295389	19.232340
0.501934	-0.765590	25.241545
0.502539	-1.209062	31.194084
0.503145	-1.699311	36.970122
0.503750	-2.107548	42.624153
0.504355	-2.509710	48.248090
0.504961	-3.007249	53.806143
0.505566	-3.456188	58.824388
0.506172	-3.779375	64.048687
0.506777	-4.209482	69.236113
0.507383	-4.554540	73.925754
0.507988	-4.912962	78.372197
0.508594	-5.225822	82.656507
0.509199	-5.603684	86.767026
0.509805	-5.949957	90.611844
0.510410	-6.284079	94.113417
0.511016	-6.514928	97.437404
0.511621	-6.774936	100.472915
0.512227	-7.007607	103.190396
0.512832	-7.184995	105.641905
0.513437	-7.419489	107.931823
0.514043	-7.718984	109.579989
0.514648	-7.763331	111.028065
0.515254	-7.902448	112.484817
0.515859	-8.075584	113.358109
0.516465	-8.101706	113.887073
0.517070	-8.142408	114.220557
0.517676	-8.200728	114.177448
0.518281	-8.167316	113.813599
0.518887	-8.113248	113.093492
0.519492	-8.175820	112.061050
0.520098	-8.057359	110.817944
0.520703	-7.965627	109.164626
0.521309	-7.842305	107.006746
0.521914	-7.747536	104.966262
0.522520	-7.558605	102.518821
0.523125	-7.381216	99.493884
0.523730	-7.129106	96.493620
0.524336	-6.904940	93.208946
0.524941	-6.689279	89.498335
0.525547	-6.438383	85.627490
0.526152	-6.160150	81.502872
0.526758	-5.870983	77.145629
0.527363	-5.502840	72.512653
0.527969	-5.160820	67.713748
0.528574	-4.702161	62.781179
0.529180	-4.323691	57.700034
0.529785	-3.934894	52.231723
0.530391	-3.448290	46.852612
0.530996	-3.124495	41.393248
0.531602	-2.617844	35.523401
0.532207	-2.202317	29.682836
0.532813	-1.712068	23.831968
0.533418	-1.241867	17.898407
0.534023	-0.804470	11.871308
0.534629	-0.281416	5.821977
0.535234	0.164485	-0.240097
0.535840	0.589125	-6.359107
0.536445	1.146806	-12.389188
0.537051	1.592707	-18.445297
0.537656	2.092676	-24.383738
0.538262	2.555588	-30.504104
0.538867	3.158831	-36.134548
0.539473	3.352014	-41.750622
0.540078	3.857451	-47.518254
0.540684	4.300315	-53.070343
0.541289	4.772339	-58.323110
0.541895	5.146556	-63.467699
0.542500	5.547503	-68.522816
0.543105	5.935693	-73.300573
0.543711	6.198131	-77.936261
0.544316	6.603938	-82.307331
0.544922	6.911331	-86.512472
0.545527	7.207788	-90.456250
0.546133	7.514574	-93.913359
0.546738	7.761217	-97.433098
0.547344	8.015150	-100.674392
0.547949	8.311608	-103.206425
0.548555	8.417919	-105.750658
0.549160	8.626290	-108.045998
0.549766	8.781202	-109.974507
0.550371	8.905738	-111.595018
0.550977	8.974385	-112.877980
0.551582	9.194906	-113.765370
0.552187	9.164531	-114.442369
0.552793	9.234393	-114.749553
0.553398	9.224674	-114.689363
0.554004	9.180934	-114.398989
0.554609	9.183971	-113.662885
0.555215	9.070370	-112.629630
0.555820	9.025415	-111.469217
0.556426	8.866251	-109.637228
0.557031	8.755079	-107.574512
0.557637	8.490211	-105.427748
0.558242	8.372357	-102.823597
0.558848	8.167024	-99.898976
0.559453	7.875426	-96.815748
0.560059	7.744814	-93.365417
0.560664	7.425272	-89.686799
0.561270	7.074139	-85.704792
0.561875	6.805019	-81.538964
0.562480	6.540151	-77.240284
0.563086	6.173224	-72.490453
0.563691	5.853073	-67.492814
0.564297	5.527456	-62.667339
0.564902	5.130761	-57.420265
0.565508	4.736497	-51.830490
0.566113	4.293632	-46.389834
0.566719	3.947360	-40.725771
0.567324	3.459541	-35.028088
0.567930	3.083501	-29.043285
0.568535	2.686199	-23.094812
0.569141	2.273102	-17.091030
0.569746	1.849070	-11.027058
0.570352	1.403776	-4.924858
0.570957	0.946940	1.108477
0.571562	0.482813	7.264631
0.572168	0.007144	13.465250
0.572773	-0.356138	19.316117
0.573379	-0.828162	25.381987
0.573984	-1.292896	31.423727
0.574590	-1.672581	37.185123
0.575195	-2.049228	42.900700
0.575801	-2.530972	48.493186
0.576406	-2.950144	53.949297
0.577012	-3.343194	59.205046
0.577617	-3.730168	64.305442
0.578223	-4.125040	69.232859
0.578828	-4.426358	74.051285
0.579434	-4.771416	78.457872
0.580039	-5.116473	82.645391
0.580645	-5.394706	87.069601
0.581250	-5.793223	90.779670
0.581855	-6.004024	94.194213
0.582461	-6.296837	97.605231
0.583066	-6.548340	100.658364
0.583672	-6.788908	103.398891
0.584277	-6.992419	105.813526
0.584883	-7.178920	107.962460
0.585488	-7.363599	109.852740
0.586094	-7.542203	111.339316
0.586699	-7.639402	112.532264
0.587305	-7.767584	113.486894
0.587910	-7.895765	114.038361
0.588516	-7.898195	114.167687
0.589121	-7.909737	114.324126
0.589727	-8.038527	113.942925
0.590332	-7.991749	113.075055
0.590938	-7.992964	112.120155
0.591543	-7.918242	110.785409
0.592148	-7.757256	109.162999
0.592754	-7.669169	107.202226
0.593359	-7.492996	104.996628
0.593965	-7.402479	102.405491
0.594570	-7.245745	99.593116
0.595176	-7.037981	96.393304
0.595781	-6.846013	93.031088
0.596387	-6.553200	89.495624
0.596992	-6.291369	85.372362
0.597598	-5.982154	81.367039
0.598203	-5.734904	77.185756
0.598809	-5.347321	72.394714
0.599414	-4.967637	67.624006
0.600020	-4.690619	62.667036
0.600625	-4.284204	57.520821
0.601230	-3.866247	52.149301
0.601836	-3.423991	46.695359
0.602441	-3.006034	41.119412
0.603047	-2.561347	35.428236
0.603652	-2.167082	29.468648
0.604258	-1.628841	23.552981
0.604863	-1.257054	17.756880
0.605469	-0.946016	11.527251
0.606074	-0.326371	5.408783
0.606680	0.185140	-0.428799
0.607285	0.612817	-6.513377
0.607891	1.100636	-12.569215
0.608496	1.647382	-18.652979
0.609102	2.048937	-24.650525
0.609707	2.523998	-30.500851
0.610313	2.911580	-36.355514
0.610918	3.355052	-42.097119
0.611523	3.819786	-47.734883
0.612129	4.235920	-53.236542
0.612734	4.610138	-58.653069
0.613340	5.034169	-63.669144
0.613945	5.433902	-68.691998
0.614551	5.741294	-73.719731
0.615156	6.137989	-78.103816
0.615762	6.399212	-82.467023
0.616367	6.803196	-86.661862
0.616973	7.043765	-90.544366
0.617578	7.279473	-94.169030
0.618184	7.606913	-97.553207
0.618789	7.880286	-100.676833
0.619395	8.126322	-103.475109
0.620000	8.334693	-105.896794
0.620605	8.441612	-108.124624
0.621211	8.673675	-110.231804
0.621816	8.716807	-111.689370
0.622422	8.729565	-112.870117
0.623027	8.954945	-114.005858
0.623633	8.989573	-114.551361
0.624238	8.998078	-114.758500
0.624844	9.110464	-114.692616
0.625449	9.047892	-114.317109
0.626055	9.009620	-113.621674
0.626660	8.945833	-112.583539
0.627266	8.828586	-111.279701
0.627871	8.745967	-109.605506
0.628477	8.566756	-107.694078
0.629082	8.434322	-105.320383
0.629687	8.173706	-102.860741
0.630293	8.000570	-99.977060
0.630898	7.806171	-96.649277
0.631504	7.610558	-93.394698
0.632109	7.304988	-89.637996
0.632715	7.074747	-85.567875
0.633320	6.757027	-81.411535
0.633926	6.388884	-77.054021
0.634531	6.125839	-72.352993
0.635137	5.761342	-67.486036
0.635742	5.492221	-62.390250
0.636348	5.113144	-57.198486
0.636953	4.688505	-51.741833
0.637559	4.327045	-46.185677
0.638164	3.942500	-40.631962
0.638770	3.499636	-34.904456
0.639375	3.073174	-28.746132
0.639980	2.641245	-22.900145
0.640586	2.289505	-16.922662
0.641191	1.873978	-10.842965
0.641797	1.466348	-4.684642
0.642402	1.050214	1.461210
0.643008	0.580012	7.517048
0.643613	0.245890	13.642565
0.644219	-0.258331	19.671291
0.644824	-0.705448	25.628982
0.645430	-1.131910	31.496659
0.646035	-1.529212	37.435914
0.646641	-2.002451	43.012675
0.647246	-2.331106	48.572084
0.647852	-2.741773	54.250245
0.648457	-3.182207	59.421946
0.649062	-3.543667	64.488993
0.649668	-3.936109	69.444336
0.650273	-4.309719	74.160819
0.650879	-4.691226	78.644135
0.651484	-4.990722	82.971012
0.652090	-5.299937	87.057130
0.652695	-5.604292	90.872395
0.653301	-5.838785	94.452323
0.653906	-6.089681	97.607671
0.654512	-6.397074	100.708251
0.655117	-6.606660	103.459352
0.655723	-6.705681	105.754421
0.656328	-7.069571	108.083652
0.656934	-7.248175	109.920521
0.657539	-7.405516	111.303799
0.658145	-7.536735	112.562901
0.658750	-7.644262	113.477675
0.659355	-7.727489	114.082012
0.659961	-7.760294	114.297827
0.660566	-7.856885	114.228419
0.661172	-7.913382	113.841525
0.661777	-7.898195	113.094034
0.662383	-7.866605	111.939857
0.662988	-7.844128	110.671536
0.663594	-7.749966	109.126940
0.664199	-7.559213	106.978820
0.664805	-7.510005	104.692426
0.665410	-7.417059	102.280502
0.666016	-7.168593	99.492257
0.666621	-7.028869	96.288107
0.667227	-6.883070	92.866244
0.667832	-6.618202	89.252425
0.668438	-6.355764	85.331151
0.669043	-6.052016	81.219547
0.669648	-5.804158	76.836547
0.670254	-5.419006	72.257796
0.670859	-5.123156	67.333361
0.671465	-4.727068	62.336806
0.672070	-4.327944	57.464698
0.672676	-4.000504	51.899053
0.673281	-3.693111	46.314701
0.673887	-3.260574	40.877569
0.674492	-2.854160	35.135422
0.675098	-2.354798	29.360469
0.675703	-1.898569	23.405489
0.676309	-1.428368	17.473284
0.676914	-0.950876	11.395485
0.677520	-0.504367	5.323108
0.678125	-0.038418	-0.720529
0.678730	0.394726	-6.769318
0.679336	0.813291	-12.884804
0.679941	1.300502	-19.008965
0.680547	1.836313	-24.733760
0.681152	2.272495	-30.853313
0.681758	2.707462	-36.687371
0.682363	3.135746	-42.257354
0.682969	3.529403	-47.934431
0.683574	3.937033	-53.447206
0.684180	4.344662	-58.760163
0.684785	4.752292	-63.896889
0.685391	5.184828	-68.887207
0.685996	5.566336	-73.710242
0.686602	5.924150	-78.341863
0.687207	6.261310	-82.642169
0.687813	6.568703	-86.842973
0.688418	6.873058	-90.845314
0.689023	7.078999	-94.258772
0.689629	7.360877	-97.658403
0.690234	7.695607	-100.846557
0.690840	7.928886	-103.580577
0.691445	8.204081	-106.048895
0.692051	8.427032	-108.203250
0.692656	8.539419	-110.080246
0.693262	8.636010	-111.732479
0.693867	8.843166	-112.906177
0.694473	8.922141	-113.863246
0.695078	8.984105	-114.523706
0.695684	9.039387	-114.717289
0.696289	9.027845	-114.722982
0.696895	9.094062	-114.439657
0.697500	9.044855	-113.488552
0.698105	8.967703	-112.490543
0.698711	8.927608	-111.292986
0.699316	8.786062	-109.572158
0.699922	8.661525	-107.561227
0.700527	8.467127	-105.318214
0.701133	8.335300	-102.643570
0.701738	8.219876	-99.770192
0.702344	7.994495	-96.614302
0.702949	7.795237	-93.165869
0.703555	7.501816	-89.531987
0.704160	7.312278	-85.416587
0.704766	6.948388	-81.317997
0.705371	6.791654	-76.954247
0.705977	6.396782	-72.090815
0.706582	5.986722	-67.188341
0.707187	5.666572	-62.235709
0.707793	5.323945	-56.986737
0.708398	5.048142	-51.499719
0.709004	4.590698	-46.017580
0.709609	4.219518	-40.348366
0.710215	3.788804	-34.553078
0.710820	3.386034	-28.663439
0.711426	2.929197	-22.693006
0.712031	2.508811	-16.789540
0.712637	2.087209	-10.645857
0.713242	1.585417	-4.484009
0.713848	1.253117	1.435182
0.714453	0.823011	7.677825
0.715059	0.397156	13.846722
0.715664	-0.065148	19.811191
0.716270	-0.529882	25.779185
0.716875	-1.049291	31.665570
0.717480	-1.477575	37.513184
0.718086	-1.934412	43.200835
0.718691	-2.325031	48.767022
0.719297	-2.691351	54.244823
0.719902	-3.096550	59.529040
0.720508	-3.458010	64.609372
0.721113	-3.845592	69.491241
0.721719	-4.327336	74.281470
0.722324	-4.749546	78.548699
0.722930	-5.025349	82.962336
0.723535	-5.457886	87.168291
0.724141	-5.713641	90.918215
0.724746	-5.994304	94.466422
0.725352	-6.266462	97.727508
0.725957	-6.511283	100.733737
0.726562	-6.798021	103.460165
0.727168	-6.997279	105.860973
0.727773	-7.256072	107.983879
0.728379	-7.468088	109.847318
0.728984	-7.643654	111.244694
0.729590	-7.734171	112.405378
0.730195	-7.920672	113.486623
0.730801	-8.048854	113.904968
0.731406	-8.000862	114.038632
0.732012	-8.070724	114.120241
0.732617	-8.169138	113.790282
0.733223	-8.187363	113.013510
0.733828	-8.121753	111.975645
0.734434	-8.162456	110.575287
0.735039	-8.028199	108.967518
0.735645	-7.965627	106.950081
0.736250	-7.768191	104.677786
0.736855	-7.686787	102.107254
0.737461	-7.471126	99.314129
0.738066	-7.326542	95.967909
0.738672	-6.970549	92.816358
0.739277	-6.822320	89.181933
0.739883	-6.620024	85.044030
0.740488	-6.308987	80.995598
0.741094	-5.971827	76.674686
0.741699	-5.590927	72.062315
0.742305	-5.241617	67.225724
0.742910	-4.840670	62.323792
0.743516	-4.525987	57.121725
0.744121	-4.111676	51.780572
0.744727	-3.750823	46.271050
0.745332	-3.309174	40.680732
0.745938	-2.882712	34.999588
0.746543	-2.340826	29.029426
0.747148	-1.889457	23.246881
0.747754	-1.476967	17.353176
0.748359	-0.913819	11.243113
0.748965	-0.480675	5.162602
0.749570	-0.004398	-0.853380
0.750176	0.477346	-6.936602
0.750781	0.864928	-13.052088
0.751387	1.426861	-19.028215
0.751992	1.852108	-25.047994
0.752598	2.314412	-30.933023
0.753203	2.845971	-36.748374
0.753809	3.293695	-42.444701
0.754414	3.652117	-48.024444
0.755020	4.170311	-53.687694
0.755625	4.639905	-58.812761
0.756230	4.887156	-63.889026
0.756836	5.299037	-69.018432
0.757441	5.678722	-73.827910
0.758047	6.107614	-78.331560
0.758652	6.424727	-82.696394
0.759258	6.760672	-86.842702
0.759863	7.131851	-90.726833
0.760469	7.328073	-94.338483
0.761074	7.563173	-97.712357
0.761680	7.843229	-100.840321
0.762285	8.066180	-103.629921
0.762891	8.266653	-105.935564
0.763496	8.440397	-108.369450
0.764102	8.648768	-110.278709
0.764707	8.835269	-111.542963
0.765312	8.950086	-112.898856
0.765918	8.982890	-113.819867
0.766523	9.129904	-114.469481
0.767129	9.086165	-114.778292
0.767734	9.100744	-114.658997
0.768340	9.150559	-114.255564
0.768945	9.097707	-113.553893
0.769551	9.069762	-112.481596
0.770156	8.993218	-111.189687
0.770762	8.928823	-109.515764
0.771367	8.754472	-107.414820
0.771973	8.622645	-105.265616
0.772578	8.459837	-102.719485
0.773184	8.163379	-99.589352
0.773789	7.979915	-96.446747
0.774395	7.713225	-93.104866
0.775000	7.554061	-89.376632
0.775605	7.246668	-85.325489
0.776211	6.967828	-81.174030
0.776816	6.654967	-76.767171
0.777422	6.329350	-72.084037
0.778027	5.998265	-67.164753
0.778633	5.607645	-62.142984
0.779238	5.317262	-56.969656
0.779844	4.917530	-51.400487
0.780449	4.618643	-45.881747
0.781055	4.193396	-40.382256
0.781660	3.777261	-34.415347
0.782266	3.359304	-28.512152
0.782871	2.861765	-22.602179
0.783477	2.372124	-16.600837
0.784082	2.006412	-10.472337
0.784687	1.557473	-4.397521
0.785293	1.126151	1.722574
0.785898	0.728241	7.833179
0.786504	0.307247	13.947309
0.787109	-0.221274	19.884937
0.787715	-0.621614	25.809551
0.788320	-1.148920	31.884367
0.788926	-1.692628	37.541652
0.789531	-1.919832	43.120311
0.790137	-2.444100	48.922377
0.790742	-2.860235	54.387163
0.791348	-3.229592	59.552899
0.791953	-3.543667	64.716195
0.792559	-3.999896	69.677232
0.793164	-4.381404	74.359825
0.793770	-4.741648	78.831753
0.794375	-5.090351	83.061567
0.794980	-5.497373	87.151752
0.795586	-5.851543	90.991147
0.796191	-6.099401	94.345229
0.796797	-6.366699	97.785528
0.797402	-6.550162	100.846525
0.798008	-6.863023	103.335990
0.798613	-7.079899	105.861787
0.799219	-7.311962	108.059251
0.799824	-7.510005	109.853282
0.800430	-7.766976	111.334978
0.801035	-7.860530	112.538500
0.801641	-7.944365	113.429686
0.802246	-8.048854	113.951330
0.802852	-8.129651	114.190462
0.803457	-8.127221	114.111022
0.804063	-8.208018	113.718434
0.804668	-8.208018	112.800406
0.805273	-8.193438	111.994895
0.805879	-8.248112	110.633037
0.806484	-8.117501	108.739232
0.807090	-7.993572	106.829159
0.807695	-7.872073	104.663416
0.808301	-7.675244	102.115116
0.808906	-7.517295	99.210017
0.809512	-7.328364	96.125704
0.810117	-7.110273	92.724989
0.810723	-6.864845	89.028205
0.811328	-6.596332	85.081716
0.811934	-6.355764	80.891486
0.812539	-6.041081	76.596060
0.813145	-5.646209	71.794986
0.813750	-5.291432	67.098838
0.814355	-4.946982	62.273092
0.814961	-4.507155	56.961220
0.815566	-4.101348	51.606239
0.816172	-3.685214	46.195135
0.816777	-3.290949	40.562793
0.817383	-2.900937	34.843963
0.817988	-2.346901	29.069281
0.818594	-1.893709	23.171509
0.819199	-1.396171	17.164744
0.819805	-0.914427	11.128969
0.820410	-0.428430	5.074216
0.821016	0.043594	-0.914384
0.821621	0.555105	-7.163262
0.822227	1.095169	-13.068084
0.822832	1.449946	-18.994324
0.823438	1.960850	-25.101134
0.824043	2.465071	-31.095427
0.824648	2.907328	-36.801785
0.825254	3.371454	-42.513837
0.825859	3.802169	-48.165158
0.826465	4.283305	-53.683356
0.827070	4.675747	-58.970013
0.827676	5.096741	-64.081796
0.828281	5.445444	-69.145860
0.828887	5.843961	-73.931751
0.829492	6.280143	-78.382803
0.830098	6.562021	-82.871812
0.830703	6.928340	-87.086985
0.831309	7.267323	-90.686435
0.831914	7.530369	-94.370747
0.832520	7.796452	-97.767124
0.833125	8.013327	-100.792061
0.833730	8.273943	-103.620974
0.834336	8.448294	-106.101222
0.834941	8.626898	-108.279978
0.835547	8.807324	-110.149653
0.836152	8.979853	-111.697232
0.836758	9.095884	-112.937898
0.837363	9.140232	-113.920996
0.837969	9.222244	-114.410918
0.838574	9.144484	-114.881861
0.839180	9.232571	-114.820045
0.839785	9.182149	-114.133558
0.840391	9.151774	-113.477436
0.840996	9.078875	-112.521993
0.841602	9.016303	-111.130311
0.842207	8.920926	-109.379117
0.842812	8.799427	-107.383912
0.843418	8.629935	-105.125173
0.844023	8.403947	-102.544339
0.844629	8.216838	-99.628936
0.845234	7.934961	-96.494465
0.845840	7.740562	-93.128183
0.846445	7.471441	-89.213144
0.847051	7.183489	-85.254726
0.847656	6.882778	-81.279497
0.848262	6.596040	-76.649503
0.848867	6.247338	-71.893979
0.849473	5.867653	-67.082873
0.850078	5.371937	-62.036974
0.850684	5.083984	-56.770922
0.851289	4.704907	-51.409705
0.851895	4.333120	-45.829420
0.852500	3.916378	-40.174032
0.853105	3.567675	-34.347295
0.853711	3.156401	-28.441117
0.854316	2.647320	-22.598654
0.854922	2.203240	-16.443585
0.855527	1.782246	-10.366599
0.856133	1.375831	-4.473978
0.856738	0.856423	1.881995
0.857344	0.441503	8.015375
0.857949	0.039341	14.028104
0.858555	-0.336698	20.051678
0.859160	-0.834237	26.053563
0.859766	-1.282569	31.970856
0.860371	-1.750340	37.689144
0.860977	-2.158577	43.379777
0.861582	-2.574104	49.032995
0.862187	-2.993276	54.505373
0.862793	-3.355344	59.562931
0.863398	-3.807320	64.753339
0.864004	-4.274484	69.749080
0.864609	-4.476173	74.335152
0.865215	-4.866185	78.816299
0.865820	-5.252552	83.165679
0.866426	-5.609152	87.241494
0.867031	-5.900750	91.086583
0.867637	-6.197208	94.549115
0.868242	-6.379456	97.911059
0.868848	-6.672877	100.845711
0.869453	-6.846013	103.571869
0.870059	-7.126676	105.980539
0.870664	-7.336869	108.149807
0.871270	-7.589587	109.777910
0.871875	-7.677067	111.317626
0.872480	-7.847165	112.760551
0.873086	-7.986282	113.408539
0.873691	-8.016049	113.952143
0.874297	-8.086519	114.276951
0.874902	-8.122968	114.162807
0.875508	-8.130866	113.718705
0.876113	-8.106566	112.988024
0.876719	-8.071331	111.957751
0.877324	-8.088341	110.568509
0.877930	-7.981422	108.792643
0.878535	-7.827726	106.887722
0.879141	-7.680712	104.692698
0.879746	-7.514258	101.984977
0.880352	-7.305279	99.003962
0.880957	-7.034944	96.189689
0.881563	-6.917697	92.685947
0.882168	-6.613950	88.929245
0.882773	-6.402541	84.994685
0.883379	-6.146785	80.873050
0.883984	-5.731259	76.507673
0.884590	-5.414753	71.811254
0.885195	-4.991937	67.061694
0.885801	-4.633514	62.116382
0.886406	-4.236820	56.906452
0.887012	-3.855312	51.481521
0.887617	-3.437963	46.130607
0.888223	-3.052203	40.462206
0.888828	-2.640321	34.564434
0.889434	-2.108155	29.016683
0.890039	-1.719358	23.055467
0.890645	-1.206024	17.001256
0.891250	-0.749188	11.043294
0.891855	-0.236462	4.976069
0.892461	0.196075	-1.136435
0.893066	0.695436	-7.163262
0.893672	1.064794	-13.260582
0.894277	1.569623	-19.325096
0.894883	2.002159	-25.338639
0.895488	2.486941	-31.285214
0.896094	2.949852	-36.964460
0.896699	3.405474	-42.733448
0.897305	3.977127	-48.458243
0.897910	4.322185	-53.795872
0.898516	4.633222	-59.051351
0.899121	5.027487	-64.354276
0.899727	5.450911	-69.323176
0.900332	5.716387	-74.109066
0.900937	6.119156	-78.658807
0.901543	6.432017	-83.050754
0.902148	6.832356	-87.134432
0.902754	7.089934	-90.991721
0.903359	7.356017	-94.575717
0.903965	7.619670	-97.973721
0.904570	7.827434	-101.020619
0.905176	8.065572	-103.714241
0.905781	8.164594	-106.396747
0.906387	8.355347	-108.362400
0.906992	8.579513	-110.182459
0.907598	8.740500	-111.813274
0.908203	8.750827	-113.050144
0.908809	8.871111	-113.920454
0.909414	8.907561	-114.500931
0.910020	8.922748	-114.848242
0.910625	8.899663	-114.737081
0.911230	8.872326	-114.296503
0.911836	8.842559	-113.593478
0.912441	8.791529	-112.634239
0.913047	8.718630	-111.192127
0.913652	8.605636	-109.281241
0.914258	8.575261	-107.532759
0.914863	8.363852	-105.205968
0.915469	8.138472	-102.460561
0.916074	7.936783	-99.560342
0.916680	7.743599	-96.444307
0.917285	7.457469	-93.023529
0.917891	7.307418	-89.183592
0.918496	7.040120	-85.205652
0.919102	6.735764	-81.047415
0.919707	6.444167	-76.556508
0.920312	6.116119	-71.834602
0.920918	5.811156	-67.032444
0.921523	5.432687	-61.987359
0.922129	5.051179	-56.571917
0.922734	4.691542	-51.273601
0.923340	4.295455	-45.734255
0.923945	3.987455	-39.968520
0.924551	3.534871	-34.208479
0.925156	3.208645	-28.230725
0.925762	2.703209	-22.265171
0.926367	2.304692	-16.211231
0.926973	1.917717	-10.202840
0.927578	1.482751	-4.073527
0.928184	0.993109	2.002646
0.928789	0.586695	8.199740
0.929395	0.189393	14.130589
0.930000	-0.201227	20.096414
0.930605	-0.571799	26.382437
0.931211	-1.058403	32.143833
0.931816	-1.534072	37.818470
0.932422	-1.934412	43.600473
0.933027	-2.402183	49.215733
0.933633	-2.800093	54.613552
0.934238	-3.177955	59.837851
0.934844	-3.560677	64.938517
0.935449	-3.950082	69.892234
0.936055	-4.259297	74.599228
0.936660	-4.640804	79.035910
0.937266	-5.003479	83.395322
0.937871	-5.343676	87.391969
0.938477	-5.675369	91.016904
0.939082	-5.993089	94.836236
0.939688	-6.259780	98.022491
0.940293	-6.515535	100.885567
0.940898	-6.721476	103.682216
0.941504	-6.946250	106.108781
0.942109	-7.140041	108.228162
0.942715	-7.326542	109.984236
0.943320	-7.550100	111.466745
0.943926	-7.629682	112.647492
0.944531	-7.792491	113.494485
0.945137	-7.969880	113.949974
0.945742	-8.000862	114.275595
0.946348	-8.047639	114.115903
0.946953	-7.951047	113.556573
0.947559	-8.016657	113.095390
0.948164	-8.084696	111.936061
0.948770	-8.003292	110.468193
0.949375	-7.958337	108.751161
0.949980	-7.912775	106.789846
0.950586	-7.809501	104.469562
0.951191	-7.623000	101.875713
0.951797	-7.407946	98.979832
0.952402	-7.193500	95.904466
0.953008	-6.988167	92.480434
0.953613	-6.654652	88.693909
0.954219	-6.450533	84.815472
0.954824	-6.135243	80.711188
0.955430	-5.917152	76.060589
0.956035	-5.521065	71.686808
0.956641	-5.217317	66.933452
0.957246	-4.820015	61.846342
0.957852	-4.424536	56.729950
0.958457	-3.970129	51.355448
0.959063	-3.572827	45.874123
0.959668	-3.180385	40.259405
0.960273	-2.795233	34.559011
0.960879	-2.300731	28.733900
0.961484	-1.869410	22.791392
0.962090	-1.421078	16.730131
0.962695	-0.975784	10.759969
0.963301	-0.460020	4.782215
0.963906	-0.065148	-1.592737
0.964512	0.492533	-7.504066
0.965117	0.966987	-13.333244
0.965723	1.414104	-19.546334
0.966328	1.868510	-25.534933
0.966934	2.340534	-31.418878
0.967539	2.810128	-37.187596
0.968145	3.216543	-43.005928
0.968750	3.721979	-48.534972
0.969355	4.170311	-54.026871
0.969961	4.560930	-59.293194
0.970566	4.927250	-64.554908
0.971172	5.385302	-69.531128
0.971777	5.636198	-74.195013
0.972383	5.989152	-78.946199
0.972988	6.489121	-83.229696
0.973594	6.801374	-87.229326
0.974199	7.078392	-91.077125
0.974805	7.387607	-94.669526
0.975410	7.626353	-98.007882
0.976016	7.880286	-101.028481
0.976621	8.104452	-103.805339
0.977227	8.283663	-106.315139
0.977832	8.444042	-108.441298
0.978437	8.649375	-110.326969
0.979043	8.762977	-111.897322
0.979648	8.891158	-113.169439
0.980254	8.958590	-113.916116
0.980859	8.968310	-114.616973
0.981465	9.100137	-114.996005
0.982070	9.079482	-114.734370
0.982676	9.081305	-114.243905
0.983281	9.013265	-113.582361
0.983887	8.961628	-112.549648
0.984492	8.842559	-111.103470
0.985098	8.765407	-109.388336
0.985703	8.591056	-107.418616
0.986309	8.467734	-105.092909
0.986914	8.335300	-102.375970
0.987520	8.115994	-99.512353
0.988125	7.894866	-96.490669
0.988730	7.620885	-92.873055
0.989336	7.348727	-89.103610
0.989941	7.173161	-85.196163
0.990547	6.876096	-80.975296
0.991152	6.569311	-76.415794
0.991758	6.270423	-71.732117
0.992363	5.908963	-66.855942
0.992969	5.595495	-61.775068
0.993574	5.166603	-56.539924
0.994180	4.839771	-51.094658
0.994785	4.395692	-45.506510
0.995391	4.082831	-39.842718
0.995996	3.631462	-34.007576
0.996602	3.222618	-28.302030
0.997207	2.811343	-22.140725
0.997812	2.275532	-15.998669
0.998418	1.917717	-10.123129
0.999023	1.428684	-4.003034
0.999629	0.981567	2.200295
1.000234	0.510758	8.219532
1.000840	0.109811	14.294348
1.001445	-0.342773	20.343408
1.002051	-0.821480	26.347462
1.002656	-1.167752	32.209175
1.003262	-1.634916	37.964878
1.003867	-2.053481	43.686961
1.004473	-2.510317	49.334486
1.005078	-2.838365	54.593489
1.005684	-3.168235	59.898583
1.006289	-3.779983	65.178192
1.006895	-4.122610	69.958117
1.007500	-4.444583	74.616851
1.008105	-4.844923	79.093930
1.008711	-5.154138	83.406709
1.009316	-5.452418	87.454056
1.009922	-5.822383	91.200455
1.010527	-6.092111	94.735648
1.011133	-6.373989	98.011917
1.011738	-6.658297	100.919999
1.012344	-6.845405	103.606030
1.012949	-7.101161	106.157855
1.013555	-7.257287	108.098293
1.014160	-7.496033	109.830508
1.014766	-7.654589	111.468100
1.015371	-7.793706	112.656168
1.015977	-7.913382	113.453003
1.016582	-8.030629	113.966242
1.017187	-8.094416	114.177448
1.017793	-8.084089	114.068185
1.018398	-8.133296	113.630861
1.019004	-8.095024	112.880117
1.019609	-8.070116	111.760101
1.020215	-8.040956	110.364894
1.020820	-7.921280	108.601229
1.021426	-7.909130	106.738875
1.022031	-7.796136	104.325324
1.022637	-7.530053	101.647969
1.023242	-7.411591	98.955702
1.023848	-7.169200	95.824213
1.024453	-6.943212	92.316133
1.025059	-6.646147	88.669236
1.025664	-6.418336	84.743353
1.026270	-6.143748	80.581862
1.026875	-5.818738	76.148433
1.027480	-5.484615	71.501358
1.028086	-5.156568	66.756136
1.028691	-4.773846	61.669298
1.029297	-4.364394	56.464248
1.029902	-3.907557	51.278720
1.030508	-3.548527	45.672135
1.031113	-3.120850	39.906401
1.031719	-2.665229	34.387931
1.032324	-2.258814	28.554416
1.032930	-1.766743	22.616788
1.033535	-1.367618	16.589418
1.034141	-0.921717	10.569910
1.034746	-0.412635	4.523291
1.035352	0.090978	-1.549899
1.035957	0.556928	-7.608178
1.036563	0.998577	-13.648019
1.037168	1.508873	-19.722565
1.037773	1.897670	-25.855402
1.038379	2.409789	-31.509163
1.038984	2.784614	-37.467396
1.039590	3.214113	-43.336429
1.040195	3.708614	-48.723674
1.040801	4.123534	-54.131525
1.041406	4.465554	-59.505213
1.042012	4.927250	-64.683963
1.042617	5.342170	-69.579117
1.043223	5.747369	-74.391036
1.043828	6.012237	-78.949995
1.044434	6.391314	-83.309949
1.045039	6.698100	-87.437007
1.045645	6.955678	-91.217568
1.046250	7.301950	-94.949055
1.046855	7.575323	-98.098438
1.047461	7.811031	-101.125544
1.048066	8.079544	-104.086495
1.048672	8.227773	-106.388071
1.049277	8.437967	-108.491185
1.049883	8.558858	-110.405053
1.050488	8.639655	-111.999536
1.051094	8.799427	-113.104640
1.051699	8.855316	-114.025379
1.052305	8.988358	-114.623480
1.052910	9.014480	-114.857731
1.053516	8.995648	-114.718373
1.054121	8.999293	-114.248786
1.054727	9.022377	-113.748019
1.055332	8.962235	-112.540701
1.055937	8.754472	-111.016439
1.056543	8.745967	-109.427378
1.057148	8.615356	-107.444644
1.057754	8.478062	-105.023773
1.058359	8.334085	-102.342893
1.058965	8.178566	-99.460297
1.059570	7.893043	-96.276210
1.060176	7.667663	-92.803918
1.060781	7.444712	-89.019832
1.061387	7.103299	-85.049755
1.061992	6.877918	-80.889349
1.062598	6.526178	-76.271827
1.063203	6.240048	-71.729948
1.063809	5.968498	-66.815816
1.064414	5.565121	-61.524278
1.065020	5.218848	-56.420629
1.065625	4.827621	-50.987564
1.066230	4.487423	-45.358476
1.066836	4.027549	-39.725321
1.067441	3.650902	-33.938710
1.068047	3.266965	-27.982917
1.068652	2.784006	-22.034986
1.069258	2.409789	-16.044218
1.069863	1.957812	-9.966961
1.070469	1.536210	-3.841173
1.071074	1.066009	2.352667
1.071680	0.627397	8.251524
1.072285	0.105558	14.325528
1.072891	-0.272304	20.654930
1.073496	-0.773488	26.449133
1.074102	-1.207239	32.314913
1.074707	-1.552904	38.168221
1.075312	-2.001236	43.859939
1.075918	-2.447745	49.388711
1.076523	-2.891825	54.790868
1.077129	-3.249032	60.055564
1.077734	-3.648764	65.122611
1.078340	-4.112890	70.005564
1.078945	-4.460985	74.648843
1.079551	-4.850390	79.266637
1.080156	-5.163858	83.309917
1.080762	-5.534430	87.352656
1.081367	-5.801121	91.373975
1.081973	-6.095148	94.758152
1.082578	-6.395859	98.032794
1.083184	-6.718439	100.987781
1.083789	-6.896435	103.707431
1.084395	-7.146723	106.052658
1.085000	-7.329579	108.196711
1.085605	-7.536128	109.918352
1.086211	-7.709871	111.446410
1.086816	-7.839268	112.517081
1.087422	-7.986282	113.357838
1.088027	-8.048854	113.937232
1.088633	-8.169138	113.917711
1.089238	-8.219560	113.900630
1.089844	-8.223205	113.651737
1.090449	-8.240215	112.805287
1.091055	-8.243252	111.653821
1.091660	-8.174605	110.280032
1.092266	-8.050069	108.594451
1.092871	-7.985067	106.582978
1.093477	-7.827726	104.239106
1.094082	-7.645477	101.652849
1.094688	-7.549493	98.788147
1.095293	-7.342337	95.533839
1.095898	-7.102983	92.097335
1.096504	-6.835685	88.557262
1.097109	-6.529508	84.510186
1.097715	-6.280434	80.263291
1.098320	-5.983369	76.045406
1.098926	-5.640134	71.343835
1.099531	-5.278067	66.516462
1.100137	-4.948804	61.511774
1.100742	-4.536315	56.366101
1.101348	-4.132938	50.987261
1.101953	-3.710728	45.503496
1.102559	-3.280622	39.907485
1.103164	-2.834112	34.174285
1.103770	-2.407043	28.338600
1.104375	-1.897962	22.267850
1.104980	-1.442340	16.566101
1.105586	-0.994009	10.385546
1.106191	-0.500722	4.121213
1.106797	-0.034773	-1.735078
1.107402	0.529590	-7.734793
1.108008	0.958482	-13.872782
1.108613	1.497331	-19.902321
1.109219	1.910428	-25.804431
1.109824	2.419509	-31.740703
1.110430	2.840503	-37.570152
1.111035	3.258460	-43.290609
1.111641	3.763289	-48.826702
1.112246	4.120496	-54.348424
1.112852	4.616213	-59.746243
1.113457	5.046319	-64.693995
1.114062	5.472781	-69.733387
1.114668	5.826951	-74.662432
1.115273	6.234581	-78.987410
1.115879	6.487906	-83.341400
1.116484	6.844506	-87.453004
1.117090	7.154329	-91.305955
1.117695	7.409477	-94.876123
1.118301	7.700467	-98.201194
1.118906	7.892436	-101.281169
1.119512	8.184641	-104.013291
1.120117	8.371750	-106.383191
1.120723	8.575868	-108.638134
1.121328	8.764799	-110.573150
1.121934	8.762977	-111.917928
1.122539	8.864429	-113.225290
1.123145	8.986535	-114.209473
1.123750	9.108034	-114.609381
1.124355	9.108642	-114.812996
1.124961	9.139017	-114.743859
1.125566	9.128689	-114.275898
1.126172	9.094669	-113.541150
1.126777	9.036350	-112.440656
1.127383	8.911813	-111.095336
1.127988	8.838914	-109.368544
1.128594	8.679143	-107.356528
1.129199	8.539419	-104.986357
1.129805	8.337730	-102.515870
1.130410	8.250858	-99.268341
1.131016	7.971410	-96.097810
1.131621	7.696215	-92.852449
1.132227	7.427702	-88.959643
1.132832	7.128206	-84.943475
1.133438	6.812916	-80.717727
1.134043	6.490336	-76.304362
1.134648	6.198738	-71.532027
1.135254	5.837886	-66.639856
1.135859	5.432079	-61.565489
1.136465	5.110714	-56.321126
1.137070	4.753507	-50.833837
1.137676	4.358634	-45.284459
1.138281	3.907265	-39.818317
1.138887	3.548235	-33.695240
1.139492	3.009994	-27.838950
1.140098	2.630917	-21.980490
1.140703	2.188053	-15.893202
1.141309	1.816266	-9.828417
1.141914	1.330269	-3.726759
1.142520	0.903807	2.384660
1.143125	0.527768	8.529969
1.143730	0.030836	14.548392
1.144336	-0.421140	20.550005
1.144941	-0.908352	26.494411
1.145547	-1.320841	32.429057
1.146152	-1.759453	38.311646
1.146758	-2.173765	43.766672
1.147363	-2.585647	49.509090
1.147969	-3.003604	55.008038
1.148574	-3.360204	60.136630
1.149180	-3.807320	65.232145
1.149785	-4.205230	70.169323
1.150391	-4.572765	74.838088
1.150996	-4.919645	79.270433
1.151602	-5.293254	83.574535
1.152207	-5.633452	87.582840
1.152813	-5.905610	91.353912
1.153418	-6.192955	94.772521
1.154023	-6.445673	98.101389
1.154629	-6.692924	101.126867
1.155234	-6.916482	103.619044
1.155840	-7.238455	106.047778
1.156445	-7.404909	108.311668
1.157051	-7.632112	109.967697
1.157656	-7.747536	111.407639
1.158262	-7.790061	112.598147
1.158867	-8.009367	113.453816
1.159473	-7.981422	113.947805
1.160078	-8.042779	114.126748
1.160684	-8.102921	113.997692
1.161289	-8.156988	113.548168
1.161895	-8.159418	112.737777
1.162500	-8.122361	111.573297
1.163105	-8.031844	110.352423
1.163711	-7.987497	108.441808
1.164316	-7.787023	106.363367
1.164922	-7.663094	104.286553
1.165527	-7.514865	101.667761
1.166133	-7.384254	98.745852
1.166738	-7.156443	95.529772
1.167344	-6.930455	92.094353
1.167949	-6.706896	88.357985
1.168555	-6.442636	84.435626
1.169160	-6.118841	80.278203
1.169766	-5.781073	75.878664
1.170371	-5.459101	71.219389
1.170977	-5.093388	66.298478
1.171582	-4.794500	61.416338
1.172187	-4.344346	56.235690
1.172793	-3.954942	50.686042
1.173398	-3.621427	45.336754
1.174004	-3.177347	39.828859
1.174609	-2.753316	33.958741
1.175215	-2.243019	28.159116
1.175820	-1.830530	22.290625
1.176426	-1.334206	16.284674
1.177031	-0.876154	10.201723
1.177637	-0.415065	4.138023
1.178242	0.030229	-1.895312
1.178848	0.455476	-7.947897
1.179453	0.959090	-14.178068
1.180059	1.474246	-20.116509
1.180664	1.910428	-26.031362
1.181270	2.397639	-32.076627
1.181875	2.854476	-37.795457
1.182480	3.299770	-43.412073
1.183086	3.717727	-49.023267
1.183691	4.111991	-54.515166
1.184297	4.602848	-59.825140
1.184902	4.930895	-64.963764
1.185508	5.336702	-69.879794
1.186113	5.758304	-74.664329
1.186719	6.088782	-79.167708
1.187324	6.446597	-83.468828
1.187930	6.760064	-87.747987
1.188535	7.056522	-91.481101
1.189141	7.247276	-94.946073
1.189746	7.510929	-98.421890
1.190352	7.831686	-101.475837
1.190957	8.071647	-104.139635
1.191563	8.280018	-106.553457
1.192168	8.462267	-108.717574
1.192773	8.625683	-110.547393
1.193379	8.795174	-112.038849
1.193984	8.868074	-113.255927
1.194590	8.959198	-114.159586
1.195195	9.039995	-114.706173
1.195801	9.084950	-114.842819
1.196406	9.077660	-114.827094
1.197012	9.052145	-114.485206
1.197617	9.116539	-113.413993
1.198223	9.004760	-112.411917
1.198828	8.955553	-111.094794
1.199434	8.806109	-109.333297
1.200039	8.653628	-107.267599
1.200645	8.477454	-104.977953
1.201250	8.341983	-102.312798
1.201855	8.067395	-99.387364
1.202461	7.863884	-96.156644
1.203066	7.716262	-92.647208
1.203672	7.450787	-88.961812
1.204277	7.150076	-84.852919
1.204883	6.848151	-80.669467
1.205488	6.548048	-76.302193
1.206094	6.172009	-71.418426
1.206699	5.829989	-66.483959
1.207305	5.449089	-61.514246
1.207910	5.189081	-56.148420
1.208516	4.791779	-50.740570
1.209121	4.394477	-45.171671
1.209727	3.956472	-39.482123
1.210332	3.534263	-33.678973
1.210937	3.118129	-27.769271
1.211543	2.650965	-21.808868
1.212148	2.270065	-15.856329
1.212754	1.838743	-9.668453
1.213359	1.333307	-3.552697
1.213965	0.865535	2.332604
1.214570	0.553890	8.626761
1.215176	0.075791	14.807858
1.215781	-0.460627	20.762025
1.216387	-0.822087	26.686910
1.216992	-1.314766	32.577091
1.217598	-1.835997	38.363431
1.218203	-2.189560	44.019631
1.218809	-2.591722	49.560062
1.219414	-2.981126	55.008038
1.220020	-3.403336	60.283309
1.220625	-3.793955	65.249768
1.221230	-4.136583	70.208365
1.221836	-4.553932	75.041161
1.222441	-4.997404	79.177979
1.223047	-5.280497	83.600563
1.223652	-5.602469	87.741448
1.224258	-5.940844	91.478087
1.224863	-6.222722	94.953361
1.225469	-6.390391	98.201976
1.226074	-6.719046	101.125783
1.226680	-7.019149	103.786870
1.227285	-7.191070	106.178189
1.227891	-7.392759	108.223824
1.228496	-7.564073	110.027344
1.229102	-7.728704	111.352330
1.229707	-7.861138	112.535246
1.230312	-7.994179	113.469813
1.230918	-8.065864	113.651195
1.231523	-8.064041	114.045681
1.232129	-8.098061	114.102889
1.232734	-8.147268	113.476862
1.233340	-8.188578	112.718527
1.233945	-8.116893	111.610712
1.234551	-8.082266	110.208456
1.235156	-8.006329	108.454280
1.235762	-7.831371	106.457990
1.236367	-7.698329	104.157227
1.236973	-7.532483	101.576121
1.237578	-7.360562	98.561487
1.238184	-7.124853	95.416442
1.238789	-7.044056	92.020878
1.239395	-6.731196	88.147322
