LabVIEW Measurement	
Writer_Version	2
Reader_Version	2
Separator	Tab
Decimal_Separator	.
Multi_Headings	No
X_Columns	One
Time_Pref	Absolute
Operator	AlunosGDS-JT
Date	2019/10/09
Time	15:19:08.4651639249999940857
***End_of_Header***	
	
Channels	2		
Samples	2048	2048	
Date	2019/10/09	2019/10/09	
Time	15:24:46.5946365812499916797	15:24:46.5946365812499916797	
Y_Unit_Label	g	Newtons	
X_Dimension	Time	Time	
X0	0.0000000000000000E+0	0.0000000000000000E+0	
Delta_X	0.000605	0.000605	
***End_of_Header***			
X_Value	Acceleration (Trigger)	Force (Trigger)	Comment
0.000000	9.959136	6.858215
0.000605	10.434805	14.963484
0.001211	10.934773	23.008563
0.001816	11.274363	30.883647
0.002422	11.564746	38.623439
0.003027	11.765220	46.160160
0.003633	12.020368	53.450699
0.004238	12.124250	60.505902
0.004844	12.208691	67.263139
0.005449	12.301638	73.723766
0.006055	12.334443	79.907033
0.006660	12.351453	85.479998
0.007266	12.369678	90.954274
0.007871	12.130932	96.041113
0.008477	11.931674	100.401609
0.009082	11.640683	104.317190
0.009687	11.363058	107.927756
0.010293	11.055665	111.004206
0.010898	10.606118	113.477404
0.011504	10.243443	115.520870
0.012109	9.726465	116.994703
0.012715	9.232571	118.045853
0.013320	8.652413	118.333516
0.013926	7.989635	118.103874
0.014531	7.239986	117.525836
0.015137	6.506131	116.219558
0.015742	5.715172	114.283186
0.016348	4.933325	112.125035
0.016953	4.119889	109.321607
0.017559	3.361734	106.029071
0.018164	2.509418	102.131926
0.018770	1.693552	97.899672
0.019375	0.751934	93.127066
0.019980	-0.130150	87.924728
0.020586	-1.060226	82.305672
0.021191	-1.960534	76.292943
0.021797	-2.824393	69.942663
0.022402	-3.654839	63.174310
0.023008	-4.383833	56.221863
0.023613	-5.197270	49.158797
0.024219	-5.923835	41.517965
0.024824	-6.671662	33.770581
0.025430	-7.375749	26.008014
0.026035	-8.105959	18.015262
0.026641	-8.749296	9.926532
0.027246	-9.239545	1.748873
0.027852	-9.720074	-6.275058
0.028457	-10.157471	-14.418013
0.029062	-10.444209	-22.447096
0.029668	-10.755854	-30.443372
0.030273	-11.043807	-38.191299
0.030879	-11.356059	-45.810983
0.031484	-11.559570	-53.460220
0.032090	-11.633077	-60.525997
0.032695	-11.736352	-67.296248
0.033301	-11.713267	-73.947476
0.033906	-11.575365	-80.107426
0.034512	-11.433211	-85.979984
0.035117	-11.189606	-91.408711
0.035723	-11.057779	-96.434547
0.036328	-10.718797	-100.935214
0.036934	-10.497061	-105.062272
0.037539	-10.125881	-108.640303
0.038145	-9.690914	-111.682592
0.038750	-9.268097	-114.277796
0.039355	-8.697659	-116.143675
0.039961	-8.164886	-117.563554
0.040566	-7.526408	-118.577018
0.041172	-6.937745	-118.714749
0.041777	-6.313847	-118.403227
0.042383	-5.720931	-117.697219
0.042988	-5.056939	-116.322075
0.043594	-4.403273	-114.433964
0.044199	-3.641474	-111.959681
0.044805	-2.757568	-108.956163
0.045410	-2.036471	-105.430731
0.046016	-1.245512	-101.409411
0.046621	-0.367073	-96.911455
0.047227	0.359491	-92.112821
0.047832	1.124936	-86.687077
0.048438	1.878838	-80.750533
0.049043	2.671012	-74.829715
0.049648	3.439494	-68.328691
0.050254	4.218303	-61.279181
0.050859	4.955195	-54.166771
0.051465	5.746762	-46.796250
0.052070	6.479401	-39.194731
0.052676	7.079607	-31.346759
0.053281	7.675560	-23.448901
0.053887	8.170061	-15.538300
0.054492	8.762977	-7.484545
0.055098	9.293320	0.669255
0.055703	9.765345	8.853963
0.056309	10.255593	16.730403
0.056914	10.668690	24.873086
0.057520	11.018608	32.745730
0.058125	11.352123	40.365957
0.058730	11.575681	47.863093
0.059336	11.770687	55.141432
0.059941	11.924991	62.144037
0.060547	12.052565	68.851929
0.061152	12.068360	75.242064
0.061758	12.152802	81.293293
0.062363	12.133970	86.950036
0.062969	12.101165	92.231813
0.063574	11.930459	97.074369
0.064180	11.777977	101.485565
0.064785	11.472407	105.274260
0.065391	11.220296	108.541311
0.065996	10.842434	111.780707
0.066602	10.403822	114.093670
0.067207	10.038110	115.946264
0.067812	9.561834	117.366957
0.068418	9.105604	118.216933
0.069023	8.524839	118.481279
0.069629	7.899118	118.106043
0.070234	7.178021	117.289416
0.070840	6.438699	115.947078
0.071445	5.642880	114.018569
0.072051	4.927858	111.506600
0.072656	4.118066	108.601500
0.073262	3.304022	105.266126
0.073867	2.581710	101.162385
0.074473	1.728786	96.746037
0.075078	0.880115	92.080254
0.075684	-0.104635	86.765400
0.076289	-0.930829	81.048738
0.076895	-1.821417	74.909394
0.077500	-2.694996	68.489165
0.078105	-3.516330	61.727047
0.078711	-4.354066	54.666421
0.079316	-4.979179	47.420618
0.079922	-5.753128	39.884982
0.080527	-6.493058	32.082559
0.081133	-7.183780	24.109328
0.081738	-7.927355	16.241294
0.082344	-8.491718	8.054146
0.082949	-9.097391	-0.195361
0.083555	-9.520816	-8.206821
0.084160	-9.991625	-16.304227
0.084766	-10.288690	-24.298063
0.085371	-10.509818	-32.186161
0.085977	-10.829361	-39.926225
0.086582	-11.074182	-47.589831
0.087188	-11.215121	-54.968757
0.087793	-11.362742	-62.126174
0.088398	-11.489101	-68.939263
0.089004	-11.478166	-75.329669
0.089609	-11.361527	-81.666121
0.090215	-11.170773	-87.374106
0.090820	-10.979412	-92.476128
0.091426	-10.783191	-97.513351
0.092031	-10.506173	-102.039776
0.092637	-10.296587	-105.987078
0.093242	-9.926623	-109.386709
0.093848	-9.505021	-112.353083
0.094453	-9.093746	-114.774225
0.095059	-8.617470	-116.611907
0.095664	-7.963805	-117.881312
0.096270	-7.383039	-118.606299
0.096875	-6.816246	-118.862241
0.097480	-6.148000	-118.334361
0.098086	-5.593357	-117.441548
0.098691	-4.897775	-116.146657
0.099297	-4.277522	-113.939704
0.099902	-3.592267	-111.238490
0.100508	-2.827430	-108.197014
0.101113	-1.968431	-104.526259
0.101719	-1.143452	-100.387814
0.102324	-0.419318	-95.823161
0.102930	0.318182	-90.799765
0.103535	1.091524	-85.302986
0.104141	1.788928	-79.465945
0.104746	2.520961	-73.280510
0.105352	3.269395	-66.735292
0.105957	4.051242	-59.847644
0.106563	4.758974	-52.463295
0.107168	5.486754	-45.062679
0.107773	6.253413	-37.595909
0.108379	6.931378	-29.611291
0.108984	7.481161	-21.609592
0.109590	8.050385	-13.665642
0.110195	8.493249	-5.633306
0.110801	9.010228	2.555197
0.111406	9.496831	10.674022
0.112012	9.972500	18.728862
0.112617	10.471254	26.679318
0.113223	10.813882	34.525120
0.113828	11.101227	42.264371
0.114434	11.347870	49.570635
0.115039	11.558064	56.727239
0.115645	11.613346	63.864593
0.116250	11.720265	70.444515
0.116855	11.847232	76.655707
0.117461	11.934711	82.649729
0.118066	11.890364	88.294813
0.118672	11.880036	93.460550
0.119277	11.739097	98.162392
0.119883	11.505819	102.409015
0.120488	11.217866	106.147281
0.121094	10.939026	109.472895
0.121699	10.607333	112.248397
0.122305	10.260453	114.574374
0.122910	9.828524	116.346444
0.123516	9.452484	117.415760
0.124121	8.928823	118.254890
0.124727	8.420957	118.512458
0.125332	7.801312	117.985121
0.125938	7.106337	117.029678
0.126543	6.370660	115.511381
0.127148	5.627085	113.482013
0.127754	4.909025	110.937509
0.128359	4.114421	107.861873
0.128965	3.260890	104.283300
0.129570	2.558625	100.305631
0.130176	1.755516	95.771886
0.130781	0.904415	90.723005
0.131387	0.019294	85.490301
0.131992	-0.936296	79.584124
0.132598	-1.711461	73.258517
0.133203	-2.544945	66.920438
0.133809	-3.358381	60.109518
0.134414	-4.157238	53.019882
0.135020	-4.826698	45.676202
0.135625	-5.586067	38.098000
0.136230	-6.315669	30.321063
0.136836	-7.070786	22.347019
0.137441	-7.711694	14.276725
0.138047	-8.304610	6.108827
0.138652	-8.885375	-1.976107
0.139258	-9.344642	-10.179794
0.139863	-9.717644	-18.284792
0.140469	-10.122844	-26.075556
0.141074	-10.455751	-34.166455
0.141680	-10.662907	-41.943662
0.142285	-10.924738	-49.365155
0.142891	-11.139791	-56.731338
0.143496	-11.226663	-63.808231
0.144102	-11.227270	-70.531849
0.144707	-11.279515	-76.952621
0.145313	-11.198718	-83.037198
0.145918	-11.059602	-88.692314
0.146523	-10.893755	-93.959179
0.147129	-10.639822	-98.657226
0.147734	-10.405937	-102.964310
0.148340	-10.066954	-107.059647
0.148945	-9.827601	-110.214994
0.149551	-9.405391	-112.857917
0.150156	-8.991687	-115.305900
0.150762	-8.428539	-117.063872
0.151367	-7.865390	-118.145930
0.151973	-7.432853	-118.769788
0.152578	-6.742739	-118.788224
0.153184	-6.141926	-118.297760
0.153789	-5.530785	-117.216244
0.154395	-4.939692	-115.617693
0.155000	-4.250184	-113.448426
0.155605	-3.571612	-110.820958
0.156211	-2.764250	-107.442746
0.156816	-1.993339	-103.697974
0.157422	-1.266167	-99.682348
0.158027	-0.435720	-94.850366
0.158633	0.266545	-89.577807
0.159238	1.003437	-84.055542
0.159844	1.809583	-78.109780
0.160449	2.595682	-71.820504
0.161055	3.333790	-65.111256
0.161660	4.034839	-58.145795
0.162266	4.843416	-50.848477
0.162871	5.566336	-43.381707
0.163477	6.222431	-35.619682
0.164082	6.854226	-27.822140
0.164687	7.441067	-19.935669
0.165293	8.007860	-11.648205
0.165898	8.580121	-3.679041
0.166504	9.037565	4.403725
0.167109	9.569123	12.590331
0.167715	10.013203	20.612906
0.168320	10.430552	28.534623
0.168926	10.784722	36.330539
0.169531	11.079965	43.968118
0.170137	11.313243	51.316406
0.170742	11.429275	58.435595
0.171348	11.642506	65.302638
0.171953	11.722088	71.874155
0.172559	11.872746	78.182410
0.173164	11.859989	83.854335
0.173770	11.874569	89.418082
0.174375	11.762790	94.706909
0.174980	11.688068	99.192665
0.175586	11.453575	103.284477
0.176191	11.177772	106.988851
0.176797	10.900146	110.183512
0.177402	10.519246	112.822638
0.178008	10.174189	114.963438
0.178613	9.788429	116.613773
0.179219	9.343135	117.758732
0.179824	8.833446	118.353308
0.180430	8.261793	118.184669
0.181035	7.662195	117.747074
0.181641	6.907078	116.740659
0.182246	6.157429	114.808355
0.182852	5.424789	112.830230
0.183457	4.689112	110.254547
0.184062	3.920630	107.067749
0.184668	3.168551	103.329754
0.185273	2.380022	99.227640
0.185879	1.494901	94.613371
0.186484	0.734924	89.533310
0.187090	-0.275949	83.995049
0.187695	-1.113685	78.113002
0.188301	-1.955066	71.888795
0.188906	-2.820140	65.258444
0.189512	-3.550350	58.251773
0.190117	-4.316401	51.289565
0.190723	-5.088528	43.822524
0.191328	-5.858833	35.988922
0.191934	-6.615165	28.305252
0.192539	-7.276727	20.405225
0.193145	-7.926140	12.289111
0.193750	-8.537888	4.151850
0.194355	-9.094961	-4.031503
0.194961	-9.550583	-12.109659
0.195566	-9.881060	-20.174259
0.196172	-10.237053	-28.195207
0.196777	-10.565708	-36.031520
0.197383	-10.795341	-43.630328
0.197988	-11.013432	-51.300171
0.198594	-11.168343	-58.567936
0.199199	-11.329330	-65.325715
0.199805	-11.343302	-72.083495
0.200410	-11.279515	-78.442179
0.201016	-11.250963	-84.413968
0.201621	-10.970907	-89.923490
0.202227	-10.820856	-95.028495
0.202832	-10.566923	-99.724643
0.203437	-10.291120	-103.986992
0.204043	-10.031719	-107.755081
0.204648	-9.768066	-110.946488
0.205254	-9.368942	-113.767268
0.205859	-8.803363	-115.813174
0.206465	-8.276665	-117.345028
0.207070	-7.703796	-118.553430
0.207676	-7.129713	-118.929209
0.208281	-6.570210	-118.734541
0.208887	-5.901357	-118.097128
0.209492	-5.361901	-116.921260
0.210098	-4.673001	-115.158137
0.210703	-4.004149	-112.856561
0.211309	-3.227162	-110.021954
0.211914	-2.540085	-106.640488
0.212520	-1.691413	-102.741175
0.213125	-0.868257	-98.344890
0.213730	-0.124682	-93.628950
0.214336	0.653519	-88.456164
0.214941	1.354569	-82.584962
0.215547	2.113939	-76.603683
0.216152	2.803446	-70.384357
0.216758	3.591368	-63.450889
0.217363	4.366532	-56.342816
0.217969	5.139266	-49.044957
0.218574	5.853681	-41.521793
0.219180	6.499449	-33.731029
0.219785	7.113019	-25.816632
0.220391	7.729627	-17.847468
0.220996	8.249036	-9.875592
0.221602	8.746575	-1.753514
0.222207	9.249581	6.466982
0.222812	9.654780	14.438316
0.223418	10.155357	22.374945
0.224023	10.565416	30.534980
0.224629	10.882529	38.225157
0.225234	11.208146	45.745610
0.225840	11.389180	53.089832
0.226445	11.517969	60.113314
0.227051	11.653441	66.940230
0.227656	11.729378	73.421463
0.228262	11.823539	79.536948
0.228867	11.796202	85.258489
0.229473	11.793165	90.674202
0.230078	11.731200	95.626564
0.230684	11.556241	100.118555
0.231289	11.353945	104.241004
0.231895	11.124312	107.594544
0.232500	10.754955	110.714374
0.233105	10.406252	113.439447
0.233711	10.029605	115.397508
0.234316	9.592816	116.885169
0.234922	9.140232	117.889414
0.235527	8.617178	118.359002
0.236133	8.046740	118.203105
0.236738	7.403402	117.494657
0.237344	6.633098	116.274867
0.237949	5.959993	114.562174
0.238555	5.164173	112.212066
0.239160	4.429104	109.277685
0.239766	3.576788	106.142129
0.240371	2.835036	102.366178
0.240977	2.061694	97.887200
0.241582	1.214845	93.169904
0.242187	0.276872	88.148406
0.242793	-0.596706	82.562969
0.243398	-1.459958	76.522043
0.244004	-2.272787	70.160919
0.244609	-3.154870	63.530839
0.245215	-4.009616	56.561853
0.245820	-4.751368	49.298969
0.246426	-5.429941	41.838434
0.247031	-6.250060	34.251285
0.247637	-6.958399	26.295948
0.248242	-7.554960	18.206405
0.248848	-8.189185	10.354366
0.249453	-8.853785	2.197584
0.250059	-9.303940	-5.998511
0.250664	-9.774749	-14.111100
0.251270	-10.082749	-22.143165
0.251875	-10.454536	-30.074643
0.252480	-10.724264	-37.899569
0.253086	-11.004320	-45.579714
0.253691	-11.174418	-53.002833
0.254297	-11.339657	-60.192785
0.254902	-11.404659	-67.111342
0.255508	-11.380359	-73.663880
0.256113	-11.353630	-79.887002
0.256719	-11.234560	-85.922234
0.257324	-11.020722	-91.403831
0.257930	-10.839688	-96.210598
0.258535	-10.595475	-100.796670
0.259141	-10.312382	-104.996931
0.259746	-9.996485	-108.534293
0.260352	-9.607687	-111.642465
0.260957	-9.144776	-114.182631
0.261562	-8.672752	-116.204136
0.262168	-8.079836	-117.621846
0.262773	-7.519118	-118.485378
0.263379	-6.957792	-118.844347
0.263984	-6.355156	-118.745929
0.264590	-5.680229	-117.871010
0.265195	-5.113436	-116.429711
0.265801	-4.400236	-114.780732
0.266406	-3.633577	-112.259545
0.267012	-2.869347	-109.118024
0.267617	-2.186522	-105.701584
0.268223	-1.348786	-101.717138
0.268828	-0.515302	-97.178241
0.269434	0.230702	-92.352766
0.270039	1.010727	-86.972842
0.270645	1.703272	-81.264314
0.271250	2.500913	-75.104365
0.271855	3.271825	-68.522816
0.272461	4.022082	-61.755276
0.273066	4.800891	-54.718780
0.273672	5.492221	-47.135427
0.274277	6.211496	-39.586506
0.274883	6.862731	-31.982004
0.275488	7.455647	-23.998742
0.276094	8.054030	-15.918688
0.276699	8.614141	-7.855986
0.277305	9.070370	0.238980
0.277910	9.567908	8.421519
0.278516	10.028390	16.459278
0.279121	10.447562	24.423833
0.279727	10.819957	32.221917
0.280332	11.092115	39.985840
0.280938	11.318103	47.532863
0.281543	11.498529	54.609214
0.282148	11.675918	61.620224
0.282754	11.689890	68.597343
0.283359	11.806529	74.964703
0.283965	11.931674	80.927275
0.284570	11.859989	86.614112
0.285176	11.810782	91.959875
0.285781	11.680778	96.770438
0.286387	11.513109	101.150998
0.286992	11.224549	105.004762
0.287598	10.909259	108.460787
0.288203	10.583641	111.453188
0.288809	10.213676	113.748258
0.289414	9.852824	115.727738
0.290020	9.307293	117.141924
0.290625	8.844381	117.793165
0.291230	8.348057	118.157285
0.291836	7.662195	118.003015
0.292441	7.007922	117.160360
0.293047	6.226683	115.731263
0.293652	5.519558	113.859148
0.294258	4.771124	111.456713
0.294863	3.974697	108.533177
0.295469	3.224440	105.114567
0.296074	2.421331	101.228539
0.296680	1.595137	96.870483
0.297285	0.770766	91.904837
0.297891	-0.145337	86.615468
0.298496	-1.032281	81.159357
0.299102	-1.900392	74.908038
0.299707	-2.705323	68.405658
0.300312	-3.502965	61.786152
0.300918	-4.260512	54.779480
0.301523	-5.036891	47.501955
0.302129	-5.754951	39.967675
0.302734	-6.485160	32.264484
0.303340	-7.188033	24.372861
0.303945	-7.846558	16.310702
0.304551	-8.427324	8.186454
0.305156	-8.983790	0.079559
0.305762	-9.452776	-7.999139
0.306367	-9.842788	-16.190354
0.306973	-10.190883	-24.295352
0.307578	-10.468509	-31.943775
0.308184	-10.769219	-39.822655
0.308789	-10.919878	-47.485991
0.309395	-11.162268	-54.853258
0.310000	-11.274048	-61.987630
0.310605	-11.301992	-68.771166
0.311211	-11.314750	-75.292525
0.311816	-11.234560	-81.451119
0.312422	-11.072359	-87.192182
0.313027	-10.878568	-92.523033
0.313633	-10.628280	-97.541006
0.314238	-10.421124	-101.996125
0.314844	-10.170836	-105.906283
0.315449	-9.780216	-109.598457
0.316055	-9.429084	-112.454483
0.316660	-8.990472	-114.732472
0.317266	-8.467418	-116.632784
0.317871	-7.884830	-117.978375
0.318477	-7.260325	-118.707429
0.319082	-6.684419	-118.855463
0.319688	-6.070241	-118.546381
0.320293	-5.434193	-117.653025
0.320898	-4.784781	-116.140964
0.321504	-4.217987	-114.100752
0.322109	-3.499320	-111.571702
0.322715	-2.718081	-108.576047
0.323320	-1.936842	-104.716860
0.323926	-1.124013	-100.661378
0.324531	-0.274126	-96.299256
0.325137	0.474916	-91.102882
0.325742	1.154096	-85.605832
0.326348	1.887950	-79.787499
0.326953	2.565308	-73.610468
0.327559	3.344117	-67.029733
0.328164	4.074327	-60.097349
0.328770	4.842201	-52.881098
0.329375	5.564513	-45.514373
0.329980	6.286218	-37.851037
0.330586	6.901003	-29.896243
0.331191	7.437422	-22.126355
0.331797	8.023047	-14.184033
0.332402	8.481099	-5.884097
0.333008	9.001723	2.204633
0.333613	9.491364	10.238596
0.334219	9.961566	18.313770
0.334824	10.434197	26.295948
0.335430	10.771965	34.198958
0.336035	11.024683	41.832198
0.336641	11.274363	49.251793
0.337246	11.422592	56.404330
0.337852	11.559886	63.385245
0.338457	11.625496	69.978994
0.339062	11.700218	76.286707
0.339668	11.793165	82.341460
0.340273	11.794380	87.733314
0.340879	11.731200	93.013736
0.341484	11.608486	97.904552
0.342090	11.429882	102.093426
0.342695	11.124312	105.851484
0.343301	10.875239	109.211802
0.343906	10.408682	111.991371
0.344512	10.126197	114.272341
0.345117	9.752587	116.091316
0.345723	9.318835	117.370211
0.346328	8.724097	118.085708
0.346934	8.191931	118.168672
0.347539	7.612380	117.656247
0.348145	6.889461	116.910926
0.348750	6.151961	115.394255
0.349355	5.400489	113.163442
0.349961	4.693364	110.772123
0.350566	3.868993	107.775113
0.351172	3.076211	104.190846
0.351777	2.256092	100.168984
0.352383	1.516163	95.732844
0.352988	0.600667	90.783195
0.353594	-0.251042	85.398119
0.354199	-1.114900	79.571110
0.354805	-2.041938	73.363713
0.355410	-2.850515	66.961107
0.356016	-3.643904	60.021674
0.356621	-4.421498	52.885946
0.357227	-5.200307	45.771367
0.357832	-5.906217	38.102880
0.358438	-6.580537	30.301271
0.359043	-7.264577	22.401515
0.359648	-7.939505	14.403883
0.360254	-8.520270	6.252794
0.360859	-9.073091	-1.892601
0.361465	-9.487403	-9.990007
0.362070	-9.888958	-18.042948
0.362676	-10.272288	-26.080707
0.363281	-10.590615	-34.044177
0.363887	-10.802024	-41.742488
0.364492	-11.045022	-49.191093
0.365098	-11.186568	-56.760348
0.365703	-11.288627	-63.714151
0.366309	-11.356059	-70.293802
0.366914	-11.307460	-76.799435
0.367520	-11.169558	-82.878319
0.368125	-11.074182	-88.609621
0.368730	-10.894970	-93.816568
0.369336	-10.676880	-98.645839
0.369941	-10.380422	-102.975969
0.370547	-9.995877	-106.821328
0.371152	-9.708532	-110.128506
0.371758	-9.268705	-112.975314
0.372363	-8.869580	-115.353618
0.372969	-8.324049	-116.952440
0.373574	-7.795528	-118.187683
0.374180	-7.144901	-119.015426
0.374785	-6.576285	-118.886913
0.375391	-5.969397	-118.289897
0.375996	-5.360079	-117.297852
0.376602	-4.661459	-115.705538
0.377207	-3.957372	-113.532746
0.377812	-3.271509	-110.851595
0.378418	-2.458680	-107.640938
0.379023	-1.687768	-103.878000
0.379629	-0.923539	-99.629207
0.380234	-0.209732	-94.936584
0.380840	0.574545	-90.008624
0.381445	1.279240	-84.348085
0.382051	2.037394	-78.237209
0.382656	2.814988	-72.130399
0.383262	3.550058	-65.442570
0.383867	4.347092	-58.361610
0.384473	5.031739	-51.129634
0.385078	5.755874	-43.633853
0.385684	6.481224	-35.971602
0.386289	7.024932	-28.106007
0.386895	7.703505	-20.143621
0.387500	8.188286	-12.145718
0.388105	8.739892	-4.071629
0.388711	9.261123	4.149681
0.389316	9.694875	12.261999
0.389922	10.172367	20.096956
0.390527	10.591538	28.147729
0.391133	10.857621	36.055076
0.391738	11.121274	43.580952
0.392344	11.366095	50.905382
0.392949	11.454182	58.032162
0.393555	11.661338	64.952074
0.394160	11.759145	71.490242
0.394766	11.831437	77.774096
0.395371	11.859989	83.592429
0.395977	11.837512	89.136384
0.396582	11.740920	94.193670
0.397187	11.596336	98.797094
0.397793	11.380675	103.071373
0.398398	11.086040	106.561017
0.399004	10.787152	109.727481
0.399609	10.427515	112.648577
0.400215	10.013810	114.761450
0.400820	9.665108	116.374099
0.401426	9.179719	117.564607
0.402031	8.639655	118.108483
0.402637	8.025477	118.081370
0.403242	7.339615	117.503333
0.403848	6.718755	116.458419
0.404453	5.876766	114.849837
0.405059	5.209128	112.704970
0.405664	4.444291	109.947091
0.406270	3.647257	106.819941
0.406875	2.860551	103.323519
0.407480	2.067161	98.924252
0.408086	1.267090	94.333842
0.408691	0.411736	89.430012
0.409297	-0.539602	83.950313
0.409902	-1.384021	78.027869
0.410508	-2.280684	71.740219
0.411113	-3.118420	65.185241
0.411719	-3.894192	58.326332
0.412324	-4.676646	51.171626
0.412930	-5.361294	43.765316
0.413535	-6.086036	36.190639
0.414141	-6.852695	28.313386
0.414746	-7.493603	20.232518
0.415352	-8.161241	12.351199
0.415957	-8.786353	4.220987
0.416563	-9.308192	-4.006830
0.417168	-9.749841	-12.073599
0.417773	-10.109479	-20.116780
0.418379	-10.447246	-28.100043
0.418984	-10.696927	-35.924155
0.419590	-11.037732	-43.665303
0.420195	-11.185961	-51.149426
0.420801	-11.389472	-58.441321
0.421406	-11.518261	-65.450433
0.422012	-11.490316	-72.151818
0.422617	-11.444754	-78.367891
0.423223	-11.312320	-84.421289
0.423828	-11.123389	-90.093486
0.424434	-10.887680	-95.005178
0.425039	-10.653795	-99.710816
0.425645	-10.367057	-104.000277
0.426250	-10.110086	-107.766197
0.426855	-9.749841	-110.948657
0.427461	-9.330669	-113.701927
0.428066	-8.876870	-115.906441
0.428672	-8.291245	-117.443988
0.429277	-7.688002	-118.465315
0.429883	-7.062281	-118.905079
0.430488	-6.508245	-118.928395
0.431094	-5.841823	-118.275527
0.431699	-5.239795	-116.926683
0.432305	-4.567297	-115.393202
0.432910	-3.831013	-113.110334
0.433516	-3.098980	-110.134742
0.434121	-2.352368	-106.776593
0.434727	-1.522530	-102.913881
0.435332	-0.711523	-98.554741
0.435937	0.102521	-93.734417
0.436543	0.853993	-88.527741
0.437148	1.579342	-82.869372
0.437754	2.313805	-76.929846
0.438359	3.046444	-70.467864
0.438965	3.732914	-63.742890
0.439570	4.565183	-56.794781
0.440176	5.322730	-49.319335
0.440781	6.080277	-41.699650
0.441387	6.791654	-34.166455
0.441992	7.339007	-26.206238
0.442598	7.930101	-18.201014
0.443203	8.434322	-10.173558
0.443809	8.972563	-2.126581
0.444414	9.468887	6.058669
0.445020	9.908106	14.134656
0.445625	10.372233	22.144760
0.446230	10.804769	30.010625
0.446836	11.116415	37.804372
0.447441	11.304738	45.475570
0.448047	11.527689	52.680976
0.448652	11.729378	59.605497
0.449258	11.779800	66.674257
0.449863	11.837512	73.156845
0.450469	11.853307	79.177437
0.451074	11.925599	84.964862
0.451680	11.909804	90.422599
0.452285	11.703255	95.410206
0.452891	11.551989	99.860445
0.453496	11.364273	103.876342
0.454102	11.024075	107.448679
0.454707	10.708785	110.618396
0.455313	10.355223	113.028422
0.455918	9.928153	115.051282
0.456523	9.455522	116.721681
0.457129	8.985320	117.603378
0.457734	8.511474	117.933065
0.458340	7.914306	117.973192
0.458945	7.208396	117.339031
0.459551	6.509776	116.136323
0.460156	5.816016	114.347714
0.460762	5.024450	112.085993
0.461367	4.204331	109.240270
0.461973	3.435849	106.012532
0.462578	2.605402	102.224651
0.463184	1.795611	97.930309
0.463789	0.996754	93.239583
0.464395	0.059389	87.965668
0.465000	-0.780778	82.485970
0.465605	-1.702956	76.622359
0.466211	-2.558309	70.130282
0.466816	-3.424598	63.429980
0.467422	-4.235605	56.546941
0.468027	-5.031424	49.320387
0.468633	-5.818738	41.870156
0.469238	-6.452356	34.195975
0.469844	-7.145508	26.389486
0.470449	-7.798566	18.371791
0.471055	-8.474708	10.282789
0.471660	-9.000799	2.067987
0.472266	-9.477683	-5.916903
0.472871	-9.958820	-14.014851
0.473477	-10.294765	-22.287403
0.474082	-10.552950	-30.115854
0.474687	-10.908335	-37.797626
0.475293	-11.069929	-45.553957
0.475898	-11.315965	-53.002562
0.476504	-11.422277	-60.196581
0.477109	-11.492138	-67.098056
0.477715	-11.491531	-73.659271
0.478320	-11.384004	-79.912216
0.478926	-11.263113	-85.869636
0.479531	-11.154371	-91.273691
0.480137	-10.972122	-96.347245
0.480742	-10.646505	-100.973714
0.481348	-10.311167	-104.916407
0.481953	-10.026859	-108.586620
0.482559	-9.613762	-111.819781
0.483164	-9.149636	-114.192392
0.483770	-8.653312	-116.183530
0.484375	-8.139978	-117.733821
0.484980	-7.639402	-118.639648
0.485586	-6.987559	-118.943578
0.486191	-6.433523	-118.768161
0.486797	-5.729436	-118.019586
0.487402	-5.115866	-116.703005
0.488008	-4.400843	-114.798355
0.488613	-3.677316	-112.309432
0.489219	-2.929489	-109.450152
0.489824	-2.112408	-106.050250
0.490430	-1.348786	-101.835348
0.491035	-0.566332	-97.448010
0.491641	0.227665	-92.689232
0.492246	0.954837	-87.285449
0.492852	1.711169	-81.455457
0.493457	2.568953	-75.329940
0.494063	3.302807	-68.917031
0.494668	4.036054	-62.070052
0.495273	4.782059	-54.888233
0.495879	5.538391	-47.574919
0.496484	6.233366	-40.065312
0.497090	6.908901	-32.234963
0.497695	7.473871	-24.228384
0.498301	8.136042	-16.398578
0.498906	8.701620	-8.267010
0.499512	9.127474	0.084168
0.500117	9.583703	8.097254
0.500723	10.083672	16.116305
0.501328	10.490087	24.055375
0.501934	10.870986	31.908226
0.502539	11.110947	39.665100
0.503145	11.341188	47.106384
0.503750	11.576289	54.363575
0.504355	11.745780	61.454296
0.504961	11.794987	68.202586
0.505566	11.954758	74.550425
0.506172	11.977843	80.597316
0.506777	11.942608	86.396399
0.507383	11.916486	91.467784
0.507988	11.709938	96.355889
0.508594	11.562316	100.868757
0.509199	11.353338	104.800876
0.509805	11.087255	108.229789
0.510410	10.739767	111.238729
0.511016	10.334568	113.658244
0.511621	9.971285	115.552049
0.512227	9.472532	116.969760
0.512832	8.947048	117.794249
0.513437	8.362637	118.089504
0.514043	7.783694	117.798859
0.514648	7.060774	116.894116
0.515254	6.345145	115.712826
0.515859	5.600355	113.915270
0.516465	4.870753	111.289158
0.517070	4.059139	108.497388
0.517676	3.217758	105.096944
0.518281	2.446846	101.187599
0.518887	1.592100	96.781283
0.519492	0.771373	91.973974
0.520098	-0.210947	86.696263
0.520703	-1.021346	81.016204
0.521309	-1.907682	74.898278
0.521914	-2.720511	68.506517
0.522520	-3.622642	61.861525
0.523125	-4.353459	54.713055
0.523730	-5.143810	47.336840
0.524336	-5.889815	40.077751
0.524941	-6.593902	32.283463
0.525547	-7.347804	24.399703
0.526152	-7.957122	16.332121
0.526758	-8.624760	8.234172
0.527363	-9.150851	0.115076
0.527969	-9.650820	-8.024083
0.528574	-10.032934	-16.111457
0.529180	-10.350654	-24.157621
0.529785	-10.655010	-32.102654
0.530391	-10.956935	-39.916193
0.530996	-11.244280	-47.548078
0.531602	-11.401622	-54.779783
0.532207	-11.575973	-62.154371
0.532813	-11.518261	-68.929774
0.533418	-11.565038	-75.214983
0.534023	-11.461156	-81.405299
0.534629	-11.237598	-87.245051
0.535234	-11.112454	-92.602201
0.535840	-10.881606	-97.476478
0.536445	-10.723657	-102.017001
0.537051	-10.312990	-106.003617
0.537656	-10.074244	-109.523627
0.538262	-9.696382	-112.488103
0.538867	-9.166646	-114.882675
0.539473	-8.681864	-116.867849
0.540078	-8.079836	-118.160842
0.540684	-7.504538	-118.714478
0.541289	-6.939567	-119.084563
0.541895	-6.323567	-118.796900
0.542500	-5.727006	-117.796179
0.543105	-5.109183	-116.292522
0.543711	-4.345561	-114.357778
0.544316	-3.608669	-111.762573
0.544922	-2.864487	-108.652775
0.545527	-2.013993	-105.049801
0.546133	-1.220604	-100.925996
0.546738	-0.382868	-96.460304
0.547344	0.306032	-91.383496
0.547949	1.086056	-85.889970
0.548555	1.808368	-80.292875
0.549160	2.576850	-73.833333
0.549766	3.266358	-67.199728
0.550371	4.104701	-60.364678
0.550977	4.875613	-53.194789
0.551582	5.634983	-45.737237
0.552187	6.352435	-38.061430
0.552793	6.955070	-30.270395
0.553398	7.522471	-22.342442
0.554004	8.046132	-14.362704
0.554609	8.636010	-6.224900
0.555215	9.122007	1.813943
0.555820	9.622583	9.942257
0.556426	10.088532	18.093617
0.557031	10.456067	25.940504
0.557637	10.911081	33.671620
0.558242	11.206931	41.542637
0.558848	11.386750	49.048721
0.559453	11.573859	56.174687
0.560059	11.757322	63.112222
0.560664	11.833867	69.757214
0.561270	11.930459	76.058149
0.561875	11.949898	82.018009
0.562480	11.969338	87.600463
0.563086	11.911626	92.883054
0.563691	11.734237	97.640477
0.564297	11.535586	101.777566
0.564902	11.360628	105.650581
0.565508	10.968793	109.130464
0.566113	10.640138	111.753052
0.566719	10.320595	114.121054
0.567324	9.920863	116.028144
0.567930	9.433652	117.232751
0.568535	8.931253	117.946621
0.569141	8.341375	118.162979
0.569746	7.707150	117.722944
0.570352	7.032830	116.785937
0.570957	6.220001	115.328101
0.571562	5.565728	113.280568
0.572168	4.789956	110.750162
0.572773	4.025727	107.784873
0.573379	3.218973	104.043625
0.573984	2.389134	100.206400
0.574590	1.558080	95.839939
0.575195	0.660809	90.718396
0.575801	-0.203049	85.401914
0.576406	-1.063871	79.652176
0.577012	-1.966001	73.477585
0.577617	-2.775185	66.932096
0.578223	-3.624464	60.147475
0.578828	-4.416031	53.097152
0.579434	-5.213672	45.722022
0.580039	-5.925657	38.132704
0.580645	-6.607875	30.294764
0.581250	-7.305279	22.515658
0.581855	-8.031844	14.362672
0.582461	-8.615647	6.086324
0.583066	-9.161786	-1.861422
0.583672	-9.639277	-9.925208
0.584277	-10.006204	-18.051896
0.584883	-10.340934	-26.088570
0.585488	-10.664730	-33.992393
0.586094	-10.972122	-41.672538
0.586699	-11.207831	-49.324215
0.587305	-11.401014	-56.679011
0.587910	-11.456904	-63.680803
0.588516	-11.614245	-70.420688
0.589121	-11.533448	-76.965363
0.589727	-11.404659	-83.092778
0.590332	-11.328115	-88.556752
0.590938	-11.060817	-93.907666
0.591543	-10.873101	-98.836168
0.592148	-10.611877	-103.041852
0.592754	-10.334252	-106.895617
0.593359	-10.028074	-110.325884
0.593965	-9.590070	-113.133108
0.594570	-9.114401	-115.450138
0.595176	-8.602282	-117.191029
0.595781	-8.099276	-118.394822
0.596387	-7.472948	-119.031694
0.596992	-6.933492	-119.097306
0.597598	-6.319314	-118.585694
0.598203	-5.658359	-117.710233
0.598809	-5.018059	-116.050408
0.599414	-4.272662	-113.672917
0.600020	-3.593482	-111.125431
0.600625	-2.877245	-107.990960
0.601230	-2.010349	-104.195216
0.601836	-1.175042	-99.918497
0.602441	-0.412635	-95.292299
0.603047	0.400194	-90.181872
0.603652	1.061756	-84.633308
0.604258	1.869725	-78.711677
0.604863	2.568345	-72.431348
0.605469	3.375707	-65.761412
0.606074	4.056709	-58.734948
0.606680	4.887156	-51.450645
0.607285	5.677507	-44.185863
0.607891	6.331172	-36.404588
0.608496	6.910723	-28.377403
0.609102	7.513966	-20.495541
0.609707	8.119639	-12.469712
0.610313	8.657273	-4.351701
0.610918	9.152382	3.809148
0.611523	9.574591	11.871579
0.612129	10.052690	19.883039
0.612734	10.560556	27.845696
0.613340	10.827854	35.691498
0.613945	11.116415	43.244757
0.614551	11.358198	50.529603
0.615156	11.548951	57.898497
0.615762	11.655263	64.707519
0.616367	11.762182	71.193903
0.616973	11.913449	77.511648
0.617578	11.916486	83.441142
0.618184	11.907374	88.985368
0.618789	11.770080	94.055939
0.619395	11.695965	98.690813
0.620000	11.479697	102.791843
0.620605	11.243381	106.538785
0.621211	10.940848	109.742121
0.621816	10.594576	112.392093
0.622422	10.290828	114.690416
0.623027	9.818804	116.219558
0.623633	9.417857	117.395425
0.624238	8.834661	118.195243
0.624844	8.290345	118.090317
0.625449	7.618455	117.530988
0.626055	6.937453	116.529996
0.626660	6.203598	114.896741
0.627266	5.404742	112.713104
0.627871	4.642942	110.065302
0.628477	3.915163	106.960383
0.629082	3.098689	103.324874
0.629687	2.319272	99.143862
0.630293	1.450553	94.434700
0.630898	0.562395	89.496709
0.631504	-0.312399	84.133594
0.632109	-1.232147	78.012415
0.632715	-2.054088	71.828606
0.633320	-2.962901	65.422746
0.633926	-3.700401	58.523439
0.634531	-4.471920	51.326167
0.635137	-5.130445	43.946970
0.635742	-5.952387	36.348975
0.636348	-6.658297	28.493412
0.636953	-7.401871	20.495509
0.637559	-8.031844	12.436332
0.638164	-8.651489	4.324827
0.638770	-9.198235	-3.769054
0.639375	-9.611332	-12.087155
0.639980	-10.019569	-20.013211
0.640586	-10.370094	-27.879618
0.641191	-10.692674	-36.016337
0.641797	-10.952075	-43.652561
0.642402	-11.231523	-51.068902
0.643008	-11.382182	-58.360797
0.643613	-11.513401	-65.446366
0.644219	-11.510971	-72.091628
0.644824	-11.517046	-78.413711
0.645430	-11.366994	-84.372757
0.646035	-11.162268	-89.987476
0.646641	-11.040769	-95.172191
0.647246	-10.785621	-99.766939
0.647852	-10.548698	-104.123639
0.648457	-10.226118	-108.045727
0.649062	-9.909613	-111.038129
0.649668	-9.560910	-113.678611
0.650273	-9.073699	-116.010011
0.650879	-8.543355	-117.605308
0.651484	-7.958337	-118.617958
0.652090	-7.358132	-119.100831
0.652695	-6.739094	-119.019764
0.653301	-6.205105	-118.427357
0.653906	-5.634059	-117.341232
0.654512	-4.921467	-115.559673
0.655117	-4.245325	-113.328318
0.655723	-3.456795	-110.527601
0.656328	-2.728408	-107.072119
0.656934	-1.906467	-103.327075
0.657539	-1.115508	-99.096719
0.658145	-0.348241	-94.092031
0.658750	0.347342	-88.931175
0.659355	1.180218	-83.273076
0.659961	1.928652	-77.264143
0.660566	2.669797	-70.854758
0.661172	3.443746	-64.115686
0.661777	4.154516	-57.053163
0.662383	4.964307	-49.698367
0.662988	5.650777	-42.179541
0.663594	6.333602	-34.429445
0.664199	6.952033	-26.666607
0.664805	7.561351	-18.636169
0.665410	8.049777	-10.395880
0.666016	8.596523	-2.486906
0.666621	9.098922	5.633274
0.667227	9.611041	13.831539
0.667832	10.075167	21.829171
0.668438	10.539901	29.734350
0.669043	10.808414	37.543008
0.669648	11.094545	45.097351
0.670254	11.299271	52.441302
0.670859	11.475444	59.475087
0.671465	11.595121	66.287091
0.672070	11.736667	72.824175
0.672676	11.805922	79.026420
0.673281	11.879429	84.633276
0.673887	11.867886	90.163404
0.674492	11.754285	95.330224
0.675098	11.581756	99.716749
0.675703	11.380068	103.759216
0.676309	11.173519	107.324504
0.676914	10.861874	110.516995
0.677520	10.403822	112.971757
0.678125	10.059980	115.056976
0.678730	9.709455	116.645766
0.679336	9.224674	117.686613
0.679941	8.689470	118.109838
0.680547	8.096554	117.870978
0.681152	7.503639	117.383496
0.681758	6.699315	116.132256
0.682363	6.051117	114.243602
0.682969	5.272915	112.157841
0.683574	4.542098	109.430328
0.684180	3.819786	106.142672
0.684785	2.971722	102.394104
0.685391	2.156463	98.110878
0.685996	1.295642	93.424490
0.686602	0.421456	88.248451
0.687207	-0.446655	82.706665
0.687813	-1.303224	76.720506
0.688418	-2.204140	70.416318
0.689023	-3.024866	63.740418
0.689629	-3.763581	56.700940
0.690234	-4.573980	49.746595
0.690840	-5.359471	42.146974
0.691445	-6.058091	34.362175
0.692051	-6.820498	26.656544
0.692656	-7.461406	18.657556
0.693262	-8.143016	10.510805
0.693867	-8.707987	2.355107
0.694473	-9.212815	-5.718168
0.695078	-9.678764	-13.852718
0.695684	-10.053589	-21.960969
0.696289	-10.321495	-29.925795
0.696895	-10.640430	-37.716560
0.697500	-10.947215	-45.304794
0.698105	-11.089976	-52.974907
0.698711	-11.252178	-60.115515
0.699316	-11.391902	-66.859196
0.699922	-11.399192	-73.558412
0.700527	-11.315357	-79.897304
0.701133	-11.155586	-85.766609
0.701738	-11.072967	-91.220821
0.702344	-10.799594	-96.250182
0.702949	-10.568138	-100.890750
0.703555	-10.328785	-105.004252
0.704160	-9.983727	-108.653588
0.704766	-9.685447	-111.782094
0.705371	-9.166646	-114.416883
0.705977	-8.740791	-116.376029
0.706582	-8.259655	-117.808380
0.707187	-7.655197	-118.970691
0.707793	-7.075646	-119.231242
0.708398	-6.493058	-118.845431
0.709004	-5.918367	-118.220760
0.709609	-5.340031	-116.965996
0.710215	-4.677861	-115.135905
0.710820	-3.901482	-112.662436
0.711426	-3.180992	-109.742695
0.712031	-2.461110	-106.285044
0.712637	-1.674404	-102.326626
0.713242	-0.845780	-97.829211
0.713848	-0.147767	-92.985842
0.714453	0.669314	-87.746631
0.715059	1.337559	-81.837201
0.715664	2.098751	-75.747743
0.716270	2.864195	-69.438946
0.716875	3.657585	-62.501682
0.717480	4.392654	-55.327184
0.718086	5.114966	-47.978082
0.718691	5.844568	-40.410995
0.719297	6.500056	-32.629721
0.719902	7.116057	-24.721017
0.720508	7.629390	-16.759174
0.721113	8.214408	-8.691863
0.721719	8.677928	-0.521524
0.722324	9.195514	7.669691
0.722930	9.672398	15.626654
0.723535	10.101897	23.531020
0.724141	10.452422	31.684820
0.724746	10.679018	39.235096
0.725352	10.983981	46.718947
0.725957	11.183847	54.048800
0.726562	11.352730	61.044898
0.727168	11.460257	67.839821
0.727773	11.516147	74.242699
0.728379	11.559886	80.299350
0.728984	11.567176	86.019807
0.729590	11.502782	91.376144
0.730195	11.406797	96.195925
0.730801	11.305953	100.600615
0.731406	11.025898	104.624374
0.732012	10.734300	107.890069
0.732617	10.397140	110.984956
0.733223	10.061802	113.583414
0.733828	9.646275	115.392628
0.734434	9.349210	116.884898
0.735039	8.841344	117.765781
0.735645	8.306140	118.102789
0.736250	7.688925	117.801570
0.736855	7.125777	117.071160
0.737461	6.348790	115.725840
0.738066	5.647132	113.892496
0.738672	4.865286	111.467829
0.739277	4.176993	108.471632
0.739883	3.412764	105.291341
0.740488	2.553158	101.426731
0.741094	1.804723	96.812462
0.741699	0.996147	92.176504
0.742305	0.073969	86.983926
0.742910	-0.816012	81.296004
0.743516	-1.691413	75.195973
0.744121	-2.481158	68.784419
0.744727	-3.299454	62.086287
0.745332	-4.021159	55.079344
0.745938	-4.813940	47.782027
0.746543	-5.485223	40.290313
0.747148	-6.237302	32.667375
0.747754	-6.916482	24.678148
0.748359	-7.539165	16.572879
0.748965	-8.144231	8.722197
0.749570	-8.769344	0.539929
0.750176	-9.274172	-7.690600
0.750781	-9.636240	-15.779058
0.751387	-10.030504	-23.811123
0.751992	-10.319672	-31.768629
0.752598	-10.535333	-39.507608
0.753203	-10.797771	-47.107230
0.753809	-10.975767	-54.553394
0.754414	-11.136146	-61.714065
0.755020	-11.249748	-68.637773
0.755625	-11.202971	-75.111685
0.756230	-11.123996	-81.216597
0.756836	-10.973337	-87.152598
0.757441	-10.718189	-92.585934
0.758047	-10.535333	-97.296994
0.758652	-10.311775	-101.788443
0.759258	-10.028682	-105.892727
0.759863	-9.692129	-109.417888
0.760469	-9.338567	-112.373417
0.761074	-8.961312	-114.857189
0.761680	-8.430361	-116.784342
0.762285	-7.884223	-118.118004
0.762891	-7.333832	-118.849498
0.763496	-6.785871	-119.042539
0.764102	-6.172908	-118.870646
0.764707	-5.553262	-117.949094
0.765312	-4.985862	-116.312857
0.765918	-4.296962	-114.511234
0.766523	-3.649371	-112.045085
0.767129	-2.867525	-108.878079
0.767734	-2.159792	-105.258566
0.768340	-1.333599	-101.180582
0.768945	-0.573014	-96.664731
0.769551	0.234955	-91.688511
0.770156	0.946332	-86.238908
0.770762	1.644344	-80.463955
0.771367	2.379414	-74.314579
0.771973	3.062847	-67.698868
0.772578	3.850768	-60.790886
0.773184	4.571258	-53.762795
0.773789	5.341562	-46.151787
0.774395	6.046257	-38.470557
0.775000	6.686557	-30.785803
0.775605	7.227836	-22.826399
0.776211	7.844444	-14.769119
0.776816	8.334693	-6.701537
0.777422	8.764799	1.424608
0.778027	9.184579	9.563767
0.778633	9.698520	17.606406
0.779238	10.107972	25.573672
0.779844	10.418402	33.378264
0.780449	10.738552	41.031568
0.781055	10.983981	48.594587
0.781660	11.160154	55.718656
0.782266	11.264036	62.526051
0.782871	11.299878	69.436745
0.783477	11.395862	75.764250
0.784082	11.485164	81.645755
0.784687	11.476052	87.288670
0.785293	11.435350	92.565296
0.785898	11.339365	97.341155
0.786504	11.145574	101.596455
0.787109	10.958466	105.453202
0.787715	10.631633	108.805386
0.788320	10.205779	111.677408
0.788926	9.949416	113.865112
0.789531	9.546039	115.667006
0.790137	9.094669	117.187202
0.790742	8.577083	117.735144
0.791348	8.143939	117.862302
0.791953	7.517611	117.679022
0.792559	6.748522	116.791089
0.793164	6.102147	115.309664
0.793770	5.404134	113.301444
0.794375	4.613175	110.767785
0.794980	3.815533	107.777011
0.795586	3.046444	104.226634
0.796191	2.322309	100.232699
0.796797	1.552613	95.816080
0.797402	0.639547	90.986267
0.798008	-0.146552	85.431467
0.798613	-1.031673	79.774182
0.799219	-1.925907	73.772840
0.799824	-2.720511	67.152521
0.800430	-3.545490	60.338889
0.801035	-4.278129	53.285313
0.801641	-5.018059	45.946785
0.802246	-5.793831	38.413047
0.802852	-6.500348	30.629874
0.803457	-7.104198	22.765093
0.804063	-7.664309	14.718387
0.804668	-8.323442	6.588175
0.805273	-8.913320	-1.581350
0.805879	-9.367119	-9.655710
0.806484	-9.778394	-17.808968
0.807090	-10.098544	-26.020517
0.807695	-10.336075	-33.690902
0.808301	-10.647720	-41.365083
0.808906	-10.870063	-49.043601
0.809512	-11.047452	-56.309739
0.810117	-11.057172	-63.364671
0.810723	-11.150119	-70.164204
0.811328	-11.185353	-76.651944
0.811934	-11.112454	-82.731912
0.812539	-10.978805	-88.419020
0.813145	-10.752816	-93.642506
0.813750	-10.551128	-98.544438
0.814355	-10.228548	-102.945874
0.814961	-10.060879	-106.678988
0.815566	-9.678764	-110.153178
0.816172	-9.280855	-113.178928
0.816777	-8.893273	-115.319456
0.817383	-8.418819	-117.069294
0.817988	-7.854455	-118.402414
0.818594	-7.305279	-118.982349
0.819199	-6.768253	-119.123876
0.819805	-6.122486	-118.652662
0.820410	-5.550832	-117.677969
0.821016	-4.838240	-116.058271
0.821621	-4.176070	-113.943499
0.822227	-3.441608	-111.226560
0.822832	-2.712613	-108.167733
0.823438	-1.947169	-104.425130
0.824043	-1.233362	-100.049721
0.824648	-0.475207	-95.558543
0.825254	0.379539	-90.473602
0.825859	1.069046	-84.859968
0.826465	1.855145	-78.903904
0.827070	2.692274	-72.655839
0.827676	3.375099	-66.018167
0.828281	4.112599	-59.019087
0.828887	4.833696	-51.798498
0.829492	5.492829	-44.358027
0.830098	6.169579	-36.748103
0.830703	6.825674	-28.853769
0.831309	7.410084	-20.822246
0.831914	7.972018	-13.015215
0.832520	8.498716	-4.701994
0.833125	8.894803	3.555647
0.833730	9.380192	11.569818
0.834336	9.883199	19.535186
0.834941	10.283538	27.439009
0.835547	10.573921	35.289421
0.836152	10.857014	42.938387
0.836758	11.174734	50.296165
0.837363	11.285906	57.427012
0.837969	11.474837	64.431515
0.838574	11.525259	70.998693
0.839180	11.635823	77.136682
0.839785	11.661946	83.098440
0.840391	11.570821	88.668423
0.840996	11.473014	93.587436
0.841602	11.424415	98.310968
0.842207	11.183847	102.565997
0.842812	10.929306	106.261967
0.843418	10.608548	109.491060
0.844023	10.328493	112.197696
0.844629	9.943341	114.417935
0.845234	9.555151	116.128460
0.845840	9.058220	117.295109
0.846445	8.497501	117.806721
0.847051	7.989028	117.929541
0.847656	7.354195	117.337405
0.848262	6.721184	116.287068
0.848867	5.947843	114.950695
0.849473	5.152024	112.681925
0.850078	4.453404	110.011619
0.850684	3.659407	106.964992
0.851289	2.909758	103.351987
0.851895	2.064731	99.174228
0.852500	1.246435	94.610118
0.853105	0.307247	89.579402
0.853711	-0.478852	84.158808
0.854316	-1.397386	78.237448
0.854922	-2.210215	71.976369
0.855527	-3.030333	65.484020
0.856133	-3.823723	58.661171
0.856738	-4.611037	51.338096
0.857344	-5.352789	44.018276
0.857949	-6.070849	36.594614
0.858555	-6.810171	28.648496
0.859160	-7.443181	20.692346
0.859766	-8.052499	12.705016
0.860371	-8.615040	4.581853
0.860977	-9.194590	-3.611531
0.861582	-9.625912	-11.690229
0.862187	-10.014102	-19.733681
0.862793	-10.327570	-27.725077
0.863398	-10.572998	-35.617242
0.864004	-10.894363	-43.426714
0.864609	-11.076004	-50.782323
0.865215	-11.280730	-58.131425
0.865820	-11.351807	-65.282064
0.866426	-11.377322	-71.779564
0.867031	-11.306852	-78.071552
0.867637	-11.258860	-84.178090
0.868242	-11.063854	-89.772203
0.868848	-10.853661	-94.868802
0.869453	-10.580288	-99.606704
0.870059	-10.330607	-103.885592
0.870664	-10.100974	-107.727698
0.871270	-9.696989	-110.971974
0.871875	-9.325202	-113.640924
0.872480	-8.803363	-115.954972
0.873086	-8.262692	-117.603952
0.873691	-7.746929	-118.448505
0.874297	-7.170415	-119.108693
0.874902	-6.497310	-119.132281
0.875508	-5.892245	-118.443896
0.876113	-5.334564	-117.270198
0.876719	-4.719171	-115.601968
0.877324	-3.941577	-113.378747
0.877930	-3.186460	-110.539259
0.878535	-2.501812	-107.137460
0.879141	-1.644636	-103.327888
0.879746	-0.860967	-99.129796
0.880352	-0.097345	-94.332789
0.880957	0.658987	-89.010614
0.881563	1.363682	-83.577549
0.882168	2.181371	-77.596813
0.882773	2.850831	-70.983000
0.883379	3.606555	-64.294357
0.883984	4.357419	-57.331608
0.884590	5.141696	-50.007178
0.885195	5.858541	-42.431144
0.885801	6.509169	-34.675355
0.886406	7.087504	-26.830366
0.887012	7.653083	-18.887501
0.887617	8.201651	-10.825613
0.888223	8.742322	-2.714379
0.888828	9.109249	5.345069
0.889434	9.594638	13.504291
0.890039	10.002268	21.583532
0.890645	10.441487	29.254459
0.891250	10.742197	37.108395
0.891855	11.039870	44.820262
0.892461	11.177164	52.126527
0.893066	11.392825	59.186068
0.893672	11.517969	65.971502
0.894277	11.547129	72.472255
0.894883	11.608486	78.623800
0.895488	11.736667	84.434542
0.896094	11.658908	89.918578
0.896699	11.547736	94.922453
0.897305	11.409227	99.382181
0.897910	11.190529	103.321892
0.898516	10.932343	107.170234
0.899121	10.558734	110.236924
0.899727	10.214284	112.674604
0.900332	9.894741	114.846312
0.900937	9.419072	116.477669
0.901543	8.902701	117.468900
0.902148	8.400910	117.931981
0.902754	7.879678	117.889956
0.903359	7.193209	117.273961
0.903965	6.417437	116.038447
0.904570	5.739472	114.297285
0.905176	4.981925	112.054543
0.905781	4.210406	109.401047
0.906387	3.370847	105.922519
0.906992	2.609047	102.203232
0.907598	1.782853	98.213363
0.908203	0.941472	93.422321
0.908809	0.083081	88.195853
0.909414	-0.726103	82.742725
0.910020	-1.600289	76.796150
0.910625	-2.518215	70.429603
0.911230	-3.329829	63.783798
0.911836	-4.095881	56.875002
0.912441	-4.832773	49.665529
0.913047	-5.667472	42.206892
0.913652	-6.335717	34.490688
0.914258	-7.011859	26.663593
0.914863	-7.732349	18.790136
0.915469	-8.307040	10.498334
0.916074	-8.869580	2.449459
0.916680	-9.404176	-5.490695
0.917285	-9.812413	-13.669980
0.917891	-10.165976	-21.806428
0.918496	-10.517108	-29.752005
0.919102	-10.790481	-37.540600
0.919707	-11.065677	-45.183330
0.920312	-11.278300	-52.678026
0.920918	-11.390687	-59.882076
0.921523	-11.479989	-66.749661
0.922129	-11.507326	-73.459994
0.922734	-11.394332	-79.822745
0.923340	-11.292880	-85.520970
0.923945	-11.125819	-91.030221
0.924551	-10.907120	-96.275397
0.925156	-10.679917	-100.724279
0.925762	-10.371309	-104.833172
0.926367	-10.051767	-108.506639
0.926973	-9.712784	-111.684490
0.927578	-9.283892	-114.223571
0.928184	-8.717099	-116.256192
0.928789	-8.243252	-117.824376
0.929395	-7.632719	-118.792833
0.930000	-7.082329	-119.164003
0.930605	-6.509460	-118.930836
0.931211	-5.887992	-118.286101
0.931816	-5.185120	-117.101829
0.932422	-4.528417	-114.983804
0.933027	-3.756291	-112.601975
0.933633	-3.010286	-109.783906
0.934238	-2.181055	-106.221330
0.934844	-1.447200	-102.334488
0.935449	-0.675073	-97.884792
0.936055	0.123783	-93.040609
0.936660	0.805393	-87.712741
0.937266	1.700842	-81.959749
0.937871	2.423761	-75.859175
0.938477	3.161261	-69.476632
0.939082	3.907873	-62.706381
0.939688	4.682430	-55.430482
0.940293	5.379834	-48.242157
0.940898	6.124016	-40.717637
0.941504	6.685950	-32.764741
0.942109	7.329288	-24.846006
0.942715	7.897296	-16.902870
0.943320	8.466519	-8.831221
0.943926	8.982890	-0.726223
0.944531	9.424540	7.401278
0.945137	9.907498	15.439307
0.945742	10.343680	23.380274
0.946348	10.685093	31.268643
0.946953	11.003420	39.052087
0.947559	11.253101	46.348320
0.948164	11.476659	53.820242
0.948770	11.601803	60.862702
0.949375	11.721480	67.457807
0.949980	11.846624	73.969676
0.950586	11.851484	80.138844
0.951191	11.866064	85.802365
0.951797	11.753677	91.137554
0.952402	11.672273	96.063887
0.953008	11.443247	100.440380
0.953613	11.199641	104.374126
0.954219	10.913511	107.856450
0.954824	10.482797	110.864035
0.955430	10.171759	113.368412
0.956035	9.796327	115.252457
0.956641	9.284816	116.564700
0.957246	8.745360	117.706676
0.957852	8.148191	117.930896
0.958457	7.588081	117.632117
0.959063	6.863338	116.894116
0.959668	6.114904	115.623897
0.960273	5.405349	113.744462
0.960879	4.692149	111.365344
0.961484	3.871423	108.488712
0.962090	3.107801	105.171504
0.962695	2.307122	101.257821
0.963301	1.465741	96.909254
0.963906	0.618892	92.061276
0.964512	-0.289314	86.947053
0.965117	-1.212707	81.128720
0.965723	-1.979366	75.056615
0.966328	-2.888787	68.921879
0.966934	-3.634792	62.121262
0.967539	-4.440331	55.088562
0.968145	-5.221570	47.793956
0.968750	-5.920797	40.339929
0.969355	-6.664979	32.607999
0.969961	-7.386684	24.709056
0.970566	-8.000862	16.701934
0.971172	-8.653919	8.606969
0.971777	-9.259592	0.448831
0.972383	-9.693344	-7.737775
0.972988	-10.048729	-15.698806
0.973594	-10.449676	-23.704571
0.974199	-10.739452	-31.864607
0.974805	-11.017077	-39.523334
0.975410	-11.255823	-47.030501
0.976016	-11.410127	-54.473684
0.976621	-11.468446	-61.614291
0.977227	-11.562000	-68.496788
0.977832	-11.539523	-74.979647
0.978437	-11.402229	-81.161829
0.979043	-11.282553	-87.018391
0.979648	-11.085724	-92.387470
0.980254	-10.873101	-97.209963
0.980859	-10.672020	-101.948949
0.981465	-10.329392	-105.914688
0.982070	-10.013494	-109.266058
0.982676	-9.603435	-112.412459
0.983281	-9.133841	-114.939882
0.983887	-8.581020	-116.756959
0.984492	-7.934645	-118.064321
0.985098	-7.439536	-118.911043
0.985703	-6.826573	-119.101102
0.986309	-6.178983	-118.739150
0.986914	-5.573917	-117.928759
0.987520	-4.934832	-116.508880
0.988125	-4.242287	-114.534009
0.988730	-3.436140	-111.969984
0.989336	-2.738128	-108.898685
0.989941	-1.907682	-105.474924
0.990547	-1.114293	-101.205254
0.991152	-0.320296	-96.611591
0.991758	0.426923	-91.752497
0.992363	1.135263	-86.381248
0.992969	1.900708	-80.511402
0.993574	2.659469	-74.336540
0.994180	3.380567	-67.842022
0.994785	4.194611	-60.904487
0.995391	4.897483	-53.702606
0.995996	5.603393	-46.345641
0.996602	6.335425	-38.778012
0.997207	7.013390	-30.936548
0.997812	7.550416	-22.883606
0.998418	8.147584	-15.044582
0.999023	8.649983	-7.063760
0.999629	9.123829	1.336221
1.000234	9.566693	9.392959
1.000840	10.052690	17.402791
1.001445	10.491909	25.367889
1.002051	10.825424	33.247310
1.002656	11.127349	40.935589
1.003262	11.321141	48.359793
1.003867	11.569606	55.574418
1.004473	11.675310	62.562382
1.005078	11.724518	69.222557
1.005684	11.821717	75.477671
1.006289	11.855737	81.528900
1.006895	11.795595	87.198657
1.007500	11.692320	92.210123
1.008105	11.592691	97.188512
1.008711	11.370955	101.502917
1.009316	11.125527	105.295407
1.009922	10.787152	108.647320
1.010527	10.372233	111.483012
1.011133	10.057550	113.840169
1.011738	9.619546	115.646401
1.012344	9.123829	116.973827
1.012949	8.609281	117.722130
1.013555	8.111742	117.938217
1.014160	7.422234	117.433112
1.014766	6.767962	116.583407
1.015371	5.987330	115.359551
1.015977	5.249830	113.214685
1.016582	4.547566	110.645779
1.017187	3.689174	107.743391
1.017793	2.898823	104.250222
1.018398	2.109686	100.268216
1.019004	1.278025	95.785443
1.019609	0.360706	90.914961
1.020215	-0.529882	85.567300
1.020820	-1.464818	79.782587
1.021426	-2.248487	73.622637
1.022031	-3.024866	67.214608
1.022637	-3.896622	60.452219
1.023242	-4.567297	53.233799
1.023848	-5.392884	46.027851
1.024453	-6.133421	38.584397
1.025059	-6.917697	30.715549
1.025664	-7.627252	22.792476
1.026270	-8.173391	14.805147
1.026875	-8.762661	6.660837
1.027480	-9.335529	-1.476696
1.028086	-9.789936	-9.593352
1.028691	-10.228548	-17.672863
1.029297	-10.526828	-25.677816
1.029902	-10.799594	-33.614987
1.030508	-11.093621	-41.411174
1.031113	-11.297132	-48.866557
1.031719	-11.445361	-56.275035
1.032324	-11.499428	-63.510536
1.032930	-11.563215	-70.062803
1.033535	-11.534663	-76.465681
1.034141	-11.417417	-82.611803
1.034746	-11.202971	-88.292405
1.035352	-11.055957	-93.592890
1.035957	-10.836651	-98.405080
1.036563	-10.536548	-102.830104
1.037168	-10.222473	-106.732942
1.037773	-9.855546	-110.156974
1.038379	-9.488011	-112.951726
1.038984	-8.945517	-115.338164
1.039590	-8.399986	-117.195367
1.040195	-7.872073	-118.170060
1.040801	-7.338692	-119.024102
1.041406	-6.688671	-119.228259
1.042012	-6.064166	-118.585694
1.042617	-5.431156	-117.583618
1.043223	-4.799968	-116.044986
1.043828	-4.083731	-113.963291
1.044434	-3.332259	-111.300848
1.045039	-2.636676	-108.117304
1.045645	-1.789828	-104.388528
1.046250	-0.966064	-100.240593
1.046855	-0.244967	-95.562068
1.047461	0.531413	-90.460317
1.048066	1.239752	-85.089340
1.048672	2.087816	-79.115923
1.049277	2.798586	-72.623846
1.049883	3.525758	-66.119839
1.050488	4.299707	-59.225684
1.051094	5.051179	-51.921588
1.051699	5.807511	-44.471086
1.052305	6.439914	-36.774131
1.052910	7.060774	-28.931853
1.053516	7.633035	-21.019625
1.054121	8.144546	-13.035549
1.054727	8.667600	-4.906693
1.055332	9.205234	3.238974
1.055937	9.652350	11.433984
1.056543	10.072737	19.346754
1.057148	10.502237	27.115829
1.057754	10.812059	35.122679
1.058359	11.056272	42.823701
1.058965	11.255531	50.103124
1.059570	11.459649	57.305277
1.060176	11.542269	64.193738
1.060781	11.657693	70.835477
1.061387	11.685638	77.046669
1.061992	11.811389	82.983212
1.062598	11.736667	88.527167
1.063203	11.564746	93.662266
1.063809	11.443855	98.200349
1.064414	11.222119	102.347199
1.065020	10.976691	106.298026
1.065625	10.592753	109.331096
1.066230	10.313913	112.016856
1.066836	9.883199	114.395974
1.067441	9.541786	116.100805
1.068047	9.097707	117.288060
1.068652	8.515726	117.901344
1.069258	7.976270	117.947706
1.069863	7.324428	117.449650
1.070469	6.600293	116.377353
1.071074	5.850036	114.830587
1.071680	5.101601	112.711206
1.072285	4.402982	110.146639
1.072891	3.556133	106.878504
1.073496	2.831391	103.427630
1.074102	2.019777	99.426103
1.074707	1.196620	94.634248
1.075312	0.320004	89.648267
1.075918	-0.590632	84.295997
1.076523	-1.449630	78.440791
1.077129	-2.312881	72.144195
1.077734	-3.131178	65.612262
1.078340	-3.908165	58.825743
1.078945	-4.635944	51.658294
1.079551	-5.440876	44.257679
1.080156	-6.135243	36.653448
1.080762	-6.907370	28.891694
1.081367	-7.575615	20.913312
1.081973	-8.246897	12.597922
1.082578	-8.837991	4.807971
1.083184	-9.346464	-3.277776
1.083789	-9.732224	-11.457875
1.084395	-10.089431	-19.596221
1.085000	-10.425984	-27.565927
1.085605	-10.689029	-35.386786
1.086211	-11.015255	-43.136339
1.086816	-11.187783	-50.703968
1.087422	-11.382182	-57.948958
1.088027	-11.459941	-64.977049
1.088633	-11.509756	-71.766821
1.089238	-11.439894	-78.100833
1.089844	-11.336012	-83.961190
1.090449	-11.148296	-89.771932
1.091055	-10.915625	-94.925467
1.091660	-10.780154	-99.465177
1.092266	-10.543838	-103.799916
1.092871	-10.244950	-107.616266
1.093477	-9.881060	-110.945133
1.094082	-9.471608	-113.626555
1.094688	-9.007482	-115.854385
1.095293	-8.439474	-117.502822
1.095898	-7.805856	-118.539061
1.096504	-7.237847	-119.009462
1.097109	-6.694139	-119.040099
1.097715	-6.084213	-118.568342
1.098320	-5.522888	-117.309240
1.098926	-4.820015	-115.543405
1.099531	-4.129293	-113.525696
1.100137	-3.347446	-110.640660
1.100742	-2.587469	-107.264888
1.101348	-1.764920	-103.460468
1.101953	-1.030458	-99.165313
1.102559	-0.244967	-94.405722
1.103164	0.510150	-89.217482
1.103770	1.208163	-83.633943
1.104375	1.946877	-77.683030
1.104980	2.758491	-71.294793
1.105586	3.506318	-64.464353
1.106191	4.272370	-57.567757
1.106797	5.047534	-50.304601
1.107402	5.746154	-42.539052
1.108008	6.456924	-34.896322
1.108613	7.098439	-27.089290
1.109219	7.650653	-19.052616
1.109824	8.162164	-11.022178
1.110430	8.639048	-2.929923
1.111035	9.204019	5.233637
1.111641	9.668145	13.346497
1.112246	10.100682	21.355516
1.112852	10.546584	29.242801
1.113457	10.804769	36.956023
1.114062	11.021038	44.578419
1.114668	11.237306	52.016179
1.115273	11.371563	58.862616
1.115879	11.562316	65.767887
1.116484	11.553811	72.525667
1.117090	11.662553	78.609431
1.117695	11.711760	84.330159
1.118301	11.663160	89.806062
1.118906	11.618813	94.865246
1.119512	11.430490	99.371336
1.120117	11.222726	103.405669
1.120723	11.041693	107.081305
1.121328	10.649250	110.274339
1.121934	10.249518	112.810167
1.122539	9.900816	114.744912
1.123145	9.526599	116.489598
1.123750	9.042425	117.634286
1.124355	8.552783	117.863657
1.124961	7.955615	117.881552
1.125566	7.279473	117.374820
1.126172	6.486691	116.180245
1.126777	5.775921	114.440439
1.127383	5.070619	112.203932
1.127988	4.294847	109.490789
1.128594	3.496598	106.257629
1.129199	2.729331	102.531835
1.129805	1.882483	98.240747
1.130410	1.065401	93.654675
1.131016	0.159018	88.474569
1.131621	-0.689046	82.858495
1.132227	-1.574774	77.095742
1.132832	-2.415548	70.757122
1.133438	-3.216835	64.028081
1.134043	-4.043636	57.175408
1.134648	-4.785388	49.934485
1.135254	-5.548402	42.517601
1.135859	-6.247630	34.858875
1.136465	-6.979054	26.994907
1.137070	-7.652159	19.017880
1.137676	-8.190400	10.950027
1.138281	-8.829486	2.745798
1.138887	-9.362259	-5.335341
1.139492	-9.717037	-13.371201
1.140098	-10.164761	-21.674662
1.140703	-10.430844	-29.543781
1.141309	-10.721834	-37.167803
1.141914	-11.026189	-44.922508
1.142520	-11.184138	-52.403919
1.143125	-11.346947	-59.635895
1.143730	-11.413772	-66.595663
1.144336	-11.458726	-73.224387
1.144941	-11.361527	-79.502547
1.145547	-11.256430	-85.394084
1.146152	-11.142829	-90.885712
1.146758	-10.898008	-95.970110
1.147363	-10.690852	-100.682255
1.147969	-10.456966	-104.685951
1.148574	-10.102796	-108.410661
1.149180	-9.713999	-111.729225
1.149785	-9.340389	-114.117832
1.150391	-8.855000	-116.201153
1.150996	-8.318582	-117.717011
1.151602	-7.811323	-118.764094
1.152207	-7.229950	-119.087003
1.152813	-6.545303	-118.925413
1.153418	-6.001594	-118.238112
1.154023	-5.342461	-117.015612
1.154629	-4.674216	-115.177116
1.155234	-3.977419	-112.720999
1.155840	-3.256322	-109.990774
1.156445	-2.467793	-106.444465
1.157051	-1.701133	-102.339639
1.157656	-0.881622	-98.161339
1.158262	-0.133187	-93.300889
1.158867	0.616462	-87.902799
1.159473	1.335129	-82.192645
1.160078	2.156463	-76.100476
1.160684	2.875130	-69.631444
1.161289	3.582255	-62.822151
1.161895	4.361672	-55.715705
1.162500	5.093097	-48.347896
1.163105	5.786856	-40.812802
1.163711	6.458139	-32.981911
1.164316	7.023110	-25.133940
1.164922	7.613595	-17.248011
1.165527	8.085012	-9.026430
1.166133	8.655450	-0.807832
1.166738	9.077052	7.193867
1.167344	9.578236	15.234879
1.167949	10.044792	23.268842
1.168555	10.357653	31.127659
1.169160	10.723365	38.890226
1.169766	10.920193	46.382482
1.170371	11.170482	53.677359
1.170977	11.305346	60.690267
1.171582	11.429882	67.450486
1.172187	11.613346	73.847399
1.172793	11.643721	80.050458
1.173398	11.568999	85.655687
1.174004	11.643721	90.942887
1.174609	11.511894	96.087204
1.175215	11.346048	100.468577
1.175820	11.151042	104.409644
1.176426	10.815097	107.894950
1.177031	10.531396	110.898739
1.177637	10.175404	113.389018
1.178242	9.807262	115.367414
1.178848	9.425755	116.840162
1.179453	8.930646	117.782591
1.180059	8.349272	118.065374
1.180664	7.754534	117.768493
1.181270	7.102692	117.115354
1.181875	6.345145	115.888786
1.182480	5.599748	113.818479
1.183086	4.925428	111.608272
1.183691	4.141759	108.815960
1.184297	3.417624	105.419311
1.184902	2.686199	101.613536
1.185508	1.730001	97.223758
1.186113	0.968809	92.503480
1.186719	0.026584	87.192963
1.187324	-0.741898	81.560079
1.187930	-1.599074	75.480925
1.188535	-2.530365	69.161554
1.189141	-3.316464	62.395369
1.189746	-4.097096	55.289195
1.190352	-4.890485	48.310991
1.190957	-5.632237	40.715979
1.191563	-6.366091	32.849028
1.192168	-7.057421	25.089444
1.192773	-7.729919	17.142783
1.193379	-8.421856	9.017722
1.193984	-8.960705	0.820543
1.194590	-9.494693	-7.276050
1.195195	-9.941810	-15.366949
1.195801	-10.205463	-23.409046
1.196406	-10.572998	-31.425114
1.197012	-10.884035	-39.151080
1.197617	-11.129464	-46.695120
1.198223	-11.353022	-54.314263
1.198828	-11.501251	-61.461648
1.199434	-11.619713	-68.068953
1.200039	-11.621535	-74.733195
1.200645	-11.540738	-80.930560
1.201250	-11.353022	-86.754858
1.201855	-11.139184	-92.063205
1.202461	-11.007965	-97.048373
1.203066	-10.776509	-101.631733
1.203672	-10.480658	-105.695348
1.204277	-10.127096	-109.216172
1.204883	-9.794189	-112.231348
1.205488	-9.375624	-114.852038
1.206094	-8.897525	-116.652847
1.206699	-8.348957	-118.023653
1.207305	-7.738424	-119.022476
1.207910	-7.103591	-119.146108
1.208516	-6.517358	-118.734270
1.209121	-5.917760	-117.930386
1.209727	-5.262879	-116.545482
1.210332	-4.596457	-114.617515
1.210937	-3.857135	-112.092532
1.211543	-3.114168	-109.084947
1.212148	-2.328069	-105.465163
1.212754	-1.469070	-101.389077
1.213359	-0.642876	-96.874311
1.213965	0.133503	-91.984579
1.214570	0.861283	-86.635834
1.215176	1.564763	-80.613073
1.215781	2.342964	-74.547204
1.216387	3.105371	-68.120196
1.216992	3.829506	-61.129792
1.217598	4.625325	-53.902424
1.218203	5.367077	-46.522143
1.218809	6.102754	-38.883208
1.219414	6.744877	-31.050962
1.220020	7.359662	-23.139548
1.220625	7.916736	-15.176891
1.221230	8.460444	-7.096295
1.221836	8.922748	0.999485
1.222441	9.380800	9.244111
1.223047	9.864366	17.108621
1.223652	10.296296	25.045793
1.224258	10.703318	33.203930
1.224863	10.960896	40.766950
1.225469	11.222119	48.157805
1.226074	11.426845	55.466239
1.226680	11.519792	62.417872
1.227285	11.573251	69.077505
1.227891	11.590261	75.427242
1.228496	11.654048	81.392796
1.229102	11.613346	87.072313
1.229707	11.573251	92.328876
1.230312	11.484557	97.087383
1.230918	11.273756	101.437847
1.231523	11.058095	105.336076
1.232129	10.706963	108.478681
1.232734	10.355830	111.589835
1.233340	9.950023	113.986034
1.233945	9.574591	115.767865
1.234551	9.083735	117.054622
1.235156	8.660310	117.878027
1.235762	8.097769	118.117159
1.236367	7.475694	117.714268
1.236973	6.708427	116.836366
1.237578	6.066912	115.465561
1.238184	5.244970	113.488792
1.238789	4.492283	110.852105
1.239395	3.713474	107.912302
