LabVIEW Measurement	
Writer_Version	2
Reader_Version	2
Separator	Tab
Decimal_Separator	.
Multi_Headings	No
X_Columns	One
Time_Pref	Absolute
Operator	AlunosGDS-JT
Date	2019/10/09
Time	15:19:08.4651639249999940857
***End_of_Header***	
	
Channels	2		
Samples	2048	2048	
Date	2019/10/09	2019/10/09	
Time	15:27:15.3867654874999906151	15:27:15.3867654874999906151	
Y_Unit_Label	g	Newtons	
X_Dimension	Time	Time	
X0	0.0000000000000000E+0	0.0000000000000000E+0	
Delta_X	0.000605	0.000605	
***End_of_Header***			
X_Value	Acceleration (Trigger)	Force (Trigger)	Comment
0.000000	-4.974927	0.774451
0.000605	-4.923897	-7.596248
0.001211	-4.877727	-15.977522
0.001816	-4.704591	-24.352017
0.002422	-4.484070	-32.573327
0.003027	-4.280559	-40.558758
0.003633	-4.098311	-48.360096
0.004238	-3.826153	-55.983576
0.004844	-3.562500	-63.415100
0.005449	-3.266042	-70.282414
0.006055	-3.026081	-76.837664
0.006660	-2.716866	-83.304527
0.007266	-2.302554	-88.973199
0.007871	-2.001236	-94.134326
0.008477	-1.668329	-98.978780
0.009082	-1.317196	-103.356899
0.009687	-0.875547	-107.127157
0.010293	-0.560864	-110.323987
0.010898	-0.169030	-112.928138
0.011504	0.184533	-115.026642
0.012109	0.612817	-116.502102
0.012715	0.940257	-117.279416
0.013320	1.289567	-117.577111
0.013926	1.664999	-117.168255
0.014531	1.990617	-116.059898
0.015137	2.378807	-114.525875
0.015742	2.661292	-112.408934
0.016348	2.931020	-109.490279
0.016953	3.245095	-106.077905
0.017559	3.506926	-102.160968
0.018164	3.778476	-97.679551
0.018770	4.034839	-92.736137
0.019375	4.255968	-87.293040
0.019980	4.435786	-81.361377
0.020586	4.659952	-74.998084
0.021191	4.783274	-68.316219
0.021797	4.922390	-61.223058
0.022402	5.070619	-53.943635
0.023008	5.135014	-46.073161
0.023613	5.229783	-38.059261
0.024219	5.308757	-30.110160
0.024824	5.317262	-21.803717
0.025430	5.348245	-13.348698
0.026035	5.302075	-4.904524
0.026641	5.209736	3.569745
0.027246	5.121041	12.032085
0.027852	5.031132	20.399260
0.028457	4.922998	28.605387
0.029062	4.695187	36.717976
0.029668	4.571865	44.654334
0.030273	4.298492	52.432897
0.030879	4.138114	59.670025
0.031484	3.959510	66.729837
0.032090	3.570105	73.692316
0.032695	3.282152	79.958547
0.033301	3.001489	85.777151
0.033906	2.595682	91.217807
0.034512	2.288290	96.299495
0.035117	2.021599	100.740244
0.035723	1.663784	104.676972
0.036328	1.246435	108.073621
0.036934	0.908667	110.968960
0.037539	0.561180	113.186759
0.038145	0.292667	114.800221
0.038750	-0.039633	115.955483
0.039355	-0.423570	116.376810
0.039961	-0.779563	116.117615
0.040566	-1.071768	115.526293
0.041172	-1.441733	114.267732
0.041777	-1.744265	112.286896
0.042383	-2.005489	109.733716
0.042988	-2.292226	106.649946
0.043594	-2.640929	103.043989
0.044199	-2.968976	98.856470
0.044805	-3.194357	94.123720
0.045410	-3.422776	88.986181
0.046016	-3.662129	83.337843
0.046621	-3.852882	77.245945
0.047227	-4.036954	70.696118
0.047832	-4.196117	64.020219
0.048438	-4.330981	56.686570
0.049043	-4.493790	49.155544
0.049648	-4.561830	41.542637
0.050254	-4.681506	33.539312
0.050859	-4.738611	25.380903
0.051465	-4.750761	17.108892
0.052070	-4.691834	8.717859
0.052676	-4.679076	0.280462
0.053281	-4.601924	-8.142564
0.053887	-4.518697	-16.563151
0.054492	-4.361964	-24.848175
0.055098	-4.221632	-33.069214
0.055703	-4.039991	-41.245788
0.056309	-3.919099	-48.872250
0.056914	-3.699794	-56.428492
0.057520	-3.358381	-63.873301
0.058125	-3.183422	-70.838220
0.058730	-2.926452	-77.333822
0.059336	-2.547982	-83.559926
0.059941	-2.185915	-89.331083
0.060547	-1.943524	-94.583037
0.061152	-1.605149	-99.336122
0.061758	-1.268596	-103.709632
0.062363	-0.897417	-107.400179
0.062969	-0.623436	-110.595111
0.063574	-0.229172	-113.119010
0.064180	0.114671	-115.258182
0.064785	0.459728	-116.788138
0.065391	0.858245	-117.298666
0.065996	1.126758	-117.451851
0.066602	1.458451	-117.161477
0.067207	1.817481	-116.097855
0.067812	2.079919	-114.421492
0.068418	2.415864	-112.091990
0.069023	2.711107	-109.282597
0.069629	3.006957	-105.914688
0.070234	3.266965	-101.876559
0.070840	3.500243	-97.401106
0.071445	3.755391	-92.463928
0.072051	3.939463	-86.946814
0.072656	4.138114	-80.933271
0.073262	4.344662	-74.751360
0.073867	4.508078	-67.872117
0.074473	4.717057	-60.624415
0.075078	4.784489	-53.267993
0.075684	4.986785	-45.505697
0.076289	5.061507	-37.570695
0.076895	5.118004	-29.439940
0.077500	5.110714	-21.187993
0.078105	5.160529	-12.797502
0.078711	5.146556	-4.346278
0.079316	5.121649	4.183843
0.079922	4.958840	12.590059
0.080527	4.947298	20.922259
0.081133	4.829443	29.299466
0.081738	4.736497	37.393618
0.082344	4.516583	45.095453
0.082949	4.389009	52.882151
0.083555	4.107131	60.313946
0.084160	3.810066	67.341765
0.084766	3.583470	74.068637
0.085371	3.313742	80.376078
0.085977	3.046444	86.247281
0.086582	2.737836	91.678448
0.087188	2.435911	96.618608
0.087793	2.105434	101.075354
0.088398	1.792573	105.036212
0.089004	1.446908	108.232771
0.089609	1.101851	111.100184
0.090215	0.676604	113.557115
0.090820	0.402624	115.020103
0.091426	0.056959	115.989916
0.092031	-0.270481	116.455708
0.092637	-0.634979	116.294931
0.093242	-0.948446	115.472881
0.093848	-1.236399	114.122410
0.094453	-1.579027	112.149165
0.095059	-1.911934	109.590292
0.095664	-2.199280	106.408374
0.096270	-2.504242	102.735449
0.096875	-2.821963	98.611645
0.097480	-3.057063	93.878352
0.098086	-3.289734	88.444474
0.098691	-3.555817	82.983483
0.099297	-3.796385	76.976719
0.099902	-4.016299	70.306241
0.100508	-4.125648	63.466040
0.101113	-4.282382	56.256296
0.101719	-4.525987	48.747501
0.102324	-4.542997	41.023434
0.102930	-4.576410	32.972119
0.103535	-4.649917	24.863868
0.104141	-4.662674	16.618157
0.104746	-4.659636	8.070955
0.105352	-4.612859	-0.352613
0.105957	-4.544212	-8.588022
0.106563	-4.510193	-17.191075
0.107168	-4.337056	-25.560690
0.107773	-4.215557	-33.585435
0.108379	-4.036954	-41.615873
0.108984	-3.829798	-49.430496
0.109590	-3.603202	-57.028762
0.110195	-3.286089	-64.216002
0.110801	-3.085616	-71.204509
0.111406	-2.881497	-77.797987
0.112012	-2.518822	-83.965528
0.112617	-2.219934	-89.661855
0.113223	-1.904037	-94.939837
0.113828	-1.533465	-99.818723
0.114434	-1.164107	-103.877458
0.115039	-0.828770	-107.662628
0.115645	-0.507405	-110.958689
0.116250	-0.145945	-113.322082
0.116855	0.220375	-115.264960
0.117461	0.569077	-116.760483
0.118066	0.892873	-117.455105
0.118672	1.199658	-117.523157
0.119277	1.538640	-117.091527
0.119883	1.897670	-116.036581
0.120488	2.214783	-114.319278
0.121094	2.530073	-111.912776
0.121699	2.791296	-109.039127
0.122305	3.119344	-105.768823
0.122910	3.344117	-101.628480
0.123516	3.539730	-96.949141
0.124121	3.773009	-92.092216
0.124727	4.060354	-86.561546
0.125332	4.229238	-80.528754
0.125938	4.389617	-74.118556
0.126543	4.557285	-67.346407
0.127148	4.783881	-60.181669
0.127754	4.840986	-52.723846
0.128359	4.938793	-45.014419
0.128965	4.955195	-37.088364
0.129570	5.057254	-28.936191
0.130176	5.048142	-20.563322
0.130781	5.031132	-12.231936
0.131387	5.046319	-3.882113
0.131992	4.993467	4.821256
0.132598	4.853743	13.265431
0.133203	4.743787	21.494603
0.133809	4.654485	29.792370
0.134414	4.542098	37.944272
0.135020	4.330082	45.805529
0.135625	4.147226	53.440667
0.136230	3.916985	60.767537
0.136836	3.677632	67.815420
0.137441	3.404866	74.499725
0.138047	3.165513	80.691396
0.138652	2.912188	86.625499
0.139258	2.562270	92.094082
0.139863	2.238475	96.730854
0.140469	1.945662	101.337802
0.141074	1.561118	105.327400
0.141680	1.281670	108.568965
0.142285	0.917780	111.271535
0.142891	0.584872	113.502077
0.143496	0.284770	115.120419
0.144102	-0.014726	116.085351
0.144707	-0.404738	116.451912
0.145313	-0.775918	116.200308
0.145918	-1.065693	115.398593
0.146523	-1.327524	113.951330
0.147129	-1.696273	111.870720
0.147734	-1.927729	109.440360
0.148340	-2.269142	106.222653
0.148945	-2.484195	102.346115
0.149551	-2.775185	98.206856
0.150156	-3.033978	93.493627
0.150762	-3.297632	88.251705
0.151367	-3.499928	82.528807
0.151973	-3.673064	76.411966
0.152578	-3.804890	69.858886
0.153184	-4.000504	62.990216
0.153789	-4.199155	55.734923
0.154395	-4.206445	48.203897
0.155000	-4.320654	40.516160
0.155605	-4.402666	32.368053
0.156211	-4.518090	24.236757
0.156816	-4.515053	16.129591
0.157422	-4.487715	7.576966
0.158027	-4.422106	-0.883475
0.158633	-4.405703	-9.217573
0.159238	-4.264764	-17.633821
0.159844	-4.208267	-26.004521
0.160449	-4.009009	-34.168895
0.161055	-3.911809	-42.142668
0.161660	-3.686429	-49.942921
0.162266	-3.498713	-57.600021
0.162871	-3.241742	-64.911708
0.163477	-3.027296	-71.644544
0.164082	-2.780045	-78.188949
0.164687	-2.399753	-84.592097
0.165293	-2.131848	-90.101348
0.165898	-1.859690	-95.154025
0.166504	-1.539539	-99.967300
0.167109	-1.147705	-104.242120
0.167715	-0.822695	-107.894168
0.168320	-0.558434	-110.976854
0.168926	-0.131365	-113.494246
0.169531	0.163878	-115.468846
0.170137	0.509543	-116.756959
0.170742	0.816328	-117.384612
0.171348	1.182648	-117.565181
0.171953	1.504013	-117.116741
0.172559	1.801686	-115.827815
0.173164	2.106041	-114.217335
0.173770	2.444416	-111.892713
0.174375	2.783399	-108.762851
0.174980	2.981442	-105.316858
0.175586	3.260890	-101.265173
0.176191	3.533048	-96.697537
0.176797	3.746886	-91.643776
0.177402	4.068252	-86.078673
0.178008	4.215266	-80.077060
0.178613	4.319755	-73.675267
0.179219	4.596773	-66.831270
0.179824	4.746824	-59.680902
0.180430	4.842201	-52.284082
0.181035	5.022020	-44.407371
0.181641	5.083377	-36.374222
0.182246	5.142911	-28.446540
0.182852	5.142911	-20.110544
0.183457	5.161136	-11.515354
0.184062	5.170248	-3.105341
0.184668	5.059684	5.294640
0.185273	5.035384	13.818796
0.185879	4.957625	22.191393
0.186484	4.842201	30.365799
0.187090	4.673317	38.447479
0.187695	4.551211	46.348320
0.188301	4.353774	54.057205
0.188906	4.159376	61.176122
0.189512	3.926098	68.187674
0.190117	3.636322	75.062851
0.190723	3.308882	81.268892
0.191328	3.103549	87.001007
0.191934	2.812558	92.382829
0.192539	2.485726	97.270392
0.193145	2.135201	101.705447
0.193750	1.828416	105.489804
0.194355	1.511910	108.811893
0.194961	1.100636	111.483283
0.195566	0.742214	113.639537
0.196172	0.413559	115.027152
0.196777	0.086118	116.153133
0.197383	-0.303894	116.460588
0.197988	-0.614931	116.008894
0.198594	-0.930221	115.319967
0.199199	-1.320234	113.882193
0.199805	-1.699918	111.709943
0.200410	-1.958104	109.116908
0.201016	-2.286759	105.907878
0.201621	-2.576534	102.189133
0.202227	-2.863272	97.855479
0.202832	-3.108093	93.082060
0.203437	-3.337726	87.834173
0.204043	-3.635399	82.092026
0.204648	-3.905735	75.828777
0.205254	-4.085553	69.247500
0.205859	-4.278129	62.437936
0.206465	-4.499865	54.971165
0.207070	-4.598887	47.576514
0.207676	-4.710666	39.898809
0.208281	-4.759873	31.840987
0.208887	-4.815155	23.689356
0.209492	-4.877120	15.367731
0.210098	-4.882587	6.946602
0.210703	-4.826090	-1.546646
0.211309	-4.776276	-9.936866
0.211914	-4.690619	-18.327629
0.212520	-4.581270	-26.650340
0.213125	-4.372291	-34.888730
0.213730	-4.219810	-42.895581
0.214336	-4.001111	-50.424167
0.214941	-3.728953	-58.121936
0.215547	-3.480488	-65.504386
0.216152	-3.234452	-72.193842
0.216758	-2.971406	-78.650131
0.217363	-2.555879	-84.781342
0.217969	-2.238159	-90.501528
0.218574	-1.918009	-95.598941
0.219180	-1.580242	-100.225139
0.219785	-1.218174	-104.470407
0.220391	-0.802647	-108.105645
0.220996	-0.450908	-111.042738
0.221602	-0.133795	-113.555249
0.222207	0.323649	-115.576483
0.222812	0.720344	-116.752892
0.223418	1.007082	-117.296768
0.224023	1.334522	-117.548100
0.224629	1.763414	-116.930479
0.225234	2.152818	-115.711774
0.225840	2.409789	-113.905271
0.226445	2.799193	-111.466777
0.227051	3.053127	-108.547036
0.227656	3.395754	-105.022146
0.228262	3.657585	-100.937654
0.228867	3.905443	-96.305220
0.229473	4.153301	-91.209976
0.230078	4.440646	-85.572484
0.230684	4.625325	-79.648954
0.231289	4.845238	-73.159046
0.231895	5.037814	-66.113874
0.232500	5.207306	-59.069516
0.233105	5.270485	-51.639077
0.233711	5.353105	-43.749894
0.234316	5.501334	-35.786695
0.234922	5.535961	-27.663803
0.235527	5.532923	-19.357089
0.236133	5.483716	-10.870619
0.236738	5.504371	-2.462234
0.237344	5.413854	5.986008
0.237949	5.329412	14.317665
0.238555	5.190296	22.814709
0.239160	5.066974	31.025987
0.239766	4.878651	38.831121
0.240371	4.678785	46.933678
0.240977	4.407842	54.663981
0.241582	4.179423	61.836581
0.242187	3.899975	68.755409
0.242793	3.652725	75.415312
0.243398	3.365987	81.689948
0.244004	3.059202	87.455683
0.244609	2.649750	92.731496
0.245215	2.291935	97.550192
0.245820	1.835098	101.913942
0.246426	1.547753	105.622655
0.247031	1.265267	108.838463
0.247637	0.886798	111.675239
0.248242	0.541133	113.652822
0.248848	0.176635	115.028779
0.249453	-0.196367	116.096467
0.250059	-0.557219	116.416123
0.250664	-0.947231	116.082911
0.251270	-1.337851	115.099814
0.251875	-1.675011	113.613509
0.252480	-2.067453	111.491959
0.253086	-2.301946	108.815960
0.253691	-2.581394	105.599067
0.254297	-2.907619	101.827996
0.254902	-3.196787	97.528773
0.255508	-3.447075	92.526797
0.256113	-3.725916	87.316596
0.256719	-4.003541	81.698353
0.257324	-4.227100	75.304965
0.257930	-4.374721	68.726399
0.258535	-4.490753	61.855289
0.259141	-4.640197	54.598640
0.259746	-4.725246	47.058124
0.260352	-4.789640	39.278205
0.260957	-4.923290	31.224179
0.261562	-4.934224	23.018865
0.262168	-5.008946	14.635694
0.262773	-4.951842	6.193960
0.263379	-4.880157	-2.144476
0.263984	-4.801183	-10.587023
0.264590	-4.599494	-19.099250
0.265195	-4.475565	-27.142973
0.265801	-4.335841	-35.343135
0.266406	-4.158453	-43.396890
0.267012	-3.941577	-51.137767
0.267617	-3.632969	-58.589083
0.268223	-3.383288	-65.762226
0.268828	-3.154263	-72.637131
0.269434	-2.754531	-79.130022
0.270039	-2.427090	-85.163086
0.270645	-2.068061	-90.774550
0.271250	-1.715713	-95.995596
0.271855	-1.371263	-100.583566
0.272461	-0.958774	-104.644740
0.273066	-0.631941	-108.439671
0.273672	-0.261976	-111.321454
0.274277	0.091586	-113.638755
0.274883	0.462766	-115.606848
0.275488	0.926892	-116.798983
0.276094	1.241575	-117.388679
0.276699	1.647989	-117.368616
0.277305	1.952345	-116.796543
0.277910	2.272495	-115.556690
0.278516	2.585963	-113.699216
0.279121	2.908543	-111.269669
0.279727	3.203785	-108.259644
0.280332	3.542768	-104.758613
0.280938	3.806421	-100.472947
0.281543	4.087691	-95.889315
0.282148	4.349522	-90.978436
0.282754	4.587053	-85.145734
0.283359	4.769301	-79.036213
0.283965	4.959448	-72.575586
0.284570	5.090667	-65.796116
0.285176	5.210343	-58.543806
0.285781	5.313010	-50.991902
0.286387	5.496474	-43.256719
0.286992	5.602785	-35.268576
0.287598	5.591850	-26.981383
0.288203	5.617365	-18.676024
0.288809	5.617973	-10.453901
0.289414	5.585168	-1.885281
0.290020	5.414462	6.754103
0.290625	5.385302	14.955892
0.291230	5.232213	23.244712
0.291836	5.114966	31.575828
0.292441	4.902950	39.656153
0.293047	4.718272	47.551300
0.293652	4.519621	55.066330
0.294258	4.297277	62.314303
0.294863	3.986847	69.314197
0.295469	3.650295	75.868362
0.296074	3.317995	81.976527
0.296680	3.017892	87.833630
0.297285	2.661292	93.047085
0.297891	2.325954	97.777937
0.298496	1.967532	102.257999
0.299102	1.619437	105.961832
0.299707	1.241575	109.130464
0.300312	0.876470	111.825442
0.300918	0.501038	113.812514
0.301523	0.126213	115.173017
0.302129	-0.259546	116.095383
0.302734	-0.696336	116.339124
0.303340	-0.925969	116.001303
0.303945	-1.291681	115.015223
0.304551	-1.673796	113.410165
0.305156	-1.970861	111.347450
0.305762	-2.323816	108.626715
0.306367	-2.606302	105.148187
0.306973	-2.987809	101.482041
0.307578	-3.323146	97.250057
0.308184	-3.524835	92.252961
0.308789	-3.716196	86.882254
0.309395	-4.014476	81.162340
0.310000	-4.258689	74.945996
0.310605	-4.369254	68.247050
0.311211	-4.546642	61.249326
0.311816	-4.741041	54.063169
0.312422	-4.889877	46.528618
0.313027	-4.916607	38.542373
0.313633	-4.965207	30.463132
0.314238	-5.025349	22.461162
0.314844	-5.004086	14.032984
0.315449	-4.878942	5.486596
0.316055	-4.864362	-2.718446
0.316660	-4.796323	-11.079385
0.317266	-4.670571	-19.520306
0.317871	-4.532062	-27.897784
0.318477	-4.349206	-36.034503
0.319082	-4.148125	-43.902537
0.319688	-3.942792	-51.661038
0.320293	-3.643296	-59.187184
0.320898	-3.270902	-66.324267
0.321504	-3.081971	-73.079064
0.322109	-2.749671	-79.648954
0.322715	-2.378491	-85.609628
0.323320	-2.082640	-91.195878
0.323926	-1.768565	-96.439156
0.324531	-1.421078	-100.886954
0.325137	-0.922932	-104.989069
0.325742	-0.590024	-108.597194
0.326348	-0.213984	-111.493889
0.326953	0.178458	-113.783536
0.327559	0.521085	-115.690626
0.328164	0.969417	-116.893606
0.328770	1.270127	-117.380816
0.329375	1.597567	-117.331472
0.329980	2.009449	-116.675350
0.330586	2.380022	-115.561842
0.331191	2.675872	-113.615167
0.331797	2.969900	-110.887112
0.332402	3.330145	-108.067688
0.333008	3.591368	-104.524361
0.333613	3.887825	-100.189622
0.334219	4.116851	-95.493202
0.334824	4.337372	-90.407448
0.335430	4.676355	-84.762092
0.336035	4.719487	-78.639558
0.336641	4.913885	-72.117656
0.337246	5.197586	-65.281251
0.337852	5.331842	-58.118411
0.338457	5.443621	-50.471072
0.339062	5.449089	-42.631234
0.339668	5.608253	-34.848875
0.340273	5.625263	-26.414190
0.340879	5.524418	-18.000111
0.341484	5.515913	-9.739217
0.342090	5.564513	-1.240546
0.342695	5.467921	7.239416
0.343301	5.378619	15.730495
0.343906	5.184221	24.015519
0.344512	5.033562	32.182333
0.345117	4.916923	40.260489
0.345723	4.603455	48.070774
0.346328	4.371392	55.520735
0.346934	4.153908	62.819408
0.347539	3.822216	69.867020
0.348145	3.574358	76.206454
0.348750	3.305845	82.369386
0.349355	3.017284	88.291289
0.349961	2.643067	93.502574
0.350566	2.287075	98.249423
0.351172	1.887343	102.439924
0.351777	1.547145	106.155143
0.352383	1.160171	109.286632
0.352988	0.801748	111.920878
0.353594	0.443933	113.938316
0.354199	0.133503	115.286618
0.354805	-0.225527	116.083182
0.355410	-0.613109	116.298726
0.356016	-0.947839	116.060137
0.356621	-1.347571	114.862851
0.357227	-1.676833	113.188657
0.357832	-2.013993	111.293225
0.358438	-2.287366	108.436385
0.359043	-2.640929	105.025910
0.359648	-2.920984	101.206036
0.360254	-3.191927	96.847709
0.360859	-3.417916	91.955808
0.361465	-3.700401	86.504307
0.362070	-3.888725	80.702784
0.362676	-4.149948	74.489693
0.363281	-4.387478	67.852022
0.363887	-4.436686	60.687284
0.364492	-4.594634	53.547490
0.365098	-4.709451	46.008059
0.365703	-4.789640	37.946170
0.366309	-4.813940	30.007372
0.366914	-4.810295	21.856826
0.367520	-4.850998	13.518661
0.368125	-4.858287	5.038698
0.368730	-4.752583	-3.352607
0.369336	-4.625009	-11.751232
0.369941	-4.482855	-20.123287
0.370547	-4.310934	-28.440304
0.371152	-4.146910	-36.572143
0.371758	-4.004149	-44.454547
0.372363	-3.769656	-52.356743
0.372969	-3.473805	-59.750310
0.373574	-3.210152	-66.708179
0.374180	-2.951967	-73.633514
0.374785	-2.707753	-80.151077
0.375391	-2.289189	-86.089789
0.375996	-1.916187	-91.608530
0.376602	-1.545614	-96.622436
0.377207	-1.210884	-101.224233
0.377812	-0.840312	-105.271038
0.378418	-0.465487	-108.773696
0.379023	-0.190292	-111.682592
0.379629	0.215515	-114.131389
0.380234	0.556928	-115.802058
0.380840	0.959697	-116.972503
0.381445	1.280455	-117.640825
0.382051	1.657709	-117.278331
0.382656	2.004589	-116.567985
0.383262	2.350254	-115.357414
0.383867	2.626057	-113.393930
0.384473	2.969292	-110.873827
0.385078	3.248133	-107.793852
0.385684	3.498421	-104.172170
0.386289	3.789411	-99.984380
0.386895	3.970445	-95.219095
0.387500	4.250500	-90.037634
0.388105	4.519621	-84.369504
0.388711	4.649625	-78.238022
0.389316	4.808789	-71.627463
0.389922	5.013515	-64.955630
0.390527	5.116181	-57.524377
0.391133	5.239503	-49.879749
0.391738	5.378012	-42.106066
0.392344	5.421752	-34.110061
0.392949	5.510446	-25.886040
0.393555	5.487361	-17.472502
0.394160	5.457594	-9.122137
0.394766	5.419929	-0.659255
0.395371	5.248008	7.801186
0.395977	5.201838	16.303924
0.396582	5.052394	24.521438
0.397187	4.906595	32.623182
0.397793	4.697009	40.876755
0.398398	4.518406	48.614379
0.399004	4.320970	55.988425
0.399609	4.071289	63.330749
0.400215	3.798524	70.323864
0.400820	3.463794	76.827600
0.401426	3.210468	82.908653
0.402031	2.889710	88.584646
0.402637	2.522176	93.827110
0.403242	2.191698	98.608391
0.403848	1.912858	102.747108
0.404453	1.577520	106.422743
0.405059	1.169890	109.618760
0.405664	0.863105	112.009265
0.406270	0.545385	114.088519
0.406875	0.124391	115.489691
0.407480	-0.237677	116.136052
0.408086	-0.593669	116.335328
0.408691	-0.873724	115.937589
0.409297	-1.248549	114.839805
0.409902	-1.558372	113.247762
0.410508	-1.868802	111.035385
0.411113	-2.108155	108.221926
0.411719	-2.369986	104.855101
0.412324	-2.745418	100.971513
0.412930	-3.022436	96.481419
0.413535	-3.223517	91.626934
0.414141	-3.447683	86.061018
0.414746	-3.677316	80.249463
0.415352	-3.877790	74.201488
0.415957	-4.029664	67.404395
0.416563	-4.180930	60.325604
0.417168	-4.326729	53.087121
0.417773	-4.470098	45.449542
0.418379	-4.555755	37.495561
0.418984	-4.662066	29.427979
0.419590	-4.667534	21.263876
0.420195	-4.683936	12.913782
0.420801	-4.602532	4.423788
0.421406	-4.552717	-4.049126
0.422012	-4.472528	-12.356111
0.422617	-4.424536	-20.717050
0.423223	-4.201585	-29.233614
0.423828	-4.044243	-37.148825
0.424434	-3.934894	-44.939318
0.425039	-3.671849	-52.816299
0.425645	-3.448898	-60.290119
0.426250	-3.134823	-67.381382
0.426855	-2.878460	-74.021493
0.427461	-2.544337	-80.483747
0.428066	-2.312274	-86.564257
0.428672	-1.963571	-92.061036
0.429277	-1.681086	-97.017736
0.429883	-1.345748	-101.653965
0.430488	-0.911997	-105.748217
0.431094	-0.593061	-108.966466
0.431699	-0.260154	-112.000621
0.432305	0.118316	-114.368623
0.432910	0.420849	-115.960937
0.433516	0.810861	-116.984432
0.434121	1.095776	-117.474354
0.434727	1.421394	-117.370514
0.435332	1.750049	-116.652576
0.435937	2.062909	-115.338977
0.436543	2.384274	-113.296867
0.437148	2.666152	-110.786796
0.437754	3.016069	-107.638227
0.438359	3.237805	-103.949577
0.438965	3.522721	-99.799474
0.439570	3.777869	-94.876394
0.440176	4.000212	-89.598954
0.440781	4.206761	-84.013789
0.441387	4.387187	-77.796360
0.441992	4.605885	-71.155164
0.442598	4.767479	-64.281615
0.443203	4.917530	-56.973181
0.443809	5.059684	-49.346176
0.444414	5.156884	-41.542398
0.445020	5.276560	-33.524432
0.445625	5.275345	-25.264893
0.446230	5.271700	-16.936760
0.446836	5.272915	-8.422636
0.447441	5.291748	-0.185872
0.448047	5.255298	8.377055
0.448652	5.193941	17.044365
0.449258	5.081554	25.132010
0.449863	4.970990	33.341120
0.450469	4.827621	41.443135
0.451074	4.584623	49.221427
0.451680	4.418169	56.701211
0.452285	4.142974	63.861882
0.452891	3.925490	70.845779
0.453496	3.649080	77.311558
0.454102	3.413371	83.403455
0.454707	3.166728	88.999737
0.455313	2.819241	94.290462
0.455918	2.446846	98.993931
0.456523	2.188660	102.966448
0.457129	1.845426	106.806656
0.457734	1.449946	109.932993
0.458340	1.109748	112.320516
0.458945	0.806001	114.216761
0.459551	0.479168	115.593260
0.460156	0.157195	116.320145
0.460762	-0.226742	116.421817
0.461367	-0.541424	115.931895
0.461973	-0.901062	114.811066
0.462578	-1.193875	113.168322
0.463184	-1.542577	110.829873
0.463789	-1.834175	108.017227
0.464395	-2.131240	104.663145
0.465000	-2.400361	100.573231
0.465605	-2.696211	96.163119
0.466211	-2.913694	91.315141
0.466816	-3.201647	85.848728
0.467422	-3.499320	79.935230
0.468027	-3.696149	73.591729
0.468633	-3.895407	66.880040
0.469238	-4.044851	59.809112
0.469844	-4.239857	52.439404
0.470449	-4.391123	44.836801
0.471055	-4.470705	37.006995
0.471660	-4.524165	28.825811
0.472266	-4.611644	20.509879
0.472871	-4.680899	12.379667
0.473477	-4.657814	3.830296
0.474082	-4.646879	-4.709314
0.474687	-4.611644	-12.943638
0.475293	-4.522950	-21.400284
0.475898	-4.338271	-29.667414
0.476504	-4.150555	-37.767260
0.477109	-3.947044	-45.613876
0.477715	-3.861995	-53.339841
0.478320	-3.598949	-60.820167
0.478926	-3.340764	-67.943423
0.479531	-3.148795	-74.590855
0.480137	-2.866310	-80.929476
0.480742	-2.506672	-87.159647
0.481348	-2.191382	-92.440882
0.481953	-1.888242	-97.351219
0.482559	-1.514025	-102.038962
0.483164	-1.145882	-106.036423
0.483770	-0.788675	-109.335195
0.484375	-0.421748	-112.125880
0.484980	-0.155665	-114.491984
0.485586	0.326079	-116.162112
0.486191	0.570292	-117.217599
0.486797	0.935397	-117.612357
0.487402	1.336952	-117.447513
0.488008	1.671074	-116.629801
0.488613	2.022207	-115.161120
0.489219	2.285860	-113.285209
0.489824	2.654002	-110.654758
0.490430	2.949245	-107.242656
0.491035	3.222010	-103.654322
0.491641	3.474728	-99.406885
0.492246	3.763289	-94.617470
0.492852	4.105916	-89.262760
0.493457	4.270548	-83.496212
0.494063	4.484386	-77.287731
0.494668	4.632007	-70.747935
0.495273	4.843416	-63.780576
0.495879	4.963700	-56.471329
0.496484	5.117396	-48.889874
0.497090	5.237680	-40.948635
0.497695	5.333057	-32.942056
0.498301	5.431472	-24.835432
0.498906	5.441799	-16.283079
0.499512	5.477034	-7.804743
0.500117	5.468529	0.560263
0.500723	5.343385	9.056493
0.501328	5.277168	17.499312
0.501934	5.223708	25.766171
0.502539	5.085807	33.922139
0.503145	4.927250	41.994060
0.503750	4.764441	49.812750
0.504355	4.538453	57.247256
0.504961	4.347092	64.320625
0.505566	4.060962	71.273614
0.506172	3.746886	77.881190
0.506777	3.444961	83.707386
0.507383	3.198926	89.331594
0.507988	2.830783	94.668681
0.508594	2.490586	99.328227
0.509199	2.191090	103.379370
0.509805	1.906175	107.018946
0.510410	1.477283	110.090516
0.511016	1.139516	112.540940
0.511621	0.807216	114.353679
0.512227	0.412951	115.643418
0.512832	0.038126	116.346715
0.513437	-0.310576	116.415581
0.514043	-0.617969	115.723400
0.514648	-0.930829	114.732982
0.515254	-1.259484	113.101626
0.515859	-1.541362	110.569593
0.516465	-1.849362	107.698384
0.517070	-2.191990	104.343218
0.517676	-2.471438	100.370430
0.518281	-2.809813	95.889826
0.518887	-3.074073	90.837419
0.519492	-3.232022	85.405439
0.520098	-3.577079	79.465100
0.520703	-3.756291	73.125666
0.521309	-3.917277	66.350263
0.521914	-4.119573	59.330035
0.522520	-4.255652	51.801719
0.523125	-4.380189	44.230566
0.523730	-4.524772	36.492942
0.524336	-4.614074	28.292238
0.524941	-4.638982	19.986337
0.525547	-4.648702	11.691282
0.526152	-4.634122	3.288860
0.526758	-4.573980	-5.181342
0.527363	-4.510193	-13.590541
0.527969	-4.425751	-21.952565
0.528574	-4.263549	-30.219966
0.529180	-4.101956	-38.348822
0.529785	-3.927604	-46.293585
0.530391	-3.731991	-53.855249
0.530996	-3.506610	-61.320392
0.531602	-3.182207	-68.540168
0.532207	-2.966546	-75.046344
0.532813	-2.693781	-81.335891
0.533418	-2.366341	-87.350790
0.534023	-1.989694	-92.832657
0.534629	-1.744265	-97.806166
0.535234	-1.424723	-102.251524
0.535840	-1.028028	-106.213467
0.536445	-0.618576	-109.595204
0.537051	-0.284454	-112.339255
0.537656	0.120746	-114.554343
0.538262	0.507113	-116.276797
0.538867	0.806001	-117.234409
0.539473	1.089701	-117.483573
0.540078	1.508265	-117.524512
0.540684	1.824163	-116.596453
0.541289	2.152211	-115.019864
0.541895	2.485726	-112.970433
0.542500	2.787044	-110.394208
0.543105	3.155186	-107.140984
0.543711	3.368417	-103.365304
0.544316	3.598050	-99.058761
0.544922	3.845908	-94.238167
0.545527	4.166058	-88.919787
0.546133	4.322792	-83.120433
0.546738	4.500181	-76.941776
0.547344	4.732244	-70.360227
0.547949	4.877436	-63.167022
0.548555	5.011692	-55.962429
0.549160	5.158706	-48.446043
0.549766	5.254690	-40.474438
0.550371	5.278383	-32.350191
0.550977	5.414462	-24.122374
0.551582	5.374367	-15.784481
0.552187	5.305112	-7.329190
0.552793	5.339132	1.183307
0.553398	5.230391	9.632091
0.554004	5.144126	17.993843
0.554609	5.086414	26.307335
0.555215	4.937578	34.540846
0.555820	4.758366	42.404813
0.556426	4.559108	50.314059
0.557031	4.333120	57.845899
0.557637	4.088299	64.832779
0.558242	3.816748	71.691417
0.558848	3.579825	78.223078
0.559453	3.282152	84.259395
0.560059	2.972330	89.854864
0.560664	2.685592	94.993759
0.561270	2.330814	99.613992
0.561875	2.019777	103.665678
0.562480	1.640092	107.188399
0.563086	1.304147	110.198153
0.563691	0.962127	112.719611
0.564297	0.558750	114.330904
0.564902	0.270190	115.581331
0.565508	-0.111925	116.501799
0.566113	-0.413850	116.438356
0.566719	-0.720636	115.818023
0.567324	-1.105180	114.614772
0.567930	-1.410143	112.892589
0.568535	-1.710853	110.531636
0.569141	-2.030396	107.533812
0.569746	-2.356013	104.071822
0.570352	-2.614807	100.083580
0.570957	-2.854767	95.542786
0.571562	-3.078326	90.379219
0.572168	-3.327399	85.001192
0.572773	-3.625679	79.042959
0.573379	-3.773908	72.471713
0.573984	-3.971952	65.894503
0.574590	-4.183967	58.854482
0.575195	-4.256867	51.451969
0.575801	-4.366216	43.779144
0.576406	-4.340701	35.869085
0.577012	-4.476780	27.786591
0.577617	-4.551502	19.508345
0.578223	-4.519912	11.141170
0.578828	-4.504118	2.688862
0.579434	-4.519305	-5.676686
0.580039	-4.441546	-14.178881
0.580645	-4.267802	-22.517317
0.581250	-4.189435	-30.697958
0.581855	-3.964054	-38.946923
0.582461	-3.779983	-46.760461
0.583066	-3.547312	-54.331072
0.583672	-3.330436	-61.743618
0.584277	-3.094121	-68.798550
0.584883	-2.819533	-75.458453
0.585488	-2.516392	-81.799785
0.586094	-2.130025	-87.729551
0.586699	-1.777678	-93.105137
0.587305	-1.538932	-98.045027
0.587910	-1.123405	-102.408776
0.588516	-0.732178	-106.444736
0.589121	-0.370718	-109.748931
0.589727	-0.082765	-112.318921
0.590332	0.276265	-114.743046
0.590938	0.680857	-116.373589
0.591543	1.066616	-117.124875
0.592148	1.406814	-117.543762
0.592754	1.799863	-117.275620
0.593359	2.136416	-116.428627
0.593965	2.482081	-114.887284
0.594570	2.768819	-112.802336
0.595176	3.093221	-110.147213
0.595781	3.423091	-106.913511
0.596387	3.635715	-103.046190
0.596992	3.861703	-98.705215
0.597598	4.099234	-94.023978
0.598203	4.405412	-88.481108
0.598809	4.576725	-82.630240
0.599414	4.820331	-76.487642
0.600020	4.981317	-69.812284
0.600625	5.088237	-62.832996
0.601230	5.162959	-55.462746
0.601836	5.333665	-47.814322
0.602441	5.411424	-39.922700
0.603047	5.483716	-31.819329
0.603652	5.516521	-23.581752
0.604258	5.491006	-15.261753
0.604863	5.503763	-6.786128
0.605469	5.423574	1.731521
0.606074	5.337917	10.029017
0.606680	5.196371	18.480783
0.607285	5.030524	26.958305
0.607891	4.888978	35.017483
0.608496	4.714627	42.963601
0.609102	4.505041	50.769819
0.609707	4.294240	58.196734
0.610313	4.025727	65.308060
0.610918	3.719549	72.122505
0.611523	3.444354	78.536769
0.612129	3.115091	84.547059
0.612734	2.759706	90.035704
0.613340	2.389134	95.100040
0.613945	2.055619	99.841466
0.614551	1.722711	103.805578
0.615156	1.426254	107.174572
0.615762	1.030774	110.354049
0.616367	0.665062	112.840533
0.616973	0.310892	114.548617
0.617578	-0.083980	115.662939
0.618184	-0.460627	116.287610
0.618789	-0.837275	116.261311
0.619395	-1.148920	115.620644
0.620000	-1.499445	114.400583
0.620605	-1.828100	112.634749
0.621211	-2.184700	110.305518
0.621816	-2.464148	107.114382
0.622422	-2.724156	103.643446
0.623027	-3.040053	99.838484
0.623633	-3.325576	95.038494
0.624238	-3.497498	89.926170
0.624844	-3.720448	84.511270
0.625449	-3.962232	78.528907
0.626055	-4.118965	72.134434
0.626660	-4.213127	65.370148
0.627266	-4.368646	58.263702
0.627871	-4.433648	50.848445
0.628477	-4.547857	43.179416
0.629082	-4.583700	35.213506
0.629687	-4.623794	27.164631
0.630293	-4.648094	18.935187
0.630898	-4.618327	10.383377
0.631504	-4.533277	2.180503
0.632109	-4.512623	-6.263671
0.632715	-4.352851	-14.799214
0.633320	-4.221632	-23.070953
0.633926	-4.030271	-31.275725
0.634531	-3.834658	-39.343036
0.635137	-3.604417	-47.200225
0.635742	-3.375391	-54.854343
0.636348	-3.081363	-62.166572
0.636953	-2.813458	-69.262715
0.637559	-2.495130	-75.925330
0.638164	-2.148857	-82.189120
0.638770	-1.801978	-87.990644
0.639375	-1.506735	-93.538123
0.639980	-1.152565	-98.326454
0.640586	-0.769235	-102.510177
0.641191	-0.350063	-106.545866
0.641797	-0.011688	-109.858737
0.642402	0.419634	-112.478884
0.643008	0.745251	-114.618057
0.643613	1.186293	-116.192206
0.644219	1.573875	-117.101829
0.644824	1.821733	-117.410911
0.645430	2.164968	-117.099660
0.646035	2.510026	-116.243991
0.646641	2.847793	-114.783172
0.647246	3.117521	-112.485120
0.647852	3.469869	-109.872564
0.648457	3.751746	-106.694984
0.649062	4.058532	-102.605884
0.649668	4.244425	-98.270331
0.650273	4.421814	-93.439976
0.650879	4.719487	-87.984950
0.651484	4.878043	-82.172853
0.652090	5.010477	-75.955153
0.652695	5.130154	-69.289014
0.653301	5.279598	-62.222424
0.653906	5.397452	-54.834551
0.654512	5.466099	-47.200768
0.655117	5.509231	-39.452028
0.655723	5.542036	-31.212281
0.656328	5.519558	-22.927528
0.656934	5.465491	-14.773457
0.657539	5.431472	-6.253639
0.658145	5.348245	2.355379
0.658750	5.239503	10.761595
0.659355	5.109499	19.113587
0.659961	4.954588	27.429791
0.660566	4.787526	35.552140
0.661172	4.511723	43.515611
0.661777	4.319755	51.192774
0.662383	4.058532	58.600168
0.662988	3.758429	65.770599
0.663594	3.475943	72.443245
0.664199	3.178271	78.841513
0.664805	2.887280	85.006886
0.665410	2.507596	90.373796
0.666016	2.181978	95.435692
0.666621	1.852108	100.083851
0.667227	1.485788	104.007566
0.667832	1.112786	107.494228
0.668438	0.756794	110.442436
0.669043	0.408091	112.810167
0.669648	0.074576	114.543737
0.670254	-0.362213	115.671073
0.670859	-0.678718	116.288695
0.671465	-0.962419	116.266734
0.672070	-1.292289	115.459867
0.672676	-1.692021	114.111565
0.673281	-2.055911	112.536602
0.673887	-2.390033	110.083196
0.674492	-2.619059	106.895042
0.675098	-2.846262	103.410821
0.675703	-3.075288	99.410920
0.676309	-3.343194	94.767370
0.676914	-3.556425	89.652334
0.677520	-3.748393	84.112717
0.678125	-4.012654	78.116526
0.678730	-4.121395	71.672167
0.679336	-4.237427	64.793737
0.679941	-4.401451	57.674548
0.680547	-4.489538	50.392685
0.681152	-4.516875	42.459581
0.681758	-4.473135	34.678035
0.682363	-4.590989	26.680403
0.682969	-4.539352	18.329495
0.683574	-4.524772	9.920025
0.684180	-4.425751	1.519230
0.684785	-4.326121	-6.857976
0.685391	-4.296962	-15.307302
0.685996	-4.055786	-23.659836
0.686602	-3.874752	-31.874096
0.687207	-3.733206	-39.938696
0.687813	-3.411841	-47.773925
0.688418	-3.192535	-55.419637
0.689023	-2.886965	-62.656765
0.689629	-2.651864	-69.843735
0.690234	-2.407651	-76.430977
0.690840	-2.049228	-82.456720
0.691445	-1.656786	-88.420376
0.692051	-1.335421	-93.752311
0.692656	-1.018308	-98.556639
0.693262	-0.641661	-102.917406
0.693867	-0.211554	-106.760596
0.694473	0.172990	-110.051777
0.695078	0.439681	-112.677890
0.695684	0.891658	-114.784799
0.696289	1.180218	-116.392025
0.696895	1.530743	-117.327676
0.697500	1.838136	-117.398711
0.698105	2.268850	-117.025914
0.698711	2.572598	-116.303910
0.699316	2.916440	-114.616973
0.699922	3.139998	-112.247073
0.700527	3.480196	-109.507630
0.701133	3.745064	-106.330593
0.701738	3.964370	-102.394949
0.702344	4.207976	-97.938746
0.702949	4.440646	-93.050099
0.703555	4.673317	-87.643604
0.704160	4.898698	-81.789483
0.704766	5.019590	-75.393383
0.705371	5.163566	-68.847623
0.705977	5.304505	-61.793505
0.706582	5.337917	-54.190087
0.707187	5.402312	-46.684818
0.707793	5.500726	-38.808920
0.708398	5.561476	-30.660543
0.709004	5.562083	-22.355998
0.709609	5.524418	-13.976351
0.710215	5.448481	-5.583962
0.710820	5.404134	2.919860
0.711426	5.323945	11.408228
0.712031	5.198801	19.749646
0.712637	5.074872	27.960382
0.713242	4.811219	36.078122
0.713848	4.619250	44.081719
0.714453	4.426674	51.623319
0.715059	4.171526	59.160040
0.715664	3.916378	66.329929
0.716270	3.650902	72.998779
0.716875	3.291872	79.294292
0.717480	3.002704	85.278824
0.718086	2.654610	90.773434
0.718691	2.253662	95.768091
0.719297	1.943840	100.295600
0.719902	1.664999	104.319901
0.720508	1.318119	107.755863
0.721113	0.957267	110.587488
0.721719	0.537488	112.860867
0.722324	0.176028	114.645680
0.722930	-0.253471	115.591905
0.723535	-0.601566	116.106499
0.724141	-1.003121	116.209255
0.724746	-1.308084	115.413234
0.725352	-1.618514	114.090417
0.725957	-1.930767	112.250566
0.726562	-2.212645	109.796617
0.727168	-2.512140	106.731825
0.727773	-2.788550	103.105263
0.728379	-3.112345	98.990948
0.728984	-3.422168	94.385084
0.729590	-3.655446	89.167292
0.730195	-3.845592	83.497807
0.730801	-4.080693	77.614404
0.731406	-4.244110	71.177907
0.732012	-4.361356	64.062243
0.732617	-4.443976	57.167817
0.733223	-4.648702	49.762863
0.733828	-4.719779	42.003007
0.734434	-4.798145	33.974738
0.735039	-4.810903	25.883025
0.735645	-4.810295	17.647617
0.736250	-4.772023	9.237604
0.736855	-4.640804	0.825152
0.737461	-4.570942	-7.610889
0.738066	-4.501688	-15.948240
0.738672	-4.397806	-24.460738
0.739277	-4.129900	-32.610200
0.739883	-3.973167	-40.459798
0.740488	-3.861387	-48.430046
0.741094	-3.518760	-56.089857
0.741699	-3.214405	-63.321563
0.742305	-2.957434	-70.252862
0.742910	-2.605694	-76.846069
0.743516	-2.245449	-83.053465
0.744121	-1.874270	-88.856886
0.744727	-1.595429	-94.143544
0.745332	-1.296541	-98.984744
0.745938	-0.880407	-103.355543
0.746543	-0.489180	-107.049615
0.747148	-0.189077	-110.246987
0.747754	0.215515	-113.010560
0.748359	0.635294	-114.854749
0.748965	1.011334	-116.314484
0.749570	1.391019	-117.318187
0.750176	1.684439	-117.376207
0.750781	2.092676	-116.992566
0.751387	2.378199	-116.022211
0.751992	2.732976	-114.390041
0.752598	3.075604	-112.135641
0.753203	3.399399	-109.326519
0.753809	3.707399	-105.969726
0.754414	4.022689	-102.064719
0.755020	4.273585	-97.546157
0.755625	4.472236	-92.510290
0.756230	4.745609	-87.290058
0.756836	4.943045	-81.253469
0.757441	5.055432	-74.713403
0.758047	5.228568	-68.106911
0.758652	5.427219	-61.075296
0.759258	5.617973	-53.610965
0.759863	5.629515	-45.907775
0.760469	5.749192	-37.995547
0.761074	5.867046	-29.890549
0.761680	5.796576	-21.594138
0.762285	5.764379	-13.248924
0.762891	5.775314	-4.838369
0.763496	5.764987	3.564323
0.764102	5.567551	12.203165
0.764707	5.512876	20.390584
0.765312	5.399882	28.511036
0.765918	5.245578	36.883633
0.766523	5.020805	44.808604
0.767129	4.811219	52.446996
0.767734	4.562753	59.786066
0.768340	4.303960	66.830696
0.768945	4.029979	73.608267
0.769551	3.670342	79.883174
0.770156	3.414586	85.773084
0.770762	3.054949	91.275014
0.771367	2.643675	96.261808
0.771973	2.374554	100.610917
0.772578	1.958420	104.617054
0.773184	1.601212	108.055455
0.773789	1.175965	110.691599
0.774395	0.812683	113.101897
0.775000	0.441503	114.754401
0.775605	0.120746	115.808533
0.776211	-0.315436	116.284899
0.776816	-0.600959	116.174551
0.777422	-0.998868	115.370125
0.778027	-1.366403	114.028058
0.778633	-1.746088	112.085180
0.779238	-2.050443	109.569144
0.779844	-2.442278	106.489440
0.780449	-2.626349	102.715657
0.781055	-2.969584	98.639029
0.781660	-3.266042	94.117213
0.782266	-3.511470	88.686046
0.782871	-3.751431	83.019814
0.783477	-4.016299	77.112010
0.784082	-4.269017	70.642978
0.784687	-4.404488	63.696225
0.785293	-4.577625	56.517931
0.785898	-4.734358	49.110537
0.786504	-4.820015	41.367762
0.787109	-4.826090	33.353862
0.787715	-4.931187	25.141500
0.788320	-4.933617	17.028640
0.788926	-4.938477	8.560877
0.789531	-4.844923	-0.022926
0.790137	-4.813333	-8.230680
0.790742	-4.782958	-16.664280
0.791348	-4.628654	-25.083240
0.791953	-4.425751	-33.306719
0.792559	-4.209482	-41.246059
0.793164	-4.042421	-49.074238
0.793770	-3.805498	-56.625870
0.794375	-3.462263	-63.966568
0.794980	-3.202862	-70.903018
0.795586	-2.972621	-77.472638
0.796191	-2.643359	-83.720974
0.796797	-2.257599	-89.447938
0.797402	-1.916794	-94.648107
0.798008	-1.587532	-99.568204
0.798613	-1.148920	-103.726170
0.799219	-0.760730	-107.372525
0.799824	-0.398663	-110.624935
0.800430	-0.121645	-113.221766
0.801035	0.260470	-115.220496
0.801641	0.697866	-116.634411
0.802246	1.062971	-117.407387
0.802852	1.459666	-117.477337
0.803457	1.871548	-117.011816
0.804063	2.206885	-115.995912
0.804668	2.573813	-114.345306
0.805273	2.799193	-112.081416
0.805879	3.082894	-109.073831
0.806484	3.417624	-105.935022
0.807090	3.710437	-101.892284
0.807695	3.906658	-97.171734
0.808301	4.254753	-92.176536
0.808906	4.573080	-86.749978
0.809512	4.821546	-80.795811
0.810117	4.973420	-74.355247
0.810723	5.128939	-67.675009
0.811328	5.350067	-60.535487
0.811934	5.463669	-53.121043
0.812539	5.605215	-45.357392
0.813145	5.644702	-37.481223
0.813750	5.782604	-29.425842
0.814355	5.800221	-20.978685
0.814961	5.833026	-12.545898
0.815566	5.854288	-4.315370
0.816172	5.849428	4.227765
0.816777	5.668395	12.751921
0.817383	5.559653	21.162205
0.817988	5.504371	29.368331
0.818594	5.299645	37.487427
0.819199	5.150809	45.407789
0.819805	4.957018	53.065160
0.820410	4.834911	60.449508
0.821016	4.556070	67.463772
0.821621	4.289380	74.205826
0.822227	3.973482	80.320227
0.822832	3.643005	86.191971
0.823438	3.203785	91.820246
0.824043	2.882420	96.639485
0.824648	2.623020	101.043903
0.825254	2.308945	104.997170
0.825859	1.965710	108.368062
0.826465	1.569015	111.161458
0.827070	1.201480	113.327472
0.827676	0.836983	114.914907
0.828281	0.446363	115.959278
0.828887	0.006537	116.354578
0.829492	-0.334876	116.126291
0.830098	-0.687831	115.386935
0.830703	-1.018308	113.948619
0.831309	-1.390096	111.844692
0.831914	-1.702956	109.575651
0.832520	-2.003059	106.371501
0.833125	-2.405221	102.605039
0.833730	-2.783083	98.413453
0.834336	-3.013324	93.683685
0.834941	-3.323146	88.396485
0.835547	-3.598342	82.770379
0.836152	-3.809143	76.696918
0.836758	-4.020551	70.190200
0.837363	-4.185790	63.212810
0.837969	-4.358926	55.999812
0.838574	-4.529632	48.556087
0.839180	-4.679684	40.834460
0.839785	-4.795108	32.581700
0.840391	-4.835810	24.612536
0.840996	-4.915392	16.475817
0.841602	-4.854035	7.905841
0.842207	-4.827305	-0.515017
0.842812	-4.723423	-8.880836
0.843418	-4.702769	-17.265363
0.844023	-4.570335	-25.653686
0.844629	-4.445798	-33.880689
0.845234	-4.299999	-41.863138
0.845840	-4.171210	-49.696740
0.846445	-3.926997	-57.302869
0.847051	-3.577687	-64.610760
0.847656	-3.359596	-71.310790
0.848262	-3.086223	-77.986690
0.848867	-2.642751	-84.312026
0.849473	-2.358443	-89.826428
0.850078	-2.108763	-95.045304
0.850684	-1.805015	-99.851801
0.851289	-1.369441	-104.118217
0.851895	-1.001906	-107.828014
0.852500	-0.613716	-110.882232
0.853105	-0.187862	-113.422398
0.853711	0.294489	-115.348196
0.854316	0.639547	-116.684297
0.854922	0.979137	-117.452122
0.855527	1.332699	-117.680409
0.856133	1.672289	-117.011003
0.856738	2.050759	-115.956599
0.857344	2.350862	-114.340426
0.857949	2.718397	-111.911150
0.858555	3.070136	-109.003068
0.859160	3.462579	-105.514779
0.859766	3.748709	-101.436252
0.860371	3.996567	-96.888680
0.860977	4.316110	-91.867454
0.861582	4.478919	-86.357931
0.862187	4.597988	-80.441180
0.862793	4.895053	-73.988416
0.863398	5.056039	-67.152552
0.864004	5.283850	-60.146423
0.864609	5.400489	-52.623530
0.865215	5.577270	-44.670904
0.865820	5.680545	-36.915929
0.866426	5.726714	-28.780565
0.867031	5.816016	-20.364859
0.867637	5.781389	-11.949424
0.868242	5.796576	-3.583876
0.868848	5.719424	4.900696
0.869453	5.585168	13.393944
0.870059	5.582130	21.763559
0.870664	5.497081	29.959925
0.871270	5.395022	38.070345
0.871875	5.153846	46.080720
0.872480	4.905380	53.577856
0.873086	4.737712	60.837216
0.873691	4.416954	68.125044
0.874297	4.111991	74.736959
0.874902	3.859273	80.871152
0.875508	3.699502	86.776245
0.876113	3.359304	92.207683
0.876719	2.997237	97.132932
0.877324	2.693489	101.435136
0.877930	2.349647	105.309235
0.878535	1.952345	108.617226
0.879141	1.531350	111.391372
0.879746	1.120683	113.407454
0.880352	0.815721	115.041522
0.880957	0.446971	116.092943
0.881563	0.094623	116.270258
0.882168	-0.204872	116.187023
0.882773	-0.610679	115.414318
0.883379	-0.997653	113.899816
0.883984	-1.382198	111.896748
0.884590	-1.740621	109.270907
0.885195	-2.096005	105.997620
0.885801	-2.389426	102.346115
0.886406	-2.702893	98.115758
0.887012	-2.940424	93.331494
0.887617	-3.156085	88.129699
0.888223	-3.445860	82.355559
0.888828	-3.722271	76.185306
0.889434	-3.934894	69.810897
0.890039	-4.169388	62.636128
0.890645	-4.276307	55.394120
0.891250	-4.488323	48.083246
0.891855	-4.533277	40.284891
0.892461	-4.513838	32.269635
0.893066	-4.649309	24.058899
0.893672	-4.742256	15.846265
0.894277	-4.709451	7.384197
0.894883	-4.659636	-1.052657
0.895488	-4.667534	-9.487071
0.896094	-4.663889	-17.852619
0.896699	-4.519305	-26.170991
0.897305	-4.286634	-34.550909
0.897910	-4.176070	-42.344927
0.898516	-3.987746	-50.128371
0.899121	-3.683391	-57.835086
0.899727	-3.420953	-65.068147
0.900332	-3.301276	-71.834060
0.900937	-3.062531	-78.362197
0.901543	-2.676771	-84.624903
0.902148	-2.250917	-90.298456
0.902754	-1.958104	-95.452262
0.903359	-1.566877	-100.146784
0.903965	-1.168967	-104.395306
0.904570	-0.777133	-108.031900
0.905176	-0.430860	-111.028368
0.905781	-0.085803	-113.675357
0.906387	0.320612	-115.590852
0.906992	0.607350	-116.742589
0.907598	1.019839	-117.523970
0.908203	1.353354	-117.601241
0.908809	1.765844	-117.038928
0.909414	2.119406	-115.894783
0.910020	2.496053	-114.104005
0.910625	2.771249	-111.706993
0.911230	3.133316	-108.820601
0.911836	3.401829	-105.322823
0.912441	3.650295	-101.310180
0.913047	3.886610	-96.735766
0.913652	4.186106	-91.587382
0.914258	4.440039	-86.116088
0.914863	4.670280	-80.224552
0.915469	4.859818	-73.519099
0.916074	5.003795	-66.671306
0.916680	5.209736	-59.569741
0.917285	5.288710	-52.109478
0.917891	5.365255	-44.345013
0.918496	5.438154	-36.391845
0.919102	5.529278	-28.215813
0.919707	5.584560	-19.867617
0.920312	5.617973	-11.456791
0.920918	5.593673	-2.934533
0.921523	5.540821	5.423424
0.922129	5.410817	13.893626
0.922734	5.282028	22.339698
0.923340	5.169033	30.308049
0.923945	4.989822	38.566503
0.924551	4.771731	46.558713
0.925156	4.605278	54.111158
0.925762	4.433356	61.435046
0.926367	4.176993	68.446598
0.926973	3.865956	75.124667
0.927578	3.597443	81.356736
0.928184	3.284582	87.111897
0.928789	2.906113	92.479621
0.929395	2.558018	97.333293
0.930000	2.267635	101.680775
0.930605	1.938372	105.430699
0.931211	1.581772	108.953420
0.931816	1.248257	111.538050
0.932422	0.965165	113.546541
0.933027	0.540525	115.221277
0.933633	0.222805	116.123309
0.934238	-0.163562	116.474415
0.934844	-0.477637	116.117073
0.935449	-0.787460	115.261133
0.936055	-1.183547	113.793536
0.936660	-1.498837	111.715908
0.937266	-1.659216	109.084102
0.937871	-2.021283	105.897575
0.938477	-2.312274	102.081768
0.939082	-2.589292	97.677621
0.939688	-2.850515	93.059285
0.940293	-3.089261	87.781846
0.940898	-3.386326	81.923657
0.941504	-3.529695	75.847485
0.942109	-3.663951	69.297387
0.942715	-3.766011	62.363376
0.943320	-3.991999	55.175864
0.943926	-4.126255	47.615556
0.944531	-4.189435	39.805813
0.945137	-4.276914	31.742569
0.945742	-4.368646	23.555150
0.946348	-4.367431	15.261179
0.946953	-4.414208	6.901324
0.947559	-4.299392	-1.729926
0.948164	-4.229530	-10.018204
0.948770	-4.167565	-18.221077
0.949375	-4.043636	-26.764212
0.949980	-3.867462	-34.887104
0.950586	-3.755683	-42.830511
0.951191	-3.615352	-50.613683
0.951797	-3.315249	-58.195953
0.952402	-3.064961	-65.444468
0.953008	-2.871170	-72.251321
0.953613	-2.572282	-78.714388
0.954219	-2.201102	-84.904704
0.954824	-1.941094	-90.638717
0.955430	-1.586317	-95.640423
0.956035	-1.328131	-100.384831
0.956641	-0.936904	-104.769187
0.957246	-0.637409	-108.146043
0.957852	-0.325763	-111.168268
0.958457	0.007752	-113.713857
0.959063	0.442111	-115.638570
0.959668	0.813291	-116.855377
0.960273	1.164423	-117.446700
0.960879	1.468171	-117.506889
0.961484	1.698412	-117.039471
0.962090	2.120013	-115.816970
0.962695	2.304692	-113.986608
0.963301	2.681947	-111.722718
0.963906	3.001489	-108.727605
0.964512	3.300985	-105.063628
0.965117	3.534263	-101.167839
0.965723	3.831328	-96.444307
0.966328	4.032409	-91.141382
0.966934	4.256575	-85.644061
0.967539	4.443076	-79.626180
0.968145	4.575510	-73.172873
0.968750	4.758366	-66.339450
0.969355	4.955195	-59.139737
0.969961	5.022627	-51.602746
0.970566	5.141696	-43.825267
0.971172	5.248008	-35.846342
0.971777	5.340955	-27.714504
0.972383	5.288710	-19.396944
0.972988	5.334272	-10.782504
0.973594	5.260158	-2.572310
0.974199	5.203661	5.906297
0.974805	5.097956	14.583096
0.975410	5.045104	22.891979
0.976016	4.998935	31.077772
0.976621	4.869538	39.174364
0.977227	4.665420	47.012575
0.977832	4.434571	54.621686
0.978437	4.268118	61.886197
0.979043	3.989885	68.869552
0.979648	3.718942	75.531083
0.980254	3.406689	81.689135
0.980859	3.240843	87.411490
0.981465	2.898823	92.939448
0.982070	2.598112	97.775768
0.982676	2.290720	101.963829
0.983281	1.969962	105.842537
0.983887	1.630372	109.072715
0.984492	1.239145	111.760101
0.985098	0.912312	113.801669
0.985703	0.587910	115.242154
0.986309	0.241030	116.198139
0.986914	-0.054213	116.490140
0.987520	-0.405953	116.125749
0.988125	-0.640446	115.236189
0.988730	-1.017701	113.726839
0.989336	-1.340888	111.468642
0.989941	-1.620336	108.891332
0.990547	-1.989086	105.748728
0.991152	-2.237552	101.830978
0.991758	-2.471438	97.481869
0.992363	-2.672519	92.760506
0.992969	-2.923414	87.402542
0.993574	-3.095336	81.668529
0.994180	-3.357774	75.466013
0.994785	-3.602594	68.869552
0.995391	-3.749001	61.870201
0.995996	-3.942184	54.623313
0.996602	-4.084946	47.076289
0.997207	-4.190042	39.323754
0.997812	-4.134760	31.126845
0.998418	-4.187612	22.906078
0.999023	-4.215557	14.852865
0.999629	-4.258082	6.324371
1.000234	-4.252007	-2.153965
1.000840	-4.173033	-10.562080
1.001445	-4.213735	-18.971550
1.002051	-3.982279	-27.305105
1.002656	-3.803675	-35.472462
1.003262	-3.648764	-43.399059
1.003867	-3.476235	-51.152137
1.004473	-3.159730	-58.645748
1.005078	-2.914909	-65.944964
1.005684	-2.762428	-72.650687
1.006289	-2.491485	-79.190212
1.006895	-2.172550	-85.478403
1.007500	-1.866980	-90.928007
1.008105	-1.532250	-96.017015
1.008711	-1.198127	-100.642400
1.009316	-0.830592	-104.846728
1.009922	-0.473992	-108.394122
1.010527	-0.137440	-111.405773
1.011133	0.205795	-113.869211
1.011738	0.585480	-115.796907
1.012344	0.848525	-117.018594
1.012949	1.166853	-117.619677
1.013555	1.505228	-117.714029
1.014160	1.846640	-117.002327
1.014766	2.237868	-115.700929
1.015371	2.544653	-114.031886
1.015977	2.885458	-111.526966
1.016582	3.143643	-108.458107
1.017187	3.405474	-104.836426
1.017793	3.666090	-100.704758
1.018398	3.830721	-96.032469
1.019004	4.094981	-90.933429
1.019609	4.207976	-85.376189
1.020215	4.488638	-79.268024
1.020820	4.665420	-72.724433
1.021426	4.828228	-65.829194
1.022031	4.899913	-58.755283
1.022637	5.014730	-51.130718
1.023242	5.014730	-43.241265
1.023848	5.165388	-35.487645
1.024453	5.183006	-27.230817
1.025059	5.190903	-18.802911
1.025664	5.171463	-10.362803
1.026270	5.210951	-1.923238
1.026875	5.155061	6.584379
1.027480	5.053609	15.065427
1.028086	4.938793	23.354247
1.028691	4.780844	31.525941
1.029297	4.581585	39.592438
1.029902	4.361672	47.556722
1.030508	4.184891	55.069312
1.031113	3.975305	62.206124
1.031719	3.803384	69.424815
1.032324	3.514216	76.011244
1.032930	3.225655	81.994150
1.033535	2.921908	87.828750
1.034141	2.617552	93.220062
1.034746	2.166791	97.984534
1.035352	1.931082	102.232242
1.035957	1.634625	105.993011
1.036563	1.313259	109.239999
1.037168	0.957267	111.844421
1.037773	0.677819	113.855352
1.038379	0.342482	115.375818
1.038984	0.016257	116.245857
1.039590	-0.323333	116.304691
1.040195	-0.666568	116.070440
1.040801	-0.953306	115.211246
1.041406	-1.277101	113.567147
1.042012	-1.588747	111.412249
1.042617	-1.743658	108.726760
1.043223	-2.046798	105.464589
1.043828	-2.306806	101.656103
1.044434	-2.563777	97.301571
1.045039	-2.774578	92.360868
1.045645	-2.981734	87.063908
1.046250	-3.320716	81.195688
1.046855	-3.447075	74.948978
1.047461	-3.591052	68.472084
1.048066	-3.667596	61.292163
1.048672	-3.749608	53.994033
1.049277	-3.902090	46.692648
1.049883	-3.923959	38.784487
1.050488	-3.990176	30.639363
1.051094	-3.979241	22.547380
1.051699	-4.037561	14.192406
1.052305	-4.012654	5.712714
1.052910	-3.934894	-2.746372
1.053516	-3.837695	-11.072065
1.054121	-3.773908	-19.434089
1.054727	-3.595912	-27.837594
1.055332	-3.385111	-36.038841
1.055937	-3.325576	-43.795443
1.056543	-3.154263	-51.604644
1.057148	-2.912479	-59.313528
1.057754	-2.616629	-66.309897
1.058359	-2.448960	-73.093976
1.058965	-2.128203	-79.519086
1.059570	-1.801978	-85.660599
1.060176	-1.507950	-91.231124
1.060781	-1.199342	-96.328266
1.061387	-0.906529	-100.948771
1.061992	-0.622221	-105.120835
1.062598	-0.229779	-108.607226
1.063203	0.035696	-111.525882
1.063809	0.332762	-114.087466
1.064414	0.764691	-115.858452
1.065020	1.050821	-116.848057
1.065625	1.321764	-117.618864
1.066230	1.712384	-117.545389
1.066836	2.000944	-116.861071
1.067441	2.265205	-115.622574
1.068047	2.542223	-113.699216
1.068652	2.822278	-111.195923
1.069258	3.084716	-108.205419
1.069863	3.359912	-104.585906
1.070469	3.585293	-100.432820
1.071074	3.799739	-95.710915
1.071680	4.036054	-90.489056
1.072285	4.153301	-84.960827
1.072891	4.337980	-78.927221
1.073496	4.455226	-72.136906
1.074102	4.580978	-65.386447
1.074707	4.723132	-58.245026
1.075312	4.823976	-50.600670
1.075918	4.929680	-42.768152
1.076523	4.994682	-34.764826
1.077129	5.028702	-26.575238
1.077734	5.056039	-18.231651
1.078340	5.068797	-9.805642
1.078945	4.995290	-1.354419
1.079551	4.861641	7.029837
1.080156	4.770516	15.576496
1.080762	4.705514	23.935266
1.081367	4.585838	31.916902
1.081973	4.444291	40.206536
1.082578	4.225593	48.109003
1.083184	4.096804	55.568182
1.083789	3.846516	62.777112
1.084395	3.556740	69.743658
1.085000	3.357482	76.388921
1.085605	3.037939	82.482716
1.086211	2.766389	88.222423
1.086816	2.443809	93.505827
1.087422	2.203240	98.305003
1.088027	1.922577	102.446973
1.088633	1.628550	106.202861
1.089238	1.270127	109.503261
1.089844	0.946940	111.900273
1.090449	0.632257	113.946450
1.091055	0.302387	115.537951
1.091660	0.000462	116.301980
1.092266	-0.316044	116.473331
1.092871	-0.540817	116.112735
1.093477	-0.908352	115.066736
1.094082	-1.216352	113.474151
1.094688	-1.532857	111.285362
1.095293	-1.797118	108.490339
1.095898	-2.052873	105.202141
1.096504	-2.365126	101.291440
1.097109	-2.613592	96.808667
1.097715	-2.803738	92.088117
1.098320	-3.002996	86.612214
1.098926	-3.146365	80.635002
1.099531	-3.377213	74.562897
1.100137	-3.488385	67.914109
1.100742	-3.643296	60.891712
1.101348	-3.794563	53.593853
1.101953	-3.903912	45.971999
1.102559	-3.900267	38.165510
1.103164	-4.019944	30.033129
1.103770	-3.993821	21.884751
1.104375	-4.032701	13.585900
1.104980	-4.012654	5.178599
1.105586	-3.967699	-3.401680
1.106191	-3.924567	-11.691856
1.106797	-3.856527	-20.028122
1.107402	-3.745356	-28.484768
1.108008	-3.557032	-36.581632
1.108613	-3.355951	-44.458343
1.109219	-3.161553	-52.186206
1.109824	-2.924629	-59.668159
1.110430	-2.713221	-66.785179
1.111035	-2.509710	-73.582542
1.111641	-2.239374	-80.040187
1.112246	-2.007311	-86.143472
1.112852	-1.608186	-91.711557
1.113457	-1.289251	-96.616471
1.114062	-1.054151	-101.311806
1.114668	-0.607034	-105.470044
1.115273	-0.269874	-108.703746
1.115879	-0.031736	-111.685303
1.116484	0.355847	-114.130304
1.117090	0.748289	-115.867670
1.117695	1.026522	-117.015069
1.118301	1.299287	-117.507703
1.118906	1.630980	-117.425010
1.119512	2.010057	-116.758586
1.120117	2.359367	-115.391033
1.120723	2.634562	-113.445444
1.121328	2.917655	-111.000442
1.121934	3.197103	-107.899048
1.122539	3.421269	-104.183015
1.123145	3.599265	-100.202093
1.123750	3.901798	-95.291757
1.124355	4.111384	-90.030856
1.124961	4.268118	-84.420475
1.125566	4.596773	-78.264321
1.126172	4.720094	-71.696329
1.126777	4.901128	-64.799462
1.127383	5.029917	-57.558539
1.127988	5.088844	-50.011245
1.128594	5.165996	-42.211805
1.129199	5.189081	-34.228813
1.129805	5.292963	-26.025126
1.130410	5.302075	-17.665272
1.131016	5.299037	-9.097465
1.131621	5.285065	-0.847416
1.132227	5.237073	7.577238
1.132832	5.124686	16.265695
1.133438	5.023842	24.561022
1.134043	4.876221	32.686354
1.134648	4.690327	40.689137
1.135254	4.437001	48.556901
1.135859	4.335550	56.047801
1.136465	4.096804	63.249954
1.137070	3.858666	70.217855
1.137676	3.554918	76.809706
1.138281	3.242665	82.849548
1.138887	2.958965	88.452066
1.139492	2.635777	93.861000
1.140098	2.272495	98.550371
1.140703	2.012487	102.617781
1.141309	1.672289	106.395360
1.141914	1.327839	109.633129
1.142520	0.999184	112.182785
1.143125	0.613425	114.058153
1.143730	0.262292	115.465290
1.144336	-0.042671	116.294117
1.144941	-0.418710	116.406363
1.145547	-0.729140	115.914001
1.146152	-1.124013	114.881287
1.146758	-1.425330	113.286804
1.147363	-1.729078	110.881387
1.147969	-2.020068	108.173123
1.148574	-2.355406	104.947826
1.149180	-2.589899	100.856014
1.149785	-2.924022	96.461356
1.150391	-3.192535	91.567016
1.150996	-3.411233	86.143440
1.151602	-3.689466	80.234280
1.152207	-3.825545	74.000585
1.152813	-3.958587	67.336885
1.153418	-4.087376	60.335636
1.154023	-4.230745	52.965115
1.154629	-4.308504	45.381490
1.155234	-4.383833	37.583677
1.155840	-4.424536	29.387039
1.156445	-4.419676	21.147835
1.157051	-4.529025	13.043109
1.157656	-4.428788	4.576160
1.158262	-4.392338	-3.987309
1.158867	-4.272054	-12.344453
1.159473	-4.145695	-20.727895
1.160078	-3.976811	-29.013732
1.160684	-3.800638	-37.129846
1.161289	-3.653624	-44.990289
1.161895	-3.425206	-52.691582
1.162500	-3.148795	-60.226947
1.163105	-2.882105	-67.387346
1.163711	-2.626956	-74.035320
1.164316	-2.308629	-80.401867
1.164922	-1.932589	-86.607637
1.165527	-1.507342	-91.978886
1.166133	-1.249157	-96.861026
1.166738	-0.917464	-101.456316
1.167344	-0.563294	-105.540265
1.167949	-0.249827	-108.995476
1.168555	0.147476	-111.838488
1.169160	0.494355	-114.117832
1.169766	0.934182	-115.861706
1.170371	1.302932	-116.944848
1.170977	1.616400	-117.326592
1.171582	1.914680	-117.251761
1.172187	2.352077	-116.646882
1.172793	2.593860	-115.117740
1.173398	2.900038	-113.202245
1.174004	3.214720	-110.761853
1.174609	3.545198	-107.476094
1.175215	3.811281	-103.794765
1.175820	4.118066	-99.522384
1.176426	4.308212	-94.772824
1.177031	4.560323	-89.561810
1.177637	4.787526	-83.857350
1.178242	4.893838	-77.692248
1.178848	5.037814	-71.115851
1.179453	5.189081	-64.156355
1.180059	5.331842	-56.912178
1.180664	5.416892	-49.449475
1.181270	5.595495	-41.439100
1.181875	5.607645	-33.397545
1.182480	5.689657	-25.354093
1.183086	5.658067	-16.940556
1.183691	5.615543	-8.441072
1.184297	5.515913	-0.026179
1.184902	5.503763	8.428026
1.185508	5.325160	16.828821
1.186113	5.293570	25.185964
1.186719	5.015337	33.268187
1.187324	4.864071	41.284527
1.187930	4.627755	49.136836
1.188535	4.398729	56.633159
1.189141	4.221340	63.685109
1.189746	3.894508	70.715368
1.190352	3.582255	77.289054
1.190957	3.301592	83.263555
1.191563	2.989947	88.935481
1.192168	2.621197	94.184994
1.192773	2.366049	98.929403
1.193379	1.985757	103.025282
1.193984	1.652849	106.675703
1.194590	1.208770	109.760558
1.195195	0.822403	112.260055
1.195801	0.507113	114.127290
1.196406	0.065464	115.337861
1.197012	-0.323941	116.233114
1.197617	-0.647129	116.194886
1.198223	-0.888912	115.721231
1.198828	-1.267989	114.821911
1.199434	-1.655571	113.023271
1.200039	-1.936842	110.747722
1.200645	-2.315311	107.893323
1.201250	-2.652471	104.480678
1.201855	-2.896077	100.521446
1.202461	-3.114168	96.088018
1.203066	-3.296417	91.148942
1.203672	-3.585584	85.689306
1.204277	-3.785450	79.799397
1.204883	-4.004149	73.383776
1.205488	-4.190650	66.791383
1.206094	-4.332804	59.681683
1.206699	-4.530847	52.167195
1.207305	-4.591597	44.814026
1.207910	-4.688189	36.942738
1.208516	-4.669356	28.803037
1.209121	-4.668749	20.541872
1.209727	-4.703984	12.254136
1.210332	-4.636552	3.835176
1.210937	-4.598279	-4.629061
1.211543	-4.540567	-13.050190
1.212148	-4.354674	-21.387541
1.212754	-4.210697	-29.653857
1.213359	-4.022374	-37.890893
1.213965	-3.781198	-45.658069
1.214570	-3.533947	-53.251454
1.215176	-3.204685	-60.926990
1.215781	-2.930097	-67.929324
1.216387	-2.677986	-74.546390
1.216992	-2.347509	-80.902634
1.217598	-2.052266	-86.902078
1.218203	-1.726648	-92.410516
1.218809	-1.329954	-97.331698
1.219414	-0.989756	-101.851073
1.220020	-0.523200	-105.813558
1.220625	-0.192722	-109.288291
1.221230	0.192430	-111.997638
1.221836	0.598237	-114.377027
1.222441	0.966379	-116.143404
1.223047	1.279847	-116.928852
1.223652	1.618830	-117.502280
1.224258	2.034964	-117.362380
1.224863	2.390956	-116.439201
1.225469	2.734799	-115.035047
1.226074	3.087146	-112.961215
1.226680	3.376314	-110.388785
1.227285	3.646650	-107.248350
1.227891	3.952220	-103.517405
1.228496	4.142366	-99.201915
1.229102	4.397514	-94.449373
1.229707	4.750469	-89.110117
1.230312	4.925428	-83.345195
1.230918	5.119219	-77.330297
1.231523	5.303290	-70.510701
1.232129	5.486146	-63.539004
1.232734	5.594280	-56.438252
1.233340	5.659282	-48.762445
1.233945	5.769239	-40.860520
1.234551	5.789894	-32.867497
1.235156	5.789894	-24.693905
1.235762	5.798399	-16.235090
1.236367	5.846998	-7.844869
1.236973	5.795361	0.599034
1.237578	5.714564	9.067609
1.238184	5.508016	17.477893
1.238789	5.395629	25.828258
1.239395	5.246185	33.784408
