LabVIEW Measurement	
Writer_Version	2
Reader_Version	2
Separator	Tab
Decimal_Separator	.
Multi_Headings	No
X_Columns	One
Time_Pref	Absolute
Operator	AlunosGDS-JT
Date	2019/10/09
Time	15:19:08.4651639249999940857
***End_of_Header***	
	
Channels	2		
Samples	2048	2048	
Date	2019/10/09	2019/10/09	
Time	15:21:44.3376443937499929841	15:21:44.3376443937499929841	
Y_Unit_Label	g	Newtons	
X_Dimension	Time	Time	
X0	0.0000000000000000E+0	0.0000000000000000E+0	
Delta_X	0.000605	0.000605	
***End_of_Header***			
X_Value	Acceleration (Trigger)	Force (Trigger)	Comment
0.000000	-1.897354	0.334416
0.000605	-1.857867	-3.645150
0.001211	-1.811090	-7.575914
0.001816	-1.842072	-11.586659
0.002422	-1.702348	-15.480008
0.003027	-1.569914	-19.257858
0.003633	-1.535287	-23.362683
0.004238	-1.379768	-27.194216
0.004844	-1.302616	-30.769264
0.005449	-1.176257	-34.678609
0.006055	-1.040178	-38.406300
0.006660	-0.901062	-42.033676
0.007266	-0.849425	-45.698738
0.007871	-0.671428	-49.327469
0.008477	-0.514087	-52.828771
0.009082	-0.348241	-56.248465
0.009687	-0.189684	-59.677377
0.010293	-0.048746	-63.133131
0.010898	0.071539	-66.373612
0.011504	0.188178	-69.455484
0.012109	0.239207	-72.822580
0.012715	0.436036	-75.780549
0.013320	0.626182	-78.490439
0.013926	0.760439	-81.386320
0.014531	0.914742	-84.198424
0.015137	1.125543	-86.870357
0.015742	1.261015	-89.391273
0.016348	1.393449	-91.812686
0.016953	1.589670	-94.186111
0.017559	1.602427	-96.483349
0.018164	1.807761	-98.533051
0.018770	1.916502	-100.584108
0.019375	2.059871	-102.510448
0.019980	2.172866	-104.175153
0.020586	2.316235	-106.004701
0.021191	2.403714	-107.496700
0.021797	2.548298	-108.727063
0.022402	2.671619	-109.982641
0.023008	2.702602	-111.187247
0.023613	2.788259	-112.231077
0.024219	2.862980	-113.097862
0.024824	2.902468	-113.939161
0.025430	3.024574	-114.509607
0.026035	3.127241	-114.978111
0.026641	3.116306	-115.337622
0.027246	3.214113	-115.574585
0.027852	3.177056	-115.768168
0.028457	3.123596	-115.522800
0.029062	3.112661	-115.484300
0.029668	3.163691	-115.203144
0.030273	3.141213	-114.563561
0.030879	3.147288	-113.940517
0.031484	3.145466	-113.212819
0.032090	3.104764	-112.385347
0.032695	3.103549	-111.354531
0.033301	3.044622	-110.208759
0.033906	2.933450	-108.980835
0.034512	2.794941	-107.620604
0.035117	2.707462	-106.061909
0.035723	2.628487	-104.465527
0.036328	2.536755	-102.781573
0.036934	2.529465	-100.638604
0.037539	2.348432	-98.811496
0.038145	2.226933	-96.835540
0.038750	2.120621	-94.308388
0.039355	1.971785	-92.078388
0.039961	1.889165	-89.638539
0.040566	1.713599	-87.140668
0.041172	1.553828	-84.380349
0.041777	1.498546	-81.612167
0.042383	1.379476	-78.812806
0.042988	1.260407	-75.855380
0.043594	1.102458	-72.686205
0.044199	0.931752	-69.634427
0.044805	0.779271	-66.620606
0.045410	0.557535	-63.148314
0.046016	0.394726	-59.697441
0.046621	0.243460	-56.313535
0.047227	0.159625	-52.701071
0.047832	0.067894	-49.184315
0.048438	-0.112533	-45.541214
0.049043	-0.241929	-41.828163
0.049648	-0.358568	-38.157408
0.050254	-0.547499	-34.438664
0.050859	-0.712738	-30.547484
0.051465	-0.905922	-26.746589
0.052070	-1.034103	-22.844835
0.052676	-1.097890	-18.994053
0.053281	-1.221212	-15.128631
0.053887	-1.384021	-10.976358
0.054492	-1.353646	-7.014686
0.055098	-1.413788	-3.237379
0.055703	-1.533465	0.879105
0.056309	-1.727256	4.841862
0.056914	-1.774640	8.778048
0.057520	-1.816557	12.790420
0.058125	-1.836605	16.875725
0.058730	-1.881559	20.907619
0.059336	-1.745480	24.744302
0.059941	-1.706601	28.391470
0.060547	-1.885812	32.247403
0.061152	-2.275824	35.994073
0.061758	-2.337789	39.599217
0.062363	-2.315919	43.432647
0.062969	-2.311666	47.182841
0.063574	-2.044368	50.868509
0.064180	-1.798333	54.512423
0.064785	-1.570522	58.208935
0.065391	-1.612439	61.812180
0.065996	-1.764313	65.043714
0.066602	-1.916794	68.101728
0.067207	-2.223579	71.028788
0.067812	-2.545552	74.118524
0.068418	-2.585039	77.110925
0.069023	-2.340826	80.046120
0.069629	-2.024928	82.957455
0.070234	-1.783145	85.683613
0.070840	-1.592392	88.721563
0.071445	-1.644636	91.270676
0.072051	-1.709638	93.316582
0.072656	-2.105118	95.364928
0.073262	-2.413118	97.477531
0.073867	-2.489662	99.467043
0.074473	-2.209607	101.329126
0.075078	-1.840250	103.392926
0.075684	-1.459350	105.362375
0.076289	-1.038963	107.127667
0.076895	-0.847602	108.606652
0.077500	-0.972139	110.071267
0.078105	-1.158032	111.307052
0.078711	-1.263129	112.006011
0.079316	-1.493977	112.852462
0.079922	-1.420470	113.852912
0.080527	-1.283176	114.548889
0.081133	-0.938119	115.205281
0.081738	-0.595491	115.681105
0.082344	-0.545069	116.071524
0.082949	-0.700588	116.252906
0.083555	-0.973354	116.101619
0.084160	-1.143452	115.758917
0.084766	-1.449630	115.321322
0.085371	-1.568092	114.869087
0.085977	-1.472107	114.513100
0.086582	-1.190230	113.991185
0.087188	-0.895594	112.995887
0.087793	-0.853070	112.325667
0.088398	-1.000083	111.444784
0.089004	-1.147705	109.952243
0.089609	-1.289251	108.435030
0.090215	-1.625804	106.911852
0.090820	-1.673189	105.310048
0.091426	-1.579027	103.564819
0.092031	-1.329346	101.829893
0.092637	-1.065086	100.157326
0.093242	-0.927184	98.300394
0.093848	-0.862182	96.059821
0.094453	-1.018916	93.742790
0.095059	-1.422900	91.372890
0.095664	-1.619729	88.514424
0.096270	-1.709638	85.907833
0.096875	-1.729078	83.351670
0.097480	-1.790435	80.624700
0.098086	-1.610009	77.883902
0.098691	-1.466640	74.945725
0.099297	-1.483042	71.880119
0.099902	-1.709031	68.727483
0.100508	-2.054696	65.398074
0.101113	-2.258814	61.926595
0.101719	-2.447745	58.456472
0.102324	-2.549805	54.811744
0.102930	-2.431950	51.455222
0.103535	-2.337181	48.085957
0.104141	-2.087500	44.301059
0.104746	-2.000021	40.791080
0.105352	-2.085070	37.204644
0.105957	-2.154325	33.380161
0.106563	-2.382136	29.417405
0.107168	-2.543122	25.493690
0.107773	-2.558309	21.636944
0.108379	-2.398538	17.740613
0.108984	-2.233299	13.919925
0.109590	-2.007919	10.196572
0.110195	-1.856652	6.399201
0.110801	-1.784968	2.370833
0.111406	-1.847540	-1.612529
0.112012	-1.900999	-5.421287
0.112617	-2.086285	-9.712646
0.113223	-2.139745	-13.642055
0.113828	-2.059556	-17.439967
0.114434	-1.815342	-21.266077
0.115039	-1.566269	-25.017085
0.115645	-1.382806	-28.797104
0.116250	-1.306869	-32.579291
0.116855	-1.247942	-36.360937
0.117461	-1.405890	-40.229071
0.118066	-1.408928	-43.958389
0.118672	-1.308691	-47.592000
0.119277	-1.187800	-51.297460
0.119883	-0.876762	-54.642323
0.120488	-0.572407	-57.911272
0.121094	-0.284454	-61.390342
0.121699	0.003499	-64.557619
0.122305	0.053921	-67.683414
0.122910	0.183925	-70.969444
0.123516	0.151121	-74.142686
0.124121	0.205795	-77.160573
0.124727	0.405661	-80.018768
0.125332	0.667492	-82.846597
0.125938	1.032597	-85.499280
0.126543	1.249472	-87.945637
0.127148	1.492471	-90.345089
0.127754	1.618830	-93.006719
0.128359	1.772526	-95.183849
0.128965	1.760984	-97.309194
0.129570	1.702057	-99.710545
0.130176	1.764629	-101.633631
0.130781	2.015524	-103.422511
0.131387	2.312590	-104.980935
0.131992	2.533110	-106.474289
0.132598	2.722649	-107.839401
0.133203	2.908543	-109.176859
0.133809	2.897000	-110.417253
0.134414	2.757276	-111.554079
0.135020	2.804053	-112.579201
0.135625	2.840503	-113.422940
0.136230	2.943777	-114.277525
0.136836	3.064062	-114.633782
0.137441	3.277900	-114.931477
0.138047	3.498421	-115.383171
0.138652	3.573750	-115.431702
0.139258	3.522113	-115.285024
0.139863	3.411549	-115.279601
0.140469	3.396362	-115.192028
0.141074	3.303415	-114.812454
0.141680	3.247525	-114.229807
0.142285	3.278507	-113.601882
0.142891	3.362949	-112.790949
0.143496	3.494776	-111.774232
0.144102	3.424914	-110.537633
0.144707	3.451644	-109.526880
0.145313	3.181916	-108.251782
0.145918	3.050697	-106.665974
0.146523	2.844148	-105.256397
0.147129	2.771856	-103.622330
0.147734	2.650965	-101.751570
0.148340	2.641245	-99.705936
0.148945	2.634562	-97.553478
0.149551	2.573205	-95.353573
0.150156	2.458388	-93.095377
0.150762	2.287682	-90.720868
0.151367	2.000944	-88.319518
0.151973	1.750049	-85.791281
0.152578	1.544108	-83.059159
0.153184	1.409244	-80.443620
0.153789	1.400131	-77.388047
0.154395	1.335129	-74.112862
0.155000	1.270735	-71.240026
0.155605	1.141338	-68.031267
0.156211	0.928107	-64.738188
0.156816	0.779271	-61.393596
0.157422	0.519263	-58.095366
0.158027	0.203973	-54.668622
0.158633	0.051491	-51.075409
0.159238	-0.059680	-47.493311
0.159844	-0.079728	-43.866749
0.160449	-0.127112	-40.140955
0.161055	-0.280201	-36.175488
0.161660	-0.502545	-32.576851
0.162266	-0.679326	-28.811745
0.162871	-0.904707	-24.690380
0.163477	-1.162892	-20.980583
0.164082	-1.278316	-17.154473
0.164687	-1.428975	-13.183583
0.165293	-1.456920	-9.147081
0.165898	-1.456313	-5.108952
0.166504	-1.562017	-1.168969
0.167109	-1.566269	2.839065
0.167715	-1.758238	6.830561
0.168320	-2.001844	10.762409
0.168926	-2.074743	14.567371
0.169531	-2.198672	18.588419
0.170137	-2.277039	22.337529
0.170742	-2.161615	26.314656
0.171348	-2.199887	30.362545
0.171953	-2.203532	34.117891
0.172559	-2.195635	37.928005
0.173164	-2.354798	41.630211
0.173770	-2.405221	45.308286
0.174375	-2.491485	48.846462
0.174980	-2.477513	52.414461
0.175586	-2.548590	55.996016
0.176191	-2.506672	59.430893
0.176797	-2.411296	62.788500
0.177402	-2.302554	66.094321
0.178008	-2.345079	69.523776
0.178613	-2.310451	72.545459
0.179219	-2.188345	75.454626
0.179824	-2.335966	78.649828
0.180430	-2.373631	81.486334
0.181035	-2.387603	84.164231
0.181641	-2.189560	86.869240
0.182246	-2.143998	89.531412
0.182852	-1.998199	92.099233
0.183457	-1.974506	94.488112
0.184062	-1.859690	96.719467
0.184668	-1.853615	98.904188
0.185273	-1.774640	100.933827
0.185879	-1.834175	102.615341
0.186484	-1.795295	104.522431
0.187090	-1.832352	106.014430
0.187695	-1.706601	107.517273
0.188301	-1.523137	109.210446
0.188906	-1.449630	110.505337
0.189512	-1.326309	111.581701
0.190117	-1.316589	112.669182
0.190723	-1.330561	113.517802
0.191328	-1.348178	114.222455
0.191934	-1.272241	114.810795
0.192539	-1.232147	115.307766
0.193145	-1.151350	115.726111
0.193750	-1.093030	115.883092
0.194355	-0.963026	115.931624
0.194961	-0.998868	116.065017
0.195566	-0.952091	115.770576
0.196172	-0.919894	115.343012
0.196777	-0.987934	114.995160
0.197383	-1.014663	114.381062
0.197988	-1.106395	113.608357
0.198594	-1.032281	112.745639
0.199199	-1.016486	111.782334
0.199805	-0.924147	110.705969
0.200410	-0.914427	109.451747
0.201016	-0.947839	108.093142
0.201621	-0.959381	106.585960
0.202227	-1.041393	104.848865
0.202832	-1.171397	102.975124
0.203437	-1.237614	101.283577
0.204043	-1.323271	99.102109
0.204648	-1.279531	96.860994
0.205254	-1.271634	94.936552
0.205859	-1.295934	92.589969
0.206465	-1.274064	90.171266
0.207070	-1.268596	87.571995
0.207676	-1.442340	84.985467
0.208281	-1.579634	82.159536
0.208887	-1.562624	79.295376
0.209492	-1.650104	76.329816
0.210098	-1.796510	73.420920
0.210703	-1.832352	70.269911
0.211309	-1.744873	66.932367
0.211914	-1.764313	63.938068
0.212520	-1.973291	60.498039
0.213125	-1.990909	57.007040
0.213730	-2.071098	53.553455
0.214336	-2.118483	49.998741
0.214941	-2.264282	46.436164
0.215547	-2.217504	42.799842
0.216152	-2.201102	39.101432
0.216758	-2.119090	35.371842
0.217363	-2.164652	31.626799
0.217969	-2.194420	27.814517
0.218574	-2.166475	23.879957
0.219180	-2.196850	19.968714
0.219785	-2.219934	15.952817
0.220391	-2.195027	12.371804
0.220996	-2.172550	8.176423
0.221602	-2.059556	4.041231
0.222207	-2.027358	0.393521
0.222812	-1.988479	-3.478951
0.223418	-1.777070	-7.507048
0.224023	-1.736368	-11.458689
0.224629	-1.754593	-15.294288
0.225234	-1.771603	-19.158355
0.225840	-1.602719	-23.176150
0.226445	-1.494585	-27.122096
0.227051	-1.441733	-30.725884
0.227656	-1.292289	-34.509427
0.228262	-1.196912	-38.483029
0.228867	-0.953914	-41.913025
0.229473	-0.929614	-45.487532
0.230078	-0.905922	-49.219832
0.230684	-0.641661	-52.751772
0.231289	-0.469740	-56.225148
0.231895	-0.441795	-59.660568
0.232500	-0.324548	-62.895084
0.233105	-0.094308	-66.244014
0.233711	0.146868	-69.463076
0.234316	0.149298	-72.530850
0.234922	0.273227	-75.503460
0.235527	0.484636	-78.456006
0.236133	0.662632	-81.431056
0.236738	0.802356	-84.242889
0.237344	0.931145	-86.565071
0.237949	1.021662	-89.289330
0.238555	1.256155	-91.971023
0.239160	1.355177	-94.196956
0.239766	1.471208	-96.193788
0.240371	1.674719	-98.469336
0.240977	1.855145	-100.511175
0.241582	1.876408	-102.340453
0.242187	1.934727	-104.025492
0.242793	2.132163	-105.804069
0.243398	2.284037	-107.482601
0.244004	2.441379	-108.648437
0.244609	2.406144	-109.888289
0.245215	2.646105	-111.250148
0.245820	2.728724	-112.080603
0.246426	2.765781	-112.941965
0.247031	2.780361	-113.634688
0.247637	2.894570	-114.410918
0.248242	3.013032	-114.929579
0.248848	2.957750	-115.256556
0.249453	2.937095	-115.381002
0.250059	3.053734	-115.520360
0.250664	3.138783	-115.530391
0.251270	3.139998	-115.259538
0.251875	3.085931	-114.901925
0.252480	3.132101	-114.419865
0.253086	3.162476	-113.900391
0.253691	3.059202	-113.360853
0.254297	2.998452	-112.084398
0.254902	3.046444	-111.217613
0.255508	3.004527	-110.208487
0.256113	2.985087	-108.885400
0.256719	2.839288	-107.414549
0.257324	2.858728	-105.927431
0.257930	2.868448	-104.437601
0.258535	2.762136	-102.585549
0.259141	2.609655	-100.623150
0.259746	2.527643	-98.669155
0.260352	2.500306	-96.683168
0.260957	2.354507	-94.337398
0.261562	2.200203	-91.992984
0.262168	2.137023	-89.674327
0.262773	2.095714	-86.877948
0.263379	1.945662	-84.302807
0.263984	1.751264	-81.568516
0.264590	1.644952	-78.631966
0.265195	1.571445	-75.807119
0.265801	1.435366	-72.765373
0.266406	1.230033	-69.541431
0.267012	1.104888	-66.408044
0.267617	1.036849	-63.126624
0.268223	0.872218	-59.794503
0.268828	0.675389	-56.327091
0.269434	0.552675	-52.689413
0.270039	0.541133	-49.290867
0.270645	0.446971	-45.736966
0.271250	0.132288	-41.791019
0.271855	0.022939	-38.153341
0.272461	-0.045101	-34.520272
0.273066	-0.256509	-30.637226
0.273672	-0.421748	-26.721917
0.274277	-0.568762	-22.843480
0.274883	-0.692691	-19.071595
0.275488	-0.799610	-15.067628
0.276094	-0.981251	-11.049019
0.276699	-1.113685	-7.145639
0.277305	-1.206024	-3.392733
0.277910	-1.283784	0.803462
0.278516	-1.502482	4.758898
0.279121	-1.564447	8.618085
0.279727	-1.599074	12.728333
0.280332	-1.761883	16.705730
0.280938	-1.870625	20.671198
0.281543	-1.925907	24.494054
0.282148	-1.962356	28.300643
0.282754	-2.108155	32.108858
0.283359	-2.235729	35.938222
0.283965	-2.246664	39.708751
0.284570	-2.306806	43.339651
0.285176	-2.334144	47.054600
0.285781	-2.442885	50.590606
0.286387	-2.385173	54.338361
0.286992	-2.491485	57.636591
0.287598	-2.497560	60.904726
0.288203	-2.525505	64.527764
0.288809	-2.555879	67.756857
0.289414	-2.542515	70.865029
0.290020	-2.541907	73.980250
0.290625	-2.614199	76.971839
0.291230	-2.506672	79.950413
0.291836	-2.394286	82.742454
0.292441	-2.328676	85.525547
0.293047	-2.388818	88.164945
0.293652	-2.368163	90.631365
0.294258	-2.321994	92.917216
0.294863	-2.346901	95.450604
0.295469	-2.217504	97.703107
0.296074	-2.290404	99.517743
0.296680	-2.167690	101.666134
0.297285	-2.126380	103.550450
0.297891	-1.977544	105.269651
0.298496	-1.925299	106.888264
0.299102	-1.780715	108.401139
0.299707	-1.811697	109.747815
0.300312	-1.729078	110.945372
0.300918	-1.742443	112.024719
0.301523	-1.633701	112.983144
0.302129	-1.594214	113.776184
0.302734	-1.545007	114.445319
0.303340	-1.438088	115.158919
0.303945	-1.226679	115.597056
0.304551	-1.257662	115.617119
0.305156	-1.293504	116.028415
0.305762	-1.195090	116.117886
0.306367	-1.144060	115.880652
0.306973	-1.142845	115.613595
0.307578	-1.088170	115.278214
0.308184	-1.093638	114.688789
0.308789	-1.045646	114.011249
0.309395	-1.004943	113.255082
0.310000	-0.949661	112.377994
0.310605	-0.981859	111.292412
0.311211	-0.910174	109.919437
0.311816	-0.959381	108.872354
0.312422	-0.881622	107.378729
0.313027	-0.965456	105.642176
0.313633	-1.002513	104.077787
0.314238	-0.958166	102.300023
0.314844	-1.033496	100.310240
0.315449	-0.983681	98.330489
0.316055	-1.021346	96.166373
0.316660	-1.104573	93.821687
0.317266	-1.167145	91.474833
0.317871	-1.223642	88.986452
0.318477	-1.237614	86.383385
0.319082	-1.260092	83.671597
0.319688	-1.284999	80.771649
0.320293	-1.416825	78.053897
0.320898	-1.459958	75.041703
0.321504	-1.417433	71.844602
0.322109	-1.519492	68.768423
0.322715	-1.564447	65.638832
0.323320	-1.613046	62.269296
0.323926	-1.701133	58.841197
0.324531	-1.748518	55.476813
0.325137	-1.715713	51.938095
0.325742	-1.806230	48.413205
0.326348	-1.818987	44.669246
0.326953	-1.842680	41.076845
0.327559	-1.957496	37.326108
0.328164	-1.929552	33.388024
0.328770	-2.086285	29.813247
0.329375	-2.072313	25.949180
0.329980	-2.034648	21.987779
0.330586	-1.978759	18.128863
0.331191	-1.936842	14.279437
0.331797	-1.938057	10.363585
0.332402	-1.899177	6.389983
0.333008	-1.868802	2.437800
0.333613	-1.896747	-1.524414
0.334219	-1.875485	-5.488797
0.334824	-1.840857	-9.458603
0.335430	-1.815342	-13.313181
0.336035	-1.739406	-17.238251
0.336641	-1.619121	-21.242218
0.337246	-1.648281	-24.953642
0.337852	-1.468463	-28.814185
0.338457	-1.377338	-32.725428
0.339062	-1.315374	-36.449052
0.339668	-1.211492	-40.104896
0.340273	-1.104573	-43.805475
0.340879	-0.968494	-47.444509
0.341484	-0.933866	-51.034198
0.342090	-0.770450	-54.479920
0.342695	-0.642269	-57.965497
0.343301	-0.445440	-61.399018
0.343906	-0.366466	-64.558433
0.344512	-0.199404	-67.839582
0.345117	-0.088233	-71.203424
0.345723	0.037519	-74.051588
0.346328	0.217945	-76.985698
0.346934	0.374071	-79.996807
0.347539	0.532628	-82.779358
0.348145	0.735531	-85.480844
0.348750	0.894088	-88.029143
0.349355	1.024092	-90.562531
0.349961	1.209985	-92.923755
0.350566	1.263445	-95.241328
0.351172	1.387374	-97.453162
0.351777	1.559903	-99.538652
0.352383	1.695982	-101.409411
0.352988	1.911643	-103.241129
0.353594	2.000944	-105.180483
0.354199	2.092676	-106.552102
0.354805	2.270672	-107.938362
0.355410	2.340534	-109.412195
0.356016	2.483903	-110.571794
0.356621	2.534933	-111.670933
0.357227	2.608440	-112.613905
0.357832	2.725687	-113.456560
0.358438	2.890318	-114.095871
0.359043	2.940132	-114.650050
0.359648	2.996022	-115.077071
0.360254	3.125419	-115.439565
0.360859	3.114484	-115.491621
0.361465	3.071959	-115.530391
0.362070	3.116914	-115.610915
0.362676	3.177056	-115.101743
0.363281	3.129064	-114.626191
0.363887	3.183738	-114.185614
0.364492	3.226263	-113.485299
0.365098	3.259675	-112.728319
0.365703	3.217150	-111.806767
0.366309	3.169158	-110.723353
0.366914	3.093221	-109.555348
0.367520	3.026397	-108.278623
0.368125	2.962002	-106.832173
0.368730	2.877560	-105.314689
0.369336	2.808306	-103.595217
0.369941	2.799801	-101.649085
0.370547	2.684377	-99.942627
0.371152	2.604187	-97.751128
0.371758	2.528858	-95.393700
0.372363	2.462033	-93.209791
0.372969	2.315020	-90.827962
0.373574	2.080526	-88.355035
0.374180	1.996084	-85.734074
0.374785	1.856360	-83.051025
0.375391	1.737291	-80.187950
0.375996	1.641915	-77.295864
0.376602	1.544715	-74.286111
0.377207	1.385551	-71.299945
0.377812	1.186293	-68.044552
0.378418	1.019232	-64.798920
0.379023	0.824833	-61.765308
0.379629	0.700904	-58.112175
0.380234	0.524123	-54.547430
0.380840	0.417204	-51.089236
0.381445	0.247712	-47.522592
0.382051	0.132896	-43.827978
0.382656	0.009574	-40.101913
0.383262	-0.193329	-36.390218
0.383867	-0.298426	-32.602337
0.384473	-0.517732	-28.774058
0.385078	-0.692083	-24.910533
0.385684	-0.817227	-21.131328
0.386289	-0.867649	-17.099435
0.386895	-1.045646	-13.133967
0.387500	-1.196912	-9.447216
0.388105	-1.238829	-5.230144
0.388711	-1.346356	-1.219941
0.389316	-1.460565	2.756372
0.389922	-1.599074	6.661379
0.390527	-1.731508	10.668600
0.391133	-1.810482	14.624849
0.391738	-1.853007	18.498677
0.392344	-1.875485	22.416156
0.392949	-1.975721	26.378641
0.393555	-2.046191	30.191466
0.394160	-2.063201	33.889333
0.394766	-2.145820	37.804914
0.395371	-2.161007	41.592795
0.395977	-2.249094	45.055327
0.396582	-2.273394	48.870321
0.397187	-2.314096	52.525080
0.397793	-2.256384	55.971073
0.398398	-2.285544	59.428182
0.399004	-2.342649	62.789313
0.399609	-2.207177	66.169694
0.400215	-2.209607	69.337242
0.400820	-2.370593	72.412608
0.401426	-2.279469	75.551417
0.402031	-2.227224	78.494474
0.402637	-2.199887	81.227138
0.403242	-2.109978	84.136034
0.403848	-2.051658	86.897709
0.404453	-2.052873	89.183017
0.405059	-1.992124	91.838682
0.405664	-1.975114	94.302391
0.406270	-1.916187	96.552454
0.406875	-1.873055	98.695422
0.407480	-1.793473	100.743226
0.408086	-1.773425	102.588771
0.408691	-1.715106	104.376024
0.409297	-1.603934	106.042627
0.409902	-1.591784	107.644973
0.410508	-1.528605	109.046687
0.411113	-1.503090	110.203846
0.411719	-1.497015	111.503346
0.412324	-1.397993	112.546091
0.412930	-1.382198	113.270536
0.413535	-1.314766	114.186124
0.414141	-1.220604	114.900808
0.414746	-1.243082	115.322407
0.415352	-1.267989	115.631760
0.415957	-1.175042	115.891497
0.416563	-1.238222	115.902071
0.417168	-1.198127	115.850015
0.417773	-1.173220	115.633929
0.418379	-1.174435	115.376361
0.418984	-1.195697	114.886981
0.419590	-1.077235	114.203205
0.420195	-1.138592	113.631403
0.420801	-1.256447	112.681111
0.421406	-1.144060	111.541304
0.422012	-1.127658	110.595621
0.422617	-1.216352	109.420839
0.423223	-1.259484	107.927485
0.423828	-1.227894	106.503810
0.424434	-1.302009	104.856457
0.425039	-1.204202	103.134003
0.425645	-1.291074	101.253483
0.426250	-1.283784	99.253397
0.426855	-1.413180	97.139439
0.427461	-1.493370	94.947668
0.428066	-1.600897	92.391505
0.428672	-1.497015	90.294357
0.429277	-1.628841	87.661466
0.429883	-1.692021	84.824419
0.430488	-1.674404	82.280728
0.431094	-1.735153	79.465371
0.431699	-1.743658	76.515807
0.432305	-1.794080	73.507409
0.432910	-1.844502	70.408998
0.433516	-1.942917	67.231147
0.434121	-1.978759	63.909871
0.434727	-2.065631	60.531930
0.435332	-2.062593	57.198996
0.435937	-2.110585	53.728602
0.436543	-2.034648	50.078181
0.437148	-2.187130	46.647370
0.437754	-2.173157	42.952756
0.438359	-2.105118	39.128273
0.438965	-2.137923	35.495475
0.439570	-2.125165	31.776731
0.440176	-2.122735	27.943301
0.440781	-2.050443	24.076522
0.441387	-2.043153	20.194832
0.441992	-2.004274	16.354082
0.442598	-1.967216	12.407864
0.443203	-1.832352	8.472491
0.443809	-1.816557	4.521935
0.444414	-1.753378	0.526915
0.445020	-1.713283	-3.530464
0.445625	-1.580242	-7.198237
0.446230	-1.561409	-11.196511
0.446836	-1.382806	-15.185567
0.447441	-1.338458	-18.983208
0.448047	-1.172612	-22.802269
0.448652	-1.029243	-26.669861
0.449258	-0.946624	-30.574054
0.449863	-0.916857	-34.380914
0.450469	-0.799610	-38.070919
0.451074	-0.706056	-41.811896
0.451680	-0.548714	-45.494581
0.452285	-0.382868	-49.010524
0.452891	-0.280201	-52.568220
0.453496	-0.031128	-56.222979
0.454102	0.142616	-59.353112
0.454707	0.169345	-62.781754
0.455313	0.296919	-66.219884
0.455918	0.381361	-69.333750
0.456523	0.473701	-72.464425
0.457129	0.654127	-75.473907
0.457734	0.778663	-78.458718
0.458340	1.030167	-81.238558
0.458945	1.114001	-83.996165
0.459551	1.353962	-86.624718
0.460156	1.483966	-89.277672
0.460762	1.561118	-91.693120
0.461367	1.598782	-94.125379
0.461973	1.745189	-96.421262
0.462578	1.743974	-98.354922
0.463184	1.849678	-100.400557
0.463789	2.065946	-102.372717
0.464395	2.163146	-104.151023
0.465000	2.261560	-105.723816
0.465605	2.375769	-107.290916
0.466211	2.415864	-108.736281
0.466816	2.478436	-110.023038
0.467422	2.457173	-111.151730
0.468027	2.520353	-112.229992
0.468633	2.562878	-113.242371
0.469238	2.714752	-113.865958
0.469844	2.709892	-114.479784
0.470449	2.829568	-115.071377
0.471055	2.888495	-115.217785
0.471660	2.882420	-115.497043
0.472266	2.827746	-115.707436
0.472871	2.785829	-115.589496
0.473477	2.793119	-115.440920
0.474082	2.738444	-115.157324
0.474687	2.813166	-114.680416
0.475293	2.838681	-113.973052
0.475898	2.850223	-113.255656
0.476504	2.848401	-112.461804
0.477109	2.824101	-111.477621
0.477715	2.719004	-110.248072
0.478320	2.650357	-109.116398
0.478926	2.563485	-107.856753
0.479531	2.483296	-106.063806
0.480137	2.437734	-104.438957
0.480742	2.454744	-102.781844
0.481348	2.406144	-100.880718
0.481953	2.383059	-98.791161
0.482559	2.246373	-96.686964
0.483164	2.216605	-94.462658
0.483770	2.032534	-92.195785
0.484375	1.894025	-89.728823
0.484980	1.723319	-87.158833
0.485586	1.662569	-84.601044
0.486191	1.635232	-81.728480
0.486797	1.491256	-78.915834
0.487402	1.400739	-76.016428
0.488008	1.274380	-72.819327
0.488613	1.126151	-69.698141
0.489219	0.987034	-66.548487
0.489824	0.777448	-63.268151
0.490430	0.636509	-59.880450
0.491035	0.512580	-56.506576
0.491641	0.468233	-52.965689
0.492246	0.387436	-49.339127
0.492852	0.326079	-45.670541
0.493457	0.205795	-41.988398
0.494063	0.105558	-38.410096
0.494668	-0.063325	-34.455473
0.495273	-0.210947	-30.701754
0.495879	-0.389550	-27.062991
0.496484	-0.517732	-22.922106
0.497090	-0.677503	-18.986733
0.497695	-0.642876	-15.082539
0.498301	-0.735823	-11.135779
0.498906	-0.892557	-7.162720
0.499512	-0.964241	-3.149534
0.500117	-1.105788	0.828134
0.500723	-1.247942	4.731243
0.501328	-1.418648	8.648722
0.501934	-1.519492	12.655400
0.502539	-1.585102	16.503471
0.503145	-1.581457	20.553259
0.503750	-1.676226	24.407837
0.504355	-1.704171	28.129292
0.504961	-1.686553	32.164710
0.505566	-1.803193	36.014408
0.506172	-1.898569	39.653170
0.506777	-2.051658	43.312267
0.507383	-2.147643	46.990885
0.507988	-2.082033	50.657574
0.508594	-2.082640	54.177855
0.509199	-2.000629	57.691358
0.509805	-2.022498	61.146841
0.510410	-1.942917	64.536440
0.511016	-2.020068	67.638105
0.511621	-1.941702	70.955042
0.512227	-2.100865	74.036644
0.512832	-2.191382	76.784220
0.513437	-2.081425	79.884259
0.514043	-2.113015	82.731880
0.514648	-1.925299	85.503586
0.515254	-1.935627	88.109093
0.515859	-1.836605	90.717582
0.516465	-1.866980	93.153094
0.517070	-1.850577	95.415629
0.517676	-1.854830	97.587336
0.518281	-1.832352	99.648154
0.518887	-1.863335	101.610825
0.519492	-1.798333	103.360934
0.520098	-1.753985	105.195091
0.520703	-1.667114	106.889891
0.521309	-1.600897	108.180986
0.521914	-1.533465	109.642347
0.522520	-1.503697	111.030234
0.523125	-1.506735	112.018754
0.523730	-1.543792	112.915634
0.524336	-1.503697	113.759916
0.524941	-1.535895	114.436643
0.525547	-1.413180	115.030406
0.526152	-1.349393	115.409709
0.526758	-1.309906	115.731805
0.527363	-1.292289	115.903969
0.527969	-1.246727	115.776541
0.528574	-1.311729	115.780607
0.529180	-1.257662	115.643689
0.529785	-1.334206	114.975367
0.530391	-1.345748	114.514185
0.530996	-1.269811	113.924218
0.531602	-1.242474	113.175643
0.532207	-1.266774	112.212337
0.532813	-1.219997	111.231137
0.533418	-1.245512	110.041985
0.534023	-1.243689	108.757397
0.534629	-1.320841	107.243166
0.535234	-1.368833	105.686640
0.535840	-1.397386	104.036576
0.536445	-1.466640	102.023747
0.537051	-1.456313	100.274994
0.537656	-1.455098	98.330489
0.538262	-1.447200	95.978754
0.538867	-1.458743	93.808673
0.539473	-1.484257	91.542886
0.540078	-1.552297	88.989434
0.540684	-1.592999	86.279002
0.541289	-1.633094	83.671597
0.541895	-1.736368	80.870610
0.542500	-1.743658	77.978795
0.543105	-1.718751	74.996425
0.543711	-1.714498	72.026798
0.544316	-1.693236	68.940587
0.544922	-1.736976	65.527129
0.545527	-1.652534	62.396454
0.546133	-1.783753	59.133198
0.546738	-1.881559	55.452411
0.547344	-1.907074	51.925623
0.547949	-1.854222	48.431099
0.548555	-1.853615	44.836801
0.549160	-1.860297	41.212679
0.549766	-1.795903	37.439709
0.550371	-1.766135	33.742113
0.550977	-1.798333	29.955045
0.551582	-1.829315	26.082302
0.552187	-1.753378	22.174041
0.552793	-1.800763	18.332206
0.553398	-1.790435	14.270761
0.554004	-1.712068	10.457665
0.554609	-1.656179	6.668699
0.555215	-1.529212	2.544895
0.555820	-1.456920	-1.326764
0.556426	-1.512810	-5.246954
0.557031	-1.376731	-9.176362
0.557637	-1.302616	-13.194970
0.558242	-1.271634	-17.059037
0.558848	-1.233362	-20.915513
0.559453	-1.133125	-24.854953
0.560059	-0.959989	-28.771347
0.560664	-0.908352	-32.449694
0.561270	-0.818442	-36.195551
0.561875	-0.778955	-40.173219
0.562480	-0.742505	-43.726306
0.563086	-0.530489	-47.094487
0.563691	-0.499507	-50.838446
0.564297	-0.300249	-54.402649
0.564902	-0.243752	-57.812312
0.565508	-0.152627	-61.193506
0.566113	-0.015941	-64.505292
0.566719	0.154158	-67.741164
0.567324	0.278087	-70.888920
0.567930	0.390474	-73.927142
0.568535	0.480383	-76.991663
0.569141	0.651089	-79.901100
0.569746	0.775626	-82.643254
0.570352	0.871003	-85.559199
0.570957	0.973669	-88.090688
0.571562	1.146198	-90.409617
0.572168	1.307792	-92.976353
0.572773	1.400739	-95.239159
0.573379	1.487611	-97.394870
0.573984	1.624905	-99.452434
0.574590	1.772526	-101.472854
0.575195	1.844818	-103.307012
0.575801	1.910428	-104.999371
0.576406	2.025852	-106.591686
0.577012	2.124266	-108.173427
0.577617	2.260345	-109.474553
0.578223	2.315627	-110.566643
0.578828	2.406751	-111.832795
0.579434	2.563485	-112.745671
0.580039	2.567130	-113.391490
0.580645	2.678909	-114.122442
0.581250	2.723257	-114.745486
0.581855	2.799801	-115.196908
0.582461	2.861765	-115.395371
0.583066	2.934665	-115.597630
0.583672	2.960787	-115.606577
0.584277	3.011817	-115.428720
0.584883	2.994200	-115.183352
0.585488	3.002704	-114.847157
0.586094	3.033079	-114.303010
0.586699	3.045837	-113.578837
0.587305	3.068314	-112.933018
0.587910	3.031257	-111.982727
0.588516	3.010602	-110.760768
0.589121	2.962610	-109.715041
0.589727	2.948637	-108.381650
0.590332	2.920693	-106.920289
0.590938	2.839896	-105.320383
0.591543	2.862980	-103.597929
0.592148	2.757884	-101.797390
0.592754	2.669189	-99.869695
0.593359	2.626057	-97.775258
0.593965	2.497876	-95.721489
0.594570	2.375162	-93.432927
0.595176	2.288290	-90.895743
0.595781	2.262775	-88.500358
0.596387	2.092676	-85.917896
0.596992	2.027067	-83.011170
0.597598	1.880053	-80.275523
0.598203	1.766451	-77.404585
0.598809	1.587240	-74.394018
0.599414	1.440226	-71.312417
0.600020	1.309614	-68.175777
0.600625	1.169283	-64.926891
0.601230	0.988857	-61.582298
0.601836	0.836375	-58.113260
0.602441	0.703941	-54.795509
0.603047	0.612210	-51.228594
0.603652	0.358276	-47.510934
0.604258	0.220983	-44.115099
0.604863	0.056959	-40.387679
0.605469	-0.125290	-36.469387
0.606074	-0.259546	-32.723259
0.606680	-0.396840	-28.939987
0.607285	-0.517125	-25.034980
0.607891	-0.647129	-21.133768
0.608496	-0.783815	-17.177790
0.609102	-0.884052	-13.247026
0.609707	-0.995224	-9.326836
0.610313	-1.152565	-5.324496
0.610918	-1.312944	-1.462597
0.611523	-1.404675	2.523747
0.612129	-1.459958	6.750308
0.612734	-1.618514	10.421876
0.613340	-1.666506	14.464615
0.613945	-1.774640	18.503828
0.614551	-1.793473	22.405853
0.615156	-1.880952	26.241452
0.615762	-2.044368	30.062681
0.616367	-2.041938	33.955759
0.616973	-2.128203	37.701887
0.617578	-2.241197	41.378607
0.618184	-2.222972	45.100334
0.618789	-2.237552	48.791966
0.619395	-2.196850	52.325803
0.620000	-2.254562	55.798095
0.620605	-2.068668	59.561033
0.621211	-2.236337	62.682490
0.621816	-2.176195	65.858172
0.622422	-2.213252	69.213609
0.623027	-2.243019	72.371939
0.623633	-2.219934	75.384133
0.624238	-2.204140	78.338849
0.624844	-2.096613	81.281634
0.625449	-2.055911	84.039785
0.626055	-1.996984	86.723104
0.626660	-1.898569	89.324816
0.627266	-1.907682	91.877182
0.627871	-1.854830	94.129414
0.628477	-1.801370	96.370258
0.629082	-1.824455	98.690000
0.629687	-1.707208	100.603326
0.630293	-1.627626	102.440737
0.630898	-1.507950	104.370059
0.631504	-1.459350	106.060521
0.632109	-1.333599	107.656360
0.632715	-1.314766	109.033131
0.633320	-1.320234	110.352423
0.633926	-1.261307	111.471354
0.634531	-1.265559	112.449029
0.635137	-1.230324	113.255353
0.635742	-1.193875	114.189106
0.636348	-1.198735	114.700989
0.636953	-1.014663	115.235105
0.637559	-0.956344	115.844051
0.638164	-1.052936	115.844593
0.638770	-1.062656	115.893937
0.639375	-1.093030	115.835375
0.639980	-1.133125	115.674598
0.640586	-1.160462	115.295837
0.641191	-1.068123	114.864478
0.641797	-1.099713	114.301623
0.642402	-1.034103	113.609984
0.643008	-1.057796	112.734523
0.643613	-1.069945	111.712655
0.644219	-1.116115	110.683195
0.644824	-1.153780	109.299917
0.645430	-1.042001	107.910675
0.646035	-1.265559	106.573489
0.646641	-1.245512	104.892516
0.647246	-1.277101	103.024739
0.647852	-1.320841	101.238842
0.648457	-1.291074	99.296777
0.649062	-1.320841	97.178481
0.649668	-1.368226	94.983185
0.650273	-1.383413	92.663443
0.650879	-1.501267	90.177231
0.651484	-1.580849	87.646283
0.652090	-1.631271	84.904130
0.652695	-1.679871	82.356101
0.653301	-1.732116	79.401928
0.653906	-1.681693	76.415220
0.654512	-1.771603	73.685538
0.655117	-1.766135	70.439364
0.655723	-1.860297	67.193189
0.656328	-1.870017	63.988497
0.656934	-1.976329	60.611370
0.657539	-2.006096	57.182457
0.658145	-2.023106	53.707454
0.658750	-2.052873	50.188799
0.659355	-2.000021	46.630832
0.659961	-2.021283	42.965770
0.660566	-1.942917	39.253533
0.661172	-1.921654	35.620735
0.661777	-1.896747	31.720066
0.662383	-2.003666	27.817499
0.662988	-1.974506	24.268750
0.663594	-1.870625	20.308704
0.664199	-1.805015	16.338628
0.664805	-1.815342	12.469409
0.665410	-1.676833	8.592057
0.666016	-1.589962	4.615473
0.666621	-1.571737	0.665730
0.667227	-1.551689	-3.245512
0.667832	-1.510987	-7.224536
0.668438	-1.418648	-11.202205
0.669043	-1.421685	-15.176891
0.669648	-1.269811	-18.887230
0.670254	-1.283784	-22.869508
0.670859	-1.159855	-26.924718
0.671465	-0.933866	-30.454488
0.672070	-0.893164	-34.236676
0.672676	-0.780170	-38.022117
0.673281	-0.689046	-41.762009
0.673887	-0.571799	-45.366068
0.674492	-0.506190	-49.021098
0.675098	-0.314829	-52.525112
0.675703	-0.228564	-56.019094
0.676309	-0.100383	-59.472678
0.676914	0.092801	-62.852246
0.677520	0.242245	-66.189518
0.678125	0.312714	-69.246719
0.678730	0.381969	-72.468492
0.679336	0.599452	-75.575308
0.679941	0.708801	-78.325595
0.680547	0.869788	-81.165896
0.681152	1.030774	-84.014873
0.681758	1.209985	-86.675961
0.682363	1.307792	-89.220736
0.682969	1.453591	-91.692849
0.683574	1.598175	-94.070341
0.684180	1.735469	-96.304678
0.684785	1.840566	-98.399115
0.685391	1.887343	-100.451799
0.685996	2.082956	-102.471677
0.686602	2.169221	-104.052333
0.687207	2.285252	-105.807594
0.687813	2.387312	-107.452235
0.688418	2.442594	-108.698324
0.689023	2.606617	-109.923807
0.689629	2.609047	-111.140885
0.690234	2.671012	-112.168718
0.690840	2.760314	-113.056651
0.691445	2.848401	-113.826645
0.692051	2.895178	-114.452942
0.692656	2.965647	-114.931206
0.693262	3.029434	-115.315661
0.693867	3.085324	-115.588412
0.694473	3.109624	-115.769794
0.695078	3.057379	-115.516293
0.695684	3.101726	-115.432244
0.696289	3.126026	-115.304545
0.696895	3.159438	-114.637036
0.697500	3.184346	-114.008027
0.698105	3.142428	-113.322895
0.698711	3.214720	-112.481867
0.699316	3.093829	-111.420685
0.699922	3.073781	-110.330222
0.700527	3.062239	-109.144866
0.701133	2.970507	-107.760775
0.701738	2.874523	-106.126165
0.702344	2.825316	-104.537646
0.702949	2.776716	-102.921473
0.703555	2.631525	-100.915693
0.704160	2.562878	-98.903407
0.704766	2.472361	-96.938567
0.705371	2.358759	-94.577615
0.705977	2.239690	-92.218560
0.706582	2.098751	-89.767594
0.707187	1.937157	-87.274061
0.707793	1.827808	-84.569323
0.708398	1.754909	-81.835032
0.709004	1.594530	-79.017776
0.709609	1.496723	-75.996093
0.710215	1.381906	-72.946755
0.710820	1.218490	-69.924801
0.711426	1.051429	-66.834252
0.712031	0.874648	-63.379312
0.712637	0.719736	-60.003269
0.713242	0.691792	-56.706666
0.713848	0.550853	-53.056245
0.714453	0.420849	-49.474418
0.715059	0.335192	-45.779533
0.715664	0.151728	-42.194724
0.716270	-0.001361	-38.416061
0.716875	-0.162347	-34.653123
0.717480	-0.298426	-30.886932
0.718086	-0.385906	-27.072209
0.718691	-0.560864	-23.104844
0.719297	-0.658064	-19.192517
0.719902	-0.704841	-15.422530
0.720508	-0.820265	-11.194342
0.721113	-0.993401	-7.345458
0.721719	-1.122798	-3.554594
0.722324	-1.195090	0.564330
0.722930	-1.370048	4.542812
0.723535	-1.426545	8.526173
0.724141	-1.486080	12.525261
0.724746	-1.577812	16.436775
0.725352	-1.593607	20.393838
0.725957	-1.599682	24.257634
0.726562	-1.702956	28.158303
0.727168	-1.765528	32.033486
0.727773	-1.795903	35.729727
0.728379	-1.875485	39.307758
0.728984	-1.922869	43.291662
0.729590	-1.966001	46.931509
0.730195	-1.911934	50.363404
0.730801	-1.907682	54.067236
0.731406	-1.955066	57.586975
0.732012	-1.907074	60.999078
0.732617	-1.920439	64.317371
0.733223	-1.924084	67.588218
0.733828	-1.927122	70.728382
0.734434	-2.035256	73.815135
0.735039	-1.964786	76.816755
0.735645	-1.918617	79.837625
0.736250	-1.830530	82.597673
0.736855	-1.792865	85.250085
0.737461	-1.718751	88.166029
0.738066	-1.728471	90.598016
0.738672	-1.704171	92.942430
0.739277	-1.723611	95.330767
0.739883	-1.665291	97.605231
0.740488	-1.661039	99.648425
0.741094	-1.643421	101.566089
0.741699	-1.576597	103.446880
0.742305	-1.541362	105.177197
0.742910	-1.530427	106.712304
0.743516	-1.377946	108.218130
0.744121	-1.439303	109.678136
0.744727	-1.363973	110.797880
0.745332	-1.411965	111.724313
0.745938	-1.410750	112.926208
0.746543	-1.300794	113.770490
0.747148	-1.314766	114.335242
0.747754	-1.211492	115.006005
0.748359	-1.243689	115.389375
0.748965	-1.142237	115.710386
0.749570	-1.193875	115.831308
0.750176	-1.144060	115.834561
0.750781	-1.233969	115.710386
0.751387	-1.208454	115.454987
0.751992	-1.212099	115.052638
0.752598	-1.134340	114.620194
0.753203	-1.169575	113.806821
0.753809	-1.161677	113.011070
0.754414	-1.141022	112.358473
0.755020	-1.145275	111.154138
0.755625	-1.226072	109.913743
0.756230	-1.200557	108.659521
0.756836	-1.314766	107.217952
0.757441	-1.290466	105.626722
0.758047	-1.291681	103.998890
0.758652	-1.252802	102.237122
0.759258	-1.253409	100.300751
0.759863	-1.299579	98.171881
0.760469	-1.321449	96.039486
0.761074	-1.371263	93.887028
0.761680	-1.377338	91.370993
0.762285	-1.385843	88.807781
0.762891	-1.503090	86.499155
0.763496	-1.557764	83.729076
0.764102	-1.515847	80.956827
0.764707	-1.540147	78.060946
0.765312	-1.517670	75.143375
0.765918	-1.583887	72.085903
0.766523	-1.558979	68.927573
0.767129	-1.710246	65.662691
0.767734	-1.786183	62.294240
0.768340	-1.754593	58.984893
0.768945	-1.754593	55.524802
0.769551	-1.814735	52.091280
0.770156	-1.803800	48.341357
0.770762	-1.659216	44.864455
0.771367	-1.783145	41.294016
0.771973	-1.735153	37.467906
0.772578	-1.755808	33.811250
0.773184	-1.729078	30.010083
0.773789	-1.728471	26.143034
0.774395	-1.641599	22.269748
0.775000	-1.681086	18.403241
0.775605	-1.651926	14.508266
0.776211	-1.578419	10.580484
0.776816	-1.554727	6.568112
0.777422	-1.487902	2.662834
0.778027	-1.522530	-1.212892
0.778633	-1.317196	-5.332358
0.779238	-1.261914	-9.150063
0.779844	-1.326309	-12.937944
0.780449	-1.211492	-16.943538
0.781055	-1.138592	-20.898161
0.781660	-1.017093	-24.740809
0.782266	-0.978214	-28.602165
0.782871	-0.910782	-32.417972
0.783477	-0.845172	-36.222392
0.784082	-0.681756	-39.966893
0.784687	-0.624044	-43.641444
0.785293	-0.493432	-47.316538
0.785898	-0.280201	-50.758193
0.786504	-0.175105	-54.222351
0.787109	-0.025053	-57.897174
0.787715	0.053314	-61.105119
0.788320	0.203365	-64.312252
0.788926	0.326687	-67.716220
0.789531	0.409914	-70.861536
0.790137	0.481598	-73.924702
0.790742	0.583050	-76.899209
0.791348	0.783523	-79.860703
0.791953	0.902592	-82.645694
0.792559	1.146806	-85.297834
0.793164	1.204518	-87.950246
0.793770	1.358822	-90.534063
0.794375	1.426254	-92.912639
0.794980	1.502798	-95.197405
0.795586	1.596960	-97.598756
0.796191	1.729394	-99.477649
0.796797	1.811406	-101.359795
0.797402	1.957812	-103.293727
0.798008	2.120013	-105.017808
0.798613	2.233615	-106.566471
0.799219	2.373947	-108.020783
0.799824	2.443809	-109.389962
0.800430	2.533110	-110.620326
0.801035	2.569560	-111.735732
0.801641	2.657647	-112.742146
0.802246	2.753631	-113.591309
0.802852	2.844148	-114.121357
0.803457	2.918870	-114.821943
0.804063	3.013639	-115.376935
0.804668	3.112661	-115.347653
0.805273	3.135746	-115.572958
0.805879	3.133923	-115.703369
0.806484	3.132101	-115.521444
0.807090	3.150326	-115.298038
0.807695	3.141821	-114.905449
0.808301	3.161868	-114.391126
0.808906	3.156401	-113.723346
0.809512	3.254815	-112.897230
0.810117	3.152756	-111.989234
0.810723	3.160653	-111.004780
0.811328	3.107801	-109.715041
0.811934	3.011817	-108.473833
0.812539	2.962002	-107.131224
0.813145	2.879383	-105.313334
0.813750	2.825923	-103.647815
0.814355	2.819848	-101.882795
0.814961	2.779146	-99.895994
0.815566	2.708069	-97.815926
0.816172	2.564093	-95.684074
0.816777	2.465678	-93.459497
0.817383	2.365442	-91.046217
0.817988	2.226933	-88.553769
0.818594	2.113939	-86.000047
0.819199	2.007627	-83.370952
0.819805	1.925007	-80.385058
0.820410	1.850285	-77.581358
0.821016	1.795611	-74.643182
0.821621	1.606680	-71.413275
0.822227	1.428076	-68.206956
0.822832	1.238537	-65.029376
0.823438	1.101243	-61.774526
0.824043	0.976707	-58.316332
0.824648	0.818151	-54.860036
0.825254	0.649267	-51.291495
0.825859	0.620715	-47.725394
0.826465	0.488888	-44.038100
0.827070	0.273227	-40.369513
0.827676	0.137148	-36.740782
0.828281	-0.056643	-32.836318
0.828887	-0.190899	-29.060095
0.829492	-0.401093	-25.330776
0.830098	-0.464880	-21.223239
0.830703	-0.631941	-17.346429
0.831309	-0.638624	-13.381775
0.831914	-0.764375	-9.425254
0.832520	-0.930221	-5.439995
0.833125	-1.018916	-1.552068
0.833730	-1.171397	2.417195
0.834336	-1.269811	6.425229
0.834941	-1.381591	10.405609
0.835547	-1.524352	14.295975
0.836152	-1.500052	18.181461
0.836758	-1.608186	22.280051
0.837363	-1.700526	26.027535
0.837969	-1.705993	29.741128
0.838574	-1.780108	33.811792
0.839180	-1.848147	37.551684
0.839785	-1.950206	41.309199
0.840391	-1.963571	44.941455
0.840996	-2.026143	48.610583
0.841602	-2.035256	52.156893
0.842207	-2.106333	55.670667
0.842812	-2.038901	59.154075
0.843418	-2.016423	62.558857
0.844023	-2.064416	65.790120
0.844629	-2.027966	68.976104
0.845234	-2.100258	72.255627
0.845840	-2.159792	75.099181
0.846445	-2.139138	78.117882
0.847051	-2.048013	81.207075
0.847656	-1.972076	83.956007
0.848262	-1.928944	86.554465
0.848867	-1.877914	89.259746
0.849473	-1.829315	91.786898
0.850078	-1.801370	94.111520
0.850684	-1.867587	96.364836
0.851289	-1.839642	98.504008
0.851895	-1.815342	100.561573
0.852500	-1.695058	102.365093
0.853105	-1.595429	104.214976
0.853711	-1.572952	106.015243
0.854316	-1.393741	107.335891
0.854922	-1.395563	108.847953
0.855527	-1.373693	110.274339
0.856133	-1.376123	111.348534
0.856738	-1.365188	112.360100
0.857344	-1.341496	113.176998
0.857949	-1.302616	114.015315
0.858555	-1.227287	114.638631
0.859160	-1.134947	115.162715
0.859766	-1.025598	115.567775
0.860371	-1.035926	115.851371
0.860977	-1.034103	115.734516
0.861582	-0.996439	115.796333
0.862187	-0.998868	115.714182
0.862793	-1.022561	115.129366
0.863398	-0.980644	114.833298
0.864004	-0.995224	114.313281
0.864609	-0.969101	113.533527
0.865215	-0.844565	112.765160
0.865820	-0.829985	111.816495
0.866426	-0.914427	110.629512
0.867031	-0.885267	109.383966
0.867637	-0.921109	108.008009
0.868242	-0.982466	106.492694
0.868848	-1.065693	104.918815
0.869453	-1.008588	102.965363
0.870059	-1.033496	101.297134
0.870664	-1.074805	99.381368
0.871270	-1.127050	97.035869
0.871875	-1.085133	94.961495
0.872480	-1.206024	92.696249
0.873086	-1.204202	90.257484
0.873691	-1.331776	87.650350
0.874297	-1.321449	85.058400
0.874902	-1.363973	82.346341
0.875508	-1.430798	79.516071
0.876113	-1.424115	76.599585
0.876719	-1.454490	73.660323
0.877324	-1.464818	70.558929
0.877930	-1.553512	67.156316
0.878535	-1.586924	64.109419
0.879141	-1.663469	60.724157
0.879746	-1.751555	57.155074
0.880352	-1.775855	53.781200
0.880957	-1.755200	50.278270
0.881563	-1.831745	46.703222
0.882168	-1.795903	43.135223
0.882773	-1.815950	39.392077
0.883379	-1.798940	35.663030
0.883984	-1.839035	31.845596
0.884590	-1.949599	28.086726
0.885195	-1.810482	24.277697
0.885801	-1.788613	20.369979
0.886406	-1.730901	16.347032
0.887012	-1.798333	12.588162
0.887617	-1.806230	8.588803
0.888223	-1.605757	4.520037
0.888828	-1.581457	0.695283
0.889434	-1.602112	-3.181256
0.890039	-1.557157	-7.125576
0.890645	-1.413180	-11.113005
0.891250	-1.368833	-15.003913
0.891855	-1.311121	-18.894280
0.892461	-1.172612	-22.766209
0.893066	-1.010411	-26.672030
0.893672	-0.954521	-30.489192
0.894277	-0.865219	-34.300932
0.894883	-0.781993	-38.200246
0.895488	-0.576052	-41.686636
0.896094	-0.532312	-45.335431
0.896699	-0.383476	-49.106231
0.897305	-0.234639	-52.531347
0.897910	-0.060895	-55.994964
0.898516	0.120746	-59.418725
0.899121	0.227665	-62.700416
0.899727	0.321827	-65.997833
0.900332	0.473701	-69.230451
0.900937	0.599452	-72.411284
0.901543	0.679642	-75.386605
0.902148	0.813291	-78.284384
0.902754	0.983997	-81.191111
0.903359	1.160778	-84.102989
0.903965	1.295642	-86.531451
0.904570	1.415926	-89.162173
0.905176	1.542893	-91.784218
0.905781	1.618222	-94.022894
0.906387	1.769489	-96.313896
0.906992	1.828416	-98.443309
0.907598	1.942017	-100.466711
0.908203	2.129126	-102.358347
0.908809	2.237868	-104.120114
0.909414	2.384274	-105.795393
0.910020	2.497876	-107.347581
0.910625	2.601150	-108.669856
0.911230	2.663114	-110.046626
0.911836	2.743304	-111.325521
0.912441	2.811343	-112.144317
0.913047	2.901860	-113.054753
0.913652	2.963217	-113.962749
0.914258	3.063454	-114.478970
0.914863	3.173411	-114.946660
0.915469	3.214720	-115.337622
0.916074	3.268180	-115.532560
0.916680	3.229908	-115.622845
0.917285	3.208645	-115.616609
0.917891	3.252993	-115.440920
0.918496	3.231123	-115.195010
0.919102	3.205000	-114.587149
0.919707	3.197711	-114.149283
0.920312	3.273647	-113.469302
0.920918	3.267573	-112.300485
0.921523	3.164298	-111.543234
0.922129	3.161868	-110.445721
0.922734	3.039154	-109.189601
0.923340	2.972330	-107.755895
0.923945	2.946207	-106.313512
0.924551	2.899430	-104.645825
0.925156	2.836251	-102.912797
0.925762	2.796763	-100.991066
0.926367	2.715967	-99.015110
0.926973	2.625450	-96.918775
0.927578	2.536148	-94.628586
0.928184	2.401891	-92.461759
0.928789	2.271280	-90.021366
0.929395	2.173473	-87.210618
0.930000	2.081741	-84.745825
0.930605	1.965710	-81.971407
0.931211	1.906783	-79.075255
0.931816	1.803508	-76.060350
0.932422	1.688692	-73.012367
0.933027	1.495508	-69.974146
0.933633	1.336952	-66.765115
0.934238	1.163816	-63.492371
0.934844	1.027129	-60.121479
0.935449	0.915350	-56.712359
0.936055	0.778663	-53.063565
0.936660	0.610387	-49.681015
0.937266	0.594592	-45.944376
0.937871	0.459728	-42.119622
0.938477	0.219160	-38.624285
0.939082	0.038126	-34.827185
0.939688	-0.152627	-31.032526
0.940293	-0.275949	-27.183642
0.940898	-0.355531	-23.297613
0.941504	-0.494040	-19.379864
0.942109	-0.615539	-15.413311
0.942715	-0.622221	-11.451368
0.943320	-0.746758	-7.608991
0.943926	-0.843350	-3.590112
0.944531	-1.015878	0.440155
0.945137	-1.107610	4.237796
0.945742	-1.196912	8.320661
0.946348	-1.361543	12.439043
0.946953	-1.411358	16.222315
0.947559	-1.384021	20.144945
0.948164	-1.408928	24.124783
0.948770	-1.515847	27.996983
0.949375	-1.551082	31.822822
0.949980	-1.609401	35.619379
0.950586	-1.690198	39.363609
0.951191	-1.786790	43.083438
0.951797	-1.803193	46.688310
0.952402	-1.844502	50.313788
0.953008	-1.877307	53.932216
0.953613	-1.818987	57.217703
0.954219	-1.757630	60.918825
0.954824	-1.891887	64.258537
0.955430	-1.870017	67.397617
0.956035	-1.935627	70.578450
0.956641	-1.945954	73.722140
0.957246	-1.928944	76.714541
0.957852	-1.941702	79.578701
0.958457	-1.828707	82.448283
0.959063	-1.842072	85.214838
0.959668	-1.792865	87.833088
0.960273	-1.699311	90.330688
0.960879	-1.671974	92.870040
0.961484	-1.721181	95.174599
0.962090	-1.626411	97.200984
0.962695	-1.577812	99.534282
0.963301	-1.624589	101.465502
0.963906	-1.475752	103.270920
0.964512	-1.507950	105.006389
0.965117	-1.356076	106.648590
0.965723	-1.382198	108.158483
0.966328	-1.340888	109.550978
0.966934	-1.300186	110.757483
0.967539	-1.346356	111.797517
0.968145	-1.329346	112.736692
0.968750	-1.286214	113.572569
0.969355	-1.233362	114.382960
0.969961	-1.150742	114.894030
0.970566	-1.221212	115.126926
0.971172	-1.147705	115.711200
0.971777	-1.110040	115.895022
0.972383	-1.123405	115.800128
0.972988	-1.139200	115.697643
0.973594	-1.095460	115.477219
0.974199	-1.092423	115.062398
0.974805	-1.127050	114.544551
0.975410	-1.072375	113.935063
0.976016	-1.107003	113.156935
0.976621	-1.061441	112.177904
0.977227	-1.091815	111.073072
0.977832	-1.102750	110.045781
0.978437	-1.202987	108.542666
0.979043	-1.120368	107.102182
0.979648	-1.156817	105.811629
0.980254	-1.246727	104.035763
0.980859	-1.134947	102.234140
0.981465	-1.190230	100.289906
0.982070	-1.190837	98.330489
0.982676	-1.198735	96.190774
0.983281	-1.281354	93.909532
0.983887	-1.280139	91.529329
0.984492	-1.334814	89.038508
0.985098	-1.380983	86.416191
0.985703	-1.358506	83.737481
0.986309	-1.398601	81.102963
0.986914	-1.442340	78.076129
0.987520	-1.363973	75.100808
0.988125	-1.431405	72.267556
0.988730	-1.511595	69.095399
0.989336	-1.518277	65.783342
0.989941	-1.612439	62.450950
0.990547	-1.637346	59.158684
0.991152	-1.589962	55.680698
0.991758	-1.568699	52.177769
0.992363	-1.640991	48.607872
0.992969	-1.568092	45.043398
0.993574	-1.534072	41.321671
0.994180	-1.536502	37.524029
0.994785	-1.472715	33.927562
0.995391	-1.642206	30.019844
0.995996	-1.577812	26.069830
0.996602	-1.467248	22.472821
0.997207	-1.490332	18.553986
0.997812	-1.343926	14.624849
0.998418	-1.246119	10.721469
0.999023	-1.281354	6.737294
0.999629	-1.110648	2.844487
1.000234	-1.085133	-1.113660
1.000840	-1.093638	-5.051202
1.001445	-1.048076	-9.026701
1.002051	-0.896202	-12.990542
1.002656	-0.867649	-16.913444
1.003262	-0.772880	-20.632459
1.003867	-0.740075	-24.738098
1.004473	-0.533527	-28.619517
1.005078	-0.472170	-32.162844
1.005684	-0.433898	-36.025285
1.006289	-0.391980	-39.816690
1.006895	-0.302071	-43.494224
1.007500	-0.193329	-47.079846
1.008105	-0.056643	-50.675229
1.008711	0.024761	-54.236992
1.009316	0.199720	-57.631200
1.009922	0.356454	-61.023782
1.010527	0.395334	-64.399283
1.011133	0.558750	-67.659284
1.011738	0.603705	-70.721365
1.012344	0.682679	-74.027187
1.012949	0.807216	-77.009557
1.013555	0.905630	-79.739239
1.014160	1.116431	-82.528297
1.014766	1.219705	-85.324676
1.015371	1.339989	-87.922049
1.015977	1.462096	-90.433747
1.016582	1.550183	-92.890135
1.017187	1.625512	-95.180053
1.017793	1.720281	-97.389990
1.018398	1.774956	-99.477920
1.019004	1.868510	-101.524910
1.019609	2.033749	-103.360966
1.020215	2.126088	-104.928337
1.020820	2.231793	-106.647538
1.021426	2.340534	-108.199726
1.022031	2.390349	-109.340618
1.022637	2.496053	-110.589417
1.023242	2.552550	-111.720820
1.023848	2.620590	-112.719101
1.024453	2.631525	-113.529763
1.025059	2.705639	-114.244448
1.025664	2.790689	-114.828179
1.026270	2.872093	-115.267943
1.026875	2.927983	-115.501652
1.027480	2.937095	-115.758407
1.028086	3.034902	-115.808023
1.028691	2.949852	-115.517377
1.029297	2.908543	-115.461255
1.029902	2.943170	-115.096050
1.030508	3.019107	-114.444266
1.031113	3.069529	-113.762659
1.031719	3.064669	-112.952268
1.032324	3.127849	-112.016888
1.032930	3.074996	-110.976854
1.033535	3.082894	-109.777942
1.034141	3.045837	-108.491998
1.034746	2.962002	-107.058562
1.035352	2.949245	-105.378404
1.035957	2.886065	-103.842212
1.036563	2.838073	-102.003445
1.037168	2.808913	-99.886233
1.037773	2.799193	-98.039604
1.038379	2.746341	-95.866812
1.038984	2.630310	-93.418557
1.039590	2.497876	-91.080921
1.040195	2.442594	-88.597691
1.040801	2.299225	-85.985677
1.041406	2.201418	-83.309678
1.042012	2.098144	-80.505166
1.042617	2.048937	-77.565091
1.043223	1.969962	-74.599802
1.043828	1.855145	-71.481056
1.044434	1.732431	-68.525527
1.045039	1.627335	-65.106104
1.045645	1.558688	-61.626492
1.046250	1.334522	-58.563327
1.046855	1.200873	-54.947338
1.047461	1.073299	-51.350871
1.048066	0.983997	-47.756302
1.048672	0.891658	-44.122148
1.049277	0.789598	-40.392288
1.049883	0.671137	-36.643720
1.050488	0.501038	-32.862345
1.051094	0.343089	-29.059281
1.051699	0.198505	-25.213108
1.052305	0.017472	-21.301594
1.052910	-0.073045	-17.511815
1.053516	-0.241322	-13.470162
1.054121	-0.353101	-9.418747
1.054727	-0.439973	-5.673433
1.055332	-0.572407	-1.537157
1.055937	-0.716991	2.468709
1.056543	-0.855500	6.350670
1.057148	-0.995831	10.307733
1.057754	-1.097283	14.287841
1.058359	-1.212707	18.181190
1.058965	-1.228502	22.071014
1.059570	-1.346356	25.936166
1.060176	-1.388881	29.815416
1.060781	-1.513417	33.629596
1.061387	-1.549259	37.264292
1.061992	-1.699311	41.145440
1.062598	-1.880952	44.834903
1.063203	-1.775248	48.320480
1.063809	-1.828100	51.967376
1.064414	-1.868195	55.551643
1.065020	-1.837820	59.079516
1.065625	-1.908897	62.394013
1.066230	-1.963571	65.698208
1.066836	-1.971469	68.890429
1.067441	-2.026143	72.002125
1.068047	-2.020676	75.097555
1.068652	-1.990909	78.159093
1.069258	-2.032826	80.923479
1.069863	-1.909504	83.622795
1.070469	-1.959319	86.534130
1.071074	-1.918617	89.077279
1.071680	-1.912542	91.398105
1.072285	-1.809268	93.877810
1.072891	-1.869410	96.229545
1.073496	-1.875485	98.318288
1.074102	-1.775248	100.381275
1.074707	-1.735153	102.286738
1.075312	-1.726648	104.106255
1.075918	-1.644029	105.741950
1.076523	-1.582672	107.317183
1.077129	-1.556549	108.815960
1.077734	-1.529820	110.020837
1.078340	-1.549259	111.109402
1.078945	-1.546829	112.295301
1.079551	-1.407105	113.157206
1.080156	-1.308691	113.884904
1.080762	-1.327524	114.615585
1.081367	-1.194482	115.127739
1.081973	-1.159247	115.463392
1.082578	-1.124013	115.717435
1.083184	-1.107003	115.826427
1.083789	-1.028028	115.773558
1.084395	-1.017701	115.553676
1.085000	-0.995224	115.255439
1.085605	-0.956344	114.901350
1.086211	-0.921109	114.262581
1.086816	-0.886482	113.442158
1.087422	-0.901062	112.838093
1.088027	-0.879192	111.791010
1.088633	-0.864004	110.538956
1.089238	-0.817227	109.394540
1.089844	-0.838490	108.110223
1.090449	-0.814797	106.617140
1.091055	-0.858537	104.980090
1.091660	-0.915642	103.200970
1.092266	-0.846387	101.396365
1.092871	-0.963634	99.400346
1.093477	-0.908959	97.322177
1.094082	-0.971531	95.161043
1.094688	-1.011626	92.757524
1.095293	-1.067515	90.200277
1.095898	-1.111863	87.932862
1.096504	-1.059011	85.212941
1.097109	-1.132518	82.425780
1.097715	-1.104573	79.684169
1.098320	-1.133732	76.795608
1.098926	-1.185977	73.765520
1.099531	-1.181117	70.687714
1.100137	-1.207847	67.517996
1.100742	-1.261914	64.176115
1.101348	-1.273456	60.842368
1.101953	-1.337851	57.375769
1.102559	-1.334206	54.048257
1.103164	-1.321449	50.419798
1.103770	-1.331169	46.805165
1.104375	-1.320234	43.400383
1.104980	-1.416825	39.580509
1.105586	-1.334814	35.819198
1.106191	-1.388273	32.083644
1.106797	-1.471500	28.231235
1.107402	-1.444770	24.396449
1.108008	-1.397993	20.502558
1.108613	-1.377946	16.650150
1.109219	-1.411965	12.726164
1.109824	-1.333599	8.748767
1.110430	-1.257054	4.804718
1.111035	-1.197520	0.961527
1.111641	-1.247942	-3.175562
1.112246	-1.288644	-7.125847
1.112852	-1.167145	-10.834289
1.113457	-1.092423	-14.915798
1.114062	-1.042608	-18.817280
1.114668	-0.964849	-22.655048
1.115273	-0.787460	-26.490376
1.115879	-0.691476	-30.320824
1.116484	-0.659278	-34.109790
1.117090	-0.556004	-37.868118
1.117695	-0.447263	-41.601503
1.118301	-0.339128	-45.255178
1.118906	-0.240714	-48.831582
1.119512	-0.156880	-52.346983
1.120117	0.027191	-56.019636
1.120723	0.135326	-59.298074
1.121328	0.281125	-62.512256
1.121934	0.471878	-65.949573
1.122539	0.512580	-69.170261
1.123145	0.648052	-72.241018
1.123750	0.754364	-75.260532
1.124355	0.895303	-78.250765
1.124961	1.064794	-81.123872
1.125566	1.208770	-83.851114
1.126172	1.304147	-86.516810
1.126777	1.448731	-89.185489
1.127383	1.622475	-91.624797
1.127988	1.682009	-93.930440
1.128594	1.758554	-96.430480
1.129199	1.947485	-98.402640
1.129805	2.065946	-100.282617
1.130410	2.192913	-102.291108
1.131016	2.314412	-104.035795
1.131621	2.450491	-105.710531
1.132227	2.650357	-107.255670
1.132832	2.669189	-108.672025
1.133438	2.766389	-109.950919
1.134043	2.874523	-111.136005
1.134648	2.931020	-112.220232
1.135254	3.027004	-113.187875
1.135859	3.068921	-113.813360
1.136465	3.193458	-114.429355
1.137070	3.282760	-115.177116
1.137676	3.314957	-115.267672
1.138281	3.403651	-115.436311
1.138887	3.372669	-115.680594
1.139492	3.418231	-115.637486
1.140098	3.359912	-115.419230
1.140703	3.413371	-115.072733
1.141309	3.447999	-114.702106
1.141914	3.386034	-114.083942
1.142520	3.459541	-113.294698
1.143125	3.387857	-112.440656
1.143730	3.373277	-111.510156
1.144336	3.346547	-110.373873
1.144941	3.287012	-109.167369
1.145547	3.153363	-107.921010
1.146152	3.103549	-106.202080
1.146758	3.068921	-104.582382
1.147363	2.959572	-102.950754
1.147969	2.918263	-100.962056
1.148574	2.928590	-98.984473
1.149180	2.811343	-96.904134
1.149785	2.692882	-94.685522
1.150391	2.548298	-92.363883
1.150996	2.409181	-89.916441
1.151602	2.309552	-87.444328
1.152207	2.180156	-84.846412
1.152813	2.094499	-81.878412
1.153418	1.955990	-79.181536
1.154023	1.938980	-76.366992
1.154629	1.779816	-73.009656
1.155234	1.589670	-69.950016
1.155840	1.468171	-66.794939
1.156445	1.307792	-63.587536
1.157051	1.228818	-60.138289
1.157656	1.031382	-56.749232
1.158262	0.929930	-53.241694
1.158867	0.836375	-49.685082
1.159473	0.668707	-46.015682
1.160078	0.566647	-42.339233
1.160684	0.402624	-38.703724
1.161289	0.307247	-34.841826
1.161895	0.126213	-31.158057
1.162500	-0.036596	-27.303750
1.163105	-0.203657	-23.199737
1.163711	-0.266836	-19.420261
1.164316	-0.429645	-15.564328
1.164922	-0.477030	-11.468720
1.165527	-0.596706	-7.515724
1.166133	-0.655026	-3.612344
1.166738	-0.768628	0.297543
1.167344	-0.938119	4.396404
1.167949	-1.073590	8.340724
1.168555	-1.102750	12.166292
1.169160	-1.169575	16.089193
1.169766	-1.302009	20.232518
1.170371	-1.302616	23.897580
1.170977	-1.277101	27.790115
1.171582	-1.390703	31.827431
1.172187	-1.434443	35.567052
1.172793	-1.539539	39.314536
1.173398	-1.546829	43.021080
1.174004	-1.508557	46.679905
1.174609	-1.637954	50.254954
1.175215	-1.618514	53.922185
1.175820	-1.552904	57.368178
1.176426	-1.543792	60.756421
1.177031	-1.598467	64.138158
1.177637	-1.590569	67.441810
1.178242	-1.600897	70.599869
1.178848	-1.665291	73.450202
1.179453	-1.672581	76.644591
1.180059	-1.741836	79.793703
1.180664	-1.597252	82.482716
1.181270	-1.498837	85.103406
1.181875	-1.495192	87.884060
1.182480	-1.533465	90.517764
1.183086	-1.435050	92.810935
1.183691	-1.387666	95.087839
1.184297	-1.455098	97.386433
1.184902	-1.437480	99.488733
1.185508	-1.319019	101.245891
1.186113	-1.288644	103.192837
1.186719	-1.284999	105.027265
1.187324	-1.159855	106.554239
1.187930	-1.151957	108.080670
1.188535	-1.078450	109.504074
1.189141	-1.126443	110.765345
1.189746	-1.134947	111.892139
1.190352	-1.071160	112.805015
1.190957	-1.120975	113.505330
1.191563	-1.051721	114.310299
1.192168	-1.052328	114.953677
1.192773	-0.955736	115.362804
1.193379	-0.894379	115.562081
1.193984	-0.939941	115.736143
1.194590	-1.020738	115.893937
1.195195	-0.989756	115.770305
1.195801	-0.901062	115.254355
1.196406	-1.015271	115.096018
1.197012	-0.994616	114.744369
1.197617	-0.959381	114.003115
1.198223	-0.911997	113.094305
1.198828	-0.926577	112.271442
1.199434	-1.011626	111.345010
1.200039	-1.010411	110.120882
1.200645	-0.974569	108.681753
1.201250	-1.029851	107.310134
1.201855	-1.203594	105.808917
1.202461	-1.093030	104.030611
1.203066	-1.087563	102.324696
1.203672	-1.063871	100.351180
1.204277	-1.046253	98.328591
1.204883	-1.229109	96.351551
1.205488	-1.201772	93.997105
1.206094	-1.246119	91.556713
1.206699	-1.332384	89.217179
1.207305	-1.313551	86.623873
1.207910	-1.345141	83.800653
1.208516	-1.452668	81.019728
1.209121	-1.472715	78.284895
1.209727	-1.452668	75.375457
1.210332	-1.365188	72.231497
1.210937	-1.328131	69.033583
1.211543	-1.467855	66.028167
1.212148	-1.535287	62.646973
1.212754	-1.474537	59.062164
1.213359	-1.462388	55.870757
1.213965	-1.609401	52.384908
1.214570	-1.550474	48.887130
1.215176	-1.485472	45.166217
1.215781	-1.464210	41.490039
1.216387	-1.481220	37.887336
1.216992	-1.505520	34.189468
1.217598	-1.358506	30.302627
1.218203	-1.350001	26.443440
1.218809	-1.401031	22.576661
1.219414	-1.371871	18.705545
1.220020	-1.268596	14.878080
1.220625	-1.023168	10.763222
1.221230	-1.103358	6.855775
1.221836	-1.062656	3.154112
1.222441	-0.987326	-0.928753
1.223047	-0.919894	-4.985048
1.223652	-0.894987	-8.852639
1.224258	-0.782600	-12.677936
1.224863	-0.646521	-16.650995
1.225469	-0.501330	-20.599111
1.226074	-0.468525	-24.409224
1.226680	-0.360998	-28.193038
1.227285	-0.207909	-32.109161
1.227891	-0.046923	-35.958046
1.228496	-0.037203	-39.447690
1.229102	-0.012903	-43.271088
1.229707	0.166915	-46.964076
1.230312	0.284162	-50.433928
1.230918	0.349164	-53.883446
1.231523	0.411129	-57.365769
1.232129	0.653519	-60.782210
1.232734	0.812683	-64.130598
1.233340	0.834553	-67.365385
1.233945	0.880723	-70.524529
1.234551	1.061149	-73.615077
1.235156	1.149236	-76.670922
1.235762	1.245220	-79.689623
1.236367	1.365504	-82.418763
1.236973	1.490648	-85.061685
1.237578	1.706309	-87.905510
1.238184	1.774349	-90.419920
1.238789	1.788321	-92.608437
1.239395	1.897670	-95.014667
